
Tempo:300018.03466666664
Destinazione	 NEXTHOP	 Costo
=========================

Tempo:300018.03466666664
Destinazione	 NEXTHOP	 Costo
1008	1009	1.3830123783884272
1007	1009	1.7309899638781538
1006	1009	2.5560067063015453
1005	1009	2.8667731710930546
1004	1009	3.6934708451473224
1003	1009	4.054744563547027
1002	1009	4.416018281946731
1001	1009	4.772438394515203
1000	1009	5.12041598000493
1009	1009	1.0
=========================

Tempo:305018.03466666664
Destinazione	 NEXTHOP	 Costo
1008	1008	1.2825969756739009
1007	1008	1.7074790209448545
1006	1008	2.235106691106342
1005	1009	2.8667731710930546
1004	1009	3.6934708451473224
1003	1008	3.976067820821223
1002	1008	4.32404540631095
1001	1008	4.672022991800676
1000	1008	5.0200005772904035
1009	1009	1.0
=========================

Tempo:305018.03466666664
Destinazione	 NEXTHOP	 Costo
1008	1008	1.2825969756739009
1007	1008	1.7074790209448545
1006	1008	2.235106691106342
1005	1009	2.8667731710930546
1004	1009	3.5731036640574843
1003	1009	3.934377382457188
1002	1009	4.295651100856893
1001	1009	4.652071213425365
1000	1009	5.000048798915092
1009	1009	0.8796328189101617
=========================

Tempo:310018.03466666664
Destinazione	 NEXTHOP	 Costo
1008	1008	1.1985807641241477
1007	1008	1.7074790209448545
1006	1008	2.235106691106342
1005	1009	2.8667731710930546
1004	1009	3.5731036640574843
1003	1008	3.89205160927147
1002	1008	4.240029194761197
1001	1008	4.5880067802509235
1000	1008	4.93598436574065
1009	1009	0.8796328189101617
=========================

Tempo:310018.03466666664
Destinazione	 NEXTHOP	 Costo
1008	1008	1.1985807641241477
1007	1008	1.7074790209448545
1006	1008	2.235106691106342
1005	1009	2.718253280195104
1004	1009	3.493703886843909
1003	1009	3.8549776052436133
1002	1009	4.216251323643317
1001	1009	4.572671436211789
1000	1009	4.920649021701516
1009	1009	0.8002330416965865
=========================

Tempo:315018.03466666664
Destinazione	 NEXTHOP	 Costo
1008	1008	1.0582094744126986
1007	1008	1.7074790209448545
1006	1008	2.235106691106342
1005	1009	2.718253280195104
1004	1009	3.493703886843909
1003	1008	3.751680319560021
1002	1008	4.099657905049748
1001	1008	4.447635490539474
1000	1008	4.795613076029201
1009	1009	0.8002330416965865
=========================

Tempo:315018.03466666664
Destinazione	 NEXTHOP	 Costo
1008	1008	1.0582094744126986
1007	1008	1.7074790209448545
1006	1009	2.166189520993192
1005	1009	2.6934708451473224
1004	1009	3.2973419932289225
1003	1009	3.658615711628627
1002	1009	4.019889430028331
1001	1009	4.376309542596803
1000	1009	4.72428712808653
1009	1009	0.6038711480816
=========================

Tempo:320018.03466666664
Destinazione	 NEXTHOP	 Costo
1008	1008	0.9633763372721189
1007	1008	1.7074790209448545
1006	1009	2.166189520993192
1005	1009	2.6934708451473224
1004	1009	3.2973419932289225
1003	1008	3.6568471824194413
1002	1008	4.004824767909168
1001	1008	4.352802353398895
1000	1008	4.700779938888621
1009	1009	0.6038711480816
=========================

Tempo:320018.03466666664
Destinazione	 NEXTHOP	 Costo
1008	1008	0.9633763372721189
1007	1008	1.7074790209448545
1006	1009	1.8667731710930544
1005	1009	2.6934708451473224
1004	1009	3.1426832476216977
1003	1009	3.503956966021402
1002	1009	3.8652306844211064
1001	1009	4.221650796989579
1000	1009	4.569628382479305
1009	1009	0.4492124024743753
=========================

Tempo:325018.03466666664
Destinazione	 NEXTHOP	 Costo
1008	1008	1.081860867232073
1007	1008	1.7074790209448545
1006	1009	1.8667731710930544
1005	1009	2.6934708451473224
1004	1009	3.1426832476216977
1003	1009	3.503956966021402
1002	1009	3.8652306844211064
1001	1009	4.221650796989579
1000	1009	4.569628382479305
1009	1009	0.4492124024743753
=========================

Tempo:325018.03466666664
Destinazione	 NEXTHOP	 Costo
1008	1009	0.7974911017521089
1007	1008	1.7074790209448545
1006	1009	1.8667731710930544
1005	1009	2.6934708451473224
1004	1009	3.0547445635470267
1003	1009	3.416018281946731
1002	1009	3.7772920003464354
1001	1009	4.133712112914907
1000	1009	4.481689698404634
1009	1009	0.36127371839970424
=========================

Tempo:330018.03466666664
Destinazione	 NEXTHOP	 Costo
1008	1009	0.7974911017521089
1007	1008	1.7074790209448545
1006	1009	1.8667731710930544
1005	1009	2.6934708451473224
1004	1009	3.0547445635470267
1003	1009	3.416018281946731
1002	1009	3.7772920003464354
1001	1009	4.133712112914907
1000	1009	4.481689698404634
1009	1009	0.36127371839970424
=========================

Tempo:330018.03466666664
Destinazione	 NEXTHOP	 Costo
1008	1008	1.288027101658079
1007	1008	1.7074790209448545
1006	1009	1.8667731710930544
1005	1009	2.6934708451473224
1004	1009	3.0547445635470267
1003	1009	3.416018281946731
1002	1009	3.7772920003464354
1001	1009	4.133712112914907
1000	1009	4.481689698404634
1009	1009	0.36127371839970424
=========================

Tempo:330018.03466666664
Destinazione	 NEXTHOP	 Costo
1008	1009	0.7309899638781537
1007	1009	1.556006706301545
1006	1009	1.8667731710930544
1005	1009	2.6934708451473224
1004	1009	3.0547445635470267
1003	1009	3.416018281946731
1002	1009	3.772438394515203
1001	1009	4.12041598000493
1000	1009	4.468393565494656
1009	1009	0.3830123783884272
=========================

Tempo:330018.03466666664
Destinazione	 NEXTHOP	 Costo
1008	1009	0.7309899638781537
1007	1009	1.556006706301545
1006	1009	1.8667731710930544
1005	1009	2.6934708451473224
1004	1009	3.0547445635470267
1003	1009	3.416018281946731
1002	1009	3.772438394515203
1001	1009	4.12041598000493
1000	1009	4.468393565494656
1011	1011	1.556087338635723
1009	1009	0.3830123783884272
=========================

Tempo:335018.03466666664
Destinazione	 NEXTHOP	 Costo
1008	1009	0.7309899638781537
1007	1009	1.556006706301545
1006	1006	2.0822093316722596
1005	1009	2.6934708451473224
1004	1009	3.0547445635470267
1003	1009	3.416018281946731
1002	1009	3.772438394515203
1001	1009	4.12041598000493
1000	1009	4.468393565494656
1011	1011	1.556087338635723
1009	1009	0.3830123783884272
=========================

Tempo:335018.03466666664
Destinazione	 NEXTHOP	 Costo
1008	1009	0.7309899638781537
1007	1009	1.556006706301545
1006	1006	2.0822093316722596
1005	1009	2.6934708451473224
1004	1009	3.0547445635470267
1003	1009	3.416018281946731
1002	1009	3.772438394515203
1001	1009	4.12041598000493
1000	1009	4.468393565494656
1011	1011	1.556087338635723
1009	1009	0.3830123783884272
=========================

Tempo:335018.03466666664
Destinazione	 NEXTHOP	 Costo
1008	1008	1.3713522949670665
1007	1009	1.556006706301545
1006	1006	2.0822093316722596
1005	1009	2.6934708451473224
1004	1009	3.0547445635470267
1003	1009	3.416018281946731
1002	1009	3.772438394515203
1001	1009	4.12041598000493
1000	1009	4.468393565494656
1011	1011	1.556087338635723
1009	1009	0.3830123783884272
=========================

Tempo:335018.03466666664
Destinazione	 NEXTHOP	 Costo
1008	1009	0.9475819423083578
1007	1009	1.4752096124698455
1006	1006	2.0822093316722596
1005	1009	2.6934708451473224
1004	1009	3.0547445635470267
1003	1009	3.416018281946731
1002	1009	3.772438394515203
1001	1009	4.12041598000493
1000	1009	4.468393565494656
1011	1011	1.556087338635723
1009	1009	0.5226998970374043
=========================

Tempo:335018.03466666664
Destinazione	 NEXTHOP	 Costo
1008	1009	0.9475819423083578
1007	1009	1.4752096124698455
1006	1006	2.0822093316722596
1005	1009	2.6934708451473224
1004	1009	3.0547445635470267
1003	1009	3.416018281946731
1002	1009	3.772438394515203
1001	1009	4.12041598000493
1000	1009	4.468393565494656
1011	1011	1.5317054436816724
1009	1009	0.5226998970374043
=========================

Tempo:340018.03466666664
Destinazione	 NEXTHOP	 Costo
1008	1009	0.9475819423083578
1007	1009	1.4752096124698455
1006	1006	1.9180202384985172
1005	1009	2.6934708451473224
1004	1009	3.0547445635470267
1003	1009	3.416018281946731
1002	1009	3.772438394515203
1001	1009	4.12041598000493
1000	1009	4.468393565494656
1011	1011	1.5317054436816724
1009	1009	0.5226998970374043
=========================

Tempo:340018.03466666664
Destinazione	 NEXTHOP	 Costo
1008	1009	0.9475819423083578
1007	1007	1.8373882009739497
1006	1006	1.9180202384985172
1005	1009	2.6934708451473224
1004	1009	3.0547445635470267
1003	1009	3.416018281946731
1002	1009	3.772438394515203
1001	1009	4.12041598000493
1000	1009	4.468393565494656
1011	1011	1.5317054436816724
1009	1009	0.5226998970374043
=========================

Tempo:340018.03466666664
Destinazione	 NEXTHOP	 Costo
1008	1008	1.4253612873132613
1007	1008	1.8262531558556856
1006	1006	1.9180202384985172
1005	1009	2.6934708451473224
1004	1009	3.0547445635470267
1003	1009	3.416018281946731
1002	1009	3.772438394515203
1001	1009	4.12041598000493
1000	1009	4.468393565494656
1011	1011	1.5317054436816724
1009	1009	0.5226998970374043
=========================

Tempo:340018.03466666664
Destinazione	 NEXTHOP	 Costo
1008	1008	1.4253612873132613
1007	1008	1.8262531558556856
1006	1006	1.9180202384985172
1005	1009	2.6934708451473224
1004	1009	3.0547445635470267
1003	1009	3.416018281946731
1002	1009	3.772438394515203
1001	1009	4.12041598000493
1000	1009	4.468393565494656
1011	1011	1.5317054436816724
1009	1009	0.7824262397962366
=========================

Tempo:340018.03466666664
Destinazione	 NEXTHOP	 Costo
1008	1008	1.4253612873132613
1007	1008	1.8262531558556856
1006	1006	1.9180202384985172
1005	1009	2.6934708451473224
1004	1009	3.0547445635470267
1003	1009	3.416018281946731
1002	1009	3.772438394515203
1001	1009	4.12041598000493
1000	1009	4.468393565494656
1011	1011	1.2960702601691556
1009	1009	0.7824262397962366
=========================

Tempo:345018.03466666664
Destinazione	 NEXTHOP	 Costo
1008	1008	1.4253612873132613
1007	1008	1.8262531558556856
1006	1006	2.0895996970657222
1005	1009	2.6934708451473224
1004	1009	3.0547445635470267
1003	1009	3.416018281946731
1002	1009	3.772438394515203
1001	1009	4.12041598000493
1000	1009	4.468393565494656
1011	1011	1.2960702601691556
1009	1009	0.7824262397962366
=========================

Tempo:345018.03466666664
Destinazione	 NEXTHOP	 Costo
1008	1008	1.4253612873132613
1007	1007	1.5623183729115917
1006	1006	2.0895996970657222
1005	1009	2.6934708451473224
1004	1009	3.0547445635470267
1003	1009	3.416018281946731
1002	1009	3.772438394515203
1001	1009	4.12041598000493
1000	1009	4.468393565494656
1011	1011	1.2960702601691556
1009	1009	0.7824262397962366
=========================

Tempo:345018.03466666664
Destinazione	 NEXTHOP	 Costo
1008	1008	1.6814358422243425
1007	1007	1.5623183729115917
1006	1006	2.0895996970657222
1005	1009	2.6934708451473224
1004	1009	3.0547445635470267
1003	1009	3.416018281946731
1002	1009	3.772438394515203
1001	1009	4.12041598000493
1000	1009	4.468393565494656
1011	1011	1.2960702601691556
1009	1009	0.7824262397962366
=========================

Tempo:345018.03466666664
Destinazione	 NEXTHOP	 Costo
1008	1008	1.6814358422243425
1007	1007	1.5623183729115917
1006	1006	2.0895996970657222
1005	1009	2.6934708451473224
1004	1009	3.0547445635470267
1003	1009	3.416018281946731
1002	1009	3.772438394515203
1001	1009	4.12041598000493
1000	1009	4.468393565494656
1011	1011	1.2960702601691556
1009	1009	0.8148812149100593
=========================

Tempo:345018.03466666664
Destinazione	 NEXTHOP	 Costo
1008	1008	1.6814358422243425
1007	1007	1.5623183729115917
1006	1006	2.0895996970657222
1005	1009	2.6934708451473224
1004	1009	3.0547445635470267
1003	1009	3.416018281946731
1002	1009	3.772438394515203
1001	1009	4.12041598000493
1000	1009	4.468393565494656
1011	1011	0.847903482325085
1009	1009	0.8148812149100593
=========================

Tempo:350018.03466666664
Destinazione	 NEXTHOP	 Costo
1008	1008	1.6814358422243425
1007	1007	1.5623183729115917
1005	1009	2.6934708451473224
1004	1009	3.0547445635470267
1003	1009	3.416018281946731
1002	1009	3.772438394515203
1001	1009	4.12041598000493
1000	1009	4.468393565494656
1011	1011	0.847903482325085
1009	1009	0.8148812149100593
=========================

Tempo:350018.03466666664
Destinazione	 NEXTHOP	 Costo
1008	1008	1.6814358422243425
1007	1007	1.417560768618679
1006	1007	3.0600607702078335
1005	1009	2.6934708451473224
1004	1009	3.0547445635470267
1003	1009	3.416018281946731
1002	1009	3.772438394515203
1001	1009	4.12041598000493
1000	1009	4.468393565494656
1011	1011	0.847903482325085
1009	1009	0.8148812149100593
=========================

Tempo:350018.03466666664
Destinazione	 NEXTHOP	 Costo
1008	1008	1.927195395331645
1007	1007	1.417560768618679
1006	1007	3.0600607702078335
1005	1009	2.6934708451473224
1004	1009	3.0547445635470267
1003	1009	3.416018281946731
1002	1009	3.772438394515203
1001	1009	4.12041598000493
1000	1009	4.468393565494656
1011	1011	0.847903482325085
1009	1009	0.8148812149100593
=========================

Tempo:350018.03466666664
Destinazione	 NEXTHOP	 Costo
1008	1008	1.927195395331645
1007	1007	1.417560768618679
1006	1007	3.0600607702078335
1005	1009	2.6934708451473224
1004	1009	3.0547445635470267
1003	1009	3.416018281946731
1002	1009	3.772438394515203
1001	1009	4.12041598000493
1000	1009	4.468393565494656
1011	1011	0.847903482325085
1009	1009	0.6768971255781955
=========================

Tempo:350018.03466666664
Destinazione	 NEXTHOP	 Costo
1008	1008	1.927195395331645
1007	1007	1.417560768618679
1006	1007	3.0600607702078335
1005	1009	2.6934708451473224
1004	1009	3.0547445635470267
1003	1009	3.416018281946731
1002	1009	3.772438394515203
1001	1009	4.12041598000493
1000	1009	4.468393565494656
1011	1011	0.5402561086415951
1009	1009	0.6768971255781955
=========================

Tempo:355018.03466666664
Destinazione	 NEXTHOP	 Costo
1008	1008	1.927195395331645
1007	1007	1.5234330629436263
1006	1007	3.0600607702078335
1005	1009	2.6934708451473224
1004	1009	3.0547445635470267
1003	1009	3.416018281946731
1002	1009	3.772438394515203
1001	1009	4.12041598000493
1000	1009	4.468393565494656
1011	1011	0.5402561086415951
1009	1009	0.6768971255781955
=========================

Tempo:355018.03466666664
Destinazione	 NEXTHOP	 Costo
1008	1008	1.8426600574799419
1007	1007	1.5234330629436263
1006	1007	3.0600607702078335
1005	1009	2.6934708451473224
1004	1009	3.0547445635470267
1003	1009	3.416018281946731
1002	1009	3.772438394515203
1001	1009	4.12041598000493
1000	1009	4.468393565494656
1011	1011	0.5402561086415951
1009	1009	0.6768971255781955
=========================

Tempo:355018.03466666664
Destinazione	 NEXTHOP	 Costo
1008	1009	1.674374071875544
1007	1007	1.5234330629436263
1006	1009	3.028070062285659
1005	1009	2.6934708451473224
1004	1009	3.0547445635470267
1003	1009	3.416018281946731
1002	1009	3.772438394515203
1001	1009	4.12041598000493
1000	1009	4.468393565494656
1011	1011	0.5402561086415951
1009	1009	0.4362173833524047
=========================

Tempo:355018.03466666664
Destinazione	 NEXTHOP	 Costo
1008	1009	1.674374071875544
1007	1007	1.5234330629436263
1006	1009	3.028070062285659
1005	1009	2.6934708451473224
1004	1009	3.0547445635470267
1003	1009	3.416018281946731
1002	1009	3.772438394515203
1001	1009	4.12041598000493
1000	1009	4.468393565494656
1011	1011	0.3834971632860247
1009	1009	0.4362173833524047
=========================

Tempo:360018.03466666664
Destinazione	 NEXTHOP	 Costo
1008	1009	1.674374071875544
1007	1007	2.029779150696812
1006	1009	3.028070062285659
1005	1009	2.6934708451473224
1004	1009	3.0547445635470267
1003	1009	3.416018281946731
1002	1009	3.772438394515203
1001	1009	4.12041598000493
1000	1009	4.468393565494656
1011	1011	0.3834971632860247
1009	1009	0.4362173833524047
=========================

Tempo:360018.03466666664
Destinazione	 NEXTHOP	 Costo
1008	1008	1.736845926500608
1007	1007	2.029779150696812
1006	1009	3.028070062285659
1005	1009	2.6934708451473224
1004	1009	3.0547445635470267
1003	1009	3.416018281946731
1002	1009	3.772438394515203
1001	1009	4.12041598000493
1000	1009	4.468393565494656
1011	1011	0.3834971632860247
1009	1009	0.4362173833524047
=========================

Tempo:360018.03466666664
Destinazione	 NEXTHOP	 Costo
1008	1009	1.1729943279131179
1007	1007	2.029779150696812
1006	1009	2.939830264422981
1005	1009	2.6934708451473224
1004	1009	3.041448430637049
1003	1009	3.3894260161267757
1002	1009	3.7374036016165024
1001	1009	4.085381187106229
1000	1009	4.433358772595955
1011	1011	0.3834971632860247
1009	1009	0.3479775854897265
=========================

Tempo:360018.03466666664
Destinazione	 NEXTHOP	 Costo
1008	1009	1.1729943279131179
1007	1007	2.029779150696812
1006	1009	2.939830264422981
1005	1009	2.6934708451473224
1004	1009	3.041448430637049
1003	1009	3.3894260161267757
1002	1009	3.7374036016165024
1001	1009	4.085381187106229
1000	1009	4.433358772595955
1011	1011	0.38409770580337144
1009	1009	0.3479775854897265
=========================

Tempo:360018.03466666664
Destinazione	 NEXTHOP	 Costo
1008	1009	1.1729943279131179
1007	1007	2.029779150696812
1006	1009	2.939830264422981
1005	1009	2.6934708451473224
1004	1009	3.041448430637049
1003	1009	3.3894260161267757
1002	1009	3.7374036016165024
1001	1009	4.085381187106229
1000	1009	4.433358772595955
1011	1011	0.38409770580337144
1009	1009	0.3479775854897265
=========================

Tempo:365018.03466666664
Destinazione	 NEXTHOP	 Costo
1008	1009	1.1729943279131179
1006	1009	2.939830264422981
1005	1009	2.6934708451473224
1004	1009	3.041448430637049
1003	1009	3.3894260161267757
1002	1009	3.7374036016165024
1001	1009	4.085381187106229
1000	1009	4.433358772595955
1011	1011	0.38409770580337144
1009	1009	0.3479775854897265
=========================

Tempo:365018.03466666664
Destinazione	 NEXTHOP	 Costo
1008	1008	1.669659117834646
1007	1008	3.3090020813354593
1006	1009	2.939830264422981
1005	1009	2.6934708451473224
1004	1009	3.041448430637049
1003	1009	3.3894260161267757
1002	1009	3.7374036016165024
1001	1009	4.085381187106229
1000	1009	4.433358772595955
1011	1011	0.38409770580337144
1009	1009	0.3479775854897265
=========================

Tempo:365018.03466666664
Destinazione	 NEXTHOP	 Costo
1008	1009	0.9525097154324411
1007	1009	2.5918526789332543
1006	1009	2.939830264422981
1005	1009	2.6934708451473224
1004	1009	3.041448430637049
1003	1009	3.3894260161267757
1002	1009	3.7374036016165024
1001	1009	4.085381187106229
1000	1009	4.433358772595955
1011	1011	0.38409770580337144
1009	1009	0.4248820452709536
=========================

Tempo:365018.03466666664
Destinazione	 NEXTHOP	 Costo
1008	1009	0.9525097154324411
1007	1009	2.5918526789332543
1006	1009	2.939830264422981
1005	1009	2.6934708451473224
1004	1009	3.041448430637049
1003	1009	3.3894260161267757
1002	1009	3.7374036016165024
1001	1009	4.085381187106229
1012	1011	2.1155922138906242
1000	1009	4.433358772595955
1011	1011	0.5595048752549013
1009	1009	0.4248820452709536
=========================

Tempo:365018.03466666664
Destinazione	 NEXTHOP	 Costo
1008	1009	0.9525097154324411
1007	1009	2.5918526789332543
1006	1009	2.939830264422981
1005	1009	2.6934708451473224
1004	1009	3.041448430637049
1003	1009	3.3894260161267757
1002	1009	3.7374036016165024
1001	1009	4.085381187106229
1012	1012	2.5818401504999966
1000	1009	4.433358772595955
1011	1011	0.5595048752549013
1009	1009	0.4248820452709536
=========================

Tempo:370018.03466666664
Destinazione	 NEXTHOP	 Costo
1008	1008	1.813332677060013
1007	1009	2.5918526789332543
1006	1009	2.939830264422981
1005	1009	2.6934708451473224
1004	1009	3.041448430637049
1003	1009	3.3894260161267757
1002	1009	3.7374036016165024
1001	1009	4.085381187106229
1012	1012	2.5818401504999966
1000	1009	4.433358772595955
1011	1011	0.5595048752549013
1009	1009	0.4248820452709536
=========================

Tempo:370018.03466666664
Destinazione	 NEXTHOP	 Costo
1008	1009	1.0654205986858765
1007	1009	2.5918526789332543
1006	1009	2.939830264422981
1005	1009	2.6934708451473224
1004	1009	3.041448430637049
1003	1009	3.3894260161267757
1002	1009	3.7374036016165024
1001	1009	4.085381187106229
1012	1012	2.5818401504999966
1000	1009	4.433358772595955
1011	1011	0.5595048752549013
1009	1009	0.6645287301434523
=========================

Tempo:370018.03466666664
Destinazione	 NEXTHOP	 Costo
1008	1009	1.0654205986858765
1007	1009	2.5918526789332543
1006	1009	2.939830264422981
1005	1009	2.6934708451473224
1004	1009	3.041448430637049
1003	1009	3.3894260161267757
1002	1009	3.7374036016165024
1001	1009	4.085381187106229
1012	1011	2.4221804022695457
1000	1009	4.433358772595955
1011	1011	0.8904749585878734
1009	1009	0.6645287301434523
=========================

Tempo:370018.03466666664
Destinazione	 NEXTHOP	 Costo
1008	1009	1.0654205986858765
1007	1009	2.5918526789332543
1006	1009	2.939830264422981
1005	1009	2.6934708451473224
1004	1009	3.041448430637049
1003	1009	3.3894260161267757
1002	1009	3.7374036016165024
1001	1009	4.085381187106229
1012	1012	2.352073971255906
1000	1009	4.433358772595955
1011	1011	0.8904749585878734
1009	1009	0.6645287301434523
=========================

Tempo:375018.03466666664
Destinazione	 NEXTHOP	 Costo
1008	1008	2.027180988673108
1007	1009	2.5918526789332543
1006	1009	2.939830264422981
1005	1009	2.6934708451473224
1004	1009	3.041448430637049
1003	1009	3.3894260161267757
1002	1009	3.7374036016165024
1001	1009	4.085381187106229
1012	1012	2.352073971255906
1000	1009	4.433358772595955
1011	1011	0.8904749585878734
1009	1009	0.6645287301434523
=========================

Tempo:375018.03466666664
Destinazione	 NEXTHOP	 Costo
1008	1009	1.4866635426967885
1007	1009	2.5918526789332543
1006	1009	2.939830264422981
1005	1009	2.6934708451473224
1004	1009	3.041448430637049
1003	1009	3.3894260161267757
1002	1009	3.7374036016165024
1001	1009	4.085381187106229
1012	1012	2.352073971255906
1000	1009	4.433358772595955
1011	1011	0.8904749585878734
1009	1009	1.0352777542246665
=========================

Tempo:375018.03466666664
Destinazione	 NEXTHOP	 Costo
1008	1009	1.4866635426967885
1007	1009	2.5918526789332543
1006	1009	2.939830264422981
1005	1009	2.6934708451473224
1004	1009	3.041448430637049
1003	1009	3.3894260161267757
1002	1009	3.7374036016165024
1001	1009	4.085381187106229
1012	1011	2.254082495333356
1000	1009	4.433358772595955
1011	1011	0.9580122351642002
1009	1009	1.0352777542246665
=========================

Tempo:375018.03466666664
Destinazione	 NEXTHOP	 Costo
1008	1009	1.4866635426967885
1007	1009	2.5918526789332543
1006	1009	2.939830264422981
1005	1009	2.6934708451473224
1004	1009	3.041448430637049
1003	1009	3.3894260161267757
1002	1009	3.7374036016165024
1001	1009	4.085381187106229
1012	1012	1.9299892428178058
1000	1009	4.433358772595955
1011	1011	0.9580122351642002
1009	1009	1.0352777542246665
=========================

Tempo:380018.03466666664
Destinazione	 NEXTHOP	 Costo
1008	1008	2.2682600940291002
1007	1009	2.5918526789332543
1006	1009	2.939830264422981
1005	1009	2.6934708451473224
1004	1009	3.041448430637049
1003	1009	3.3894260161267757
1002	1009	3.7374036016165024
1001	1009	4.085381187106229
1012	1012	1.9299892428178058
1000	1009	4.433358772595955
1011	1011	0.9580122351642002
1009	1009	1.0352777542246665
=========================

Tempo:380018.03466666664
Destinazione	 NEXTHOP	 Costo
1008	1009	2.159664963205673
1007	1009	2.5918526789332543
1006	1009	2.939830264422981
1005	1009	2.6934708451473224
1004	1009	3.041448430637049
1003	1009	3.3894260161267757
1002	1009	3.7374036016165024
1001	1009	4.085381187106229
1012	1012	1.9299892428178058
1000	1009	4.433358772595955
1011	1011	0.9580122351642002
1009	1009	1.4738583987361746
=========================

Tempo:380018.03466666664
Destinazione	 NEXTHOP	 Costo
1008	1009	2.159664963205673
1007	1009	2.5918526789332543
1006	1009	2.939830264422981
1005	1009	2.6934708451473224
1004	1009	3.041448430637049
1003	1009	3.3894260161267757
1002	1009	3.7374036016165024
1001	1009	4.085381187106229
1012	1011	1.630458156375986
1000	1009	4.433358772595955
1011	1011	0.7825546740509008
1009	1009	1.4738583987361746
=========================

Tempo:380018.03466666664
Destinazione	 NEXTHOP	 Costo
1008	1009	2.159664963205673
1007	1009	2.5918526789332543
1006	1009	2.939830264422981
1005	1009	2.6934708451473224
1004	1009	3.041448430637049
1003	1009	3.3894260161267757
1002	1009	3.7374036016165024
1001	1009	4.085381187106229
1012	1012	1.5288923519274802
1000	1009	4.433358772595955
1011	1011	0.7825546740509008
1009	1009	1.4738583987361746
=========================

Tempo:385018.03466666664
Destinazione	 NEXTHOP	 Costo
1008	1008	2.200434093013356
1007	1009	2.5918526789332543
1006	1009	2.939830264422981
1005	1009	2.6934708451473224
1004	1009	3.041448430637049
1003	1009	3.3894260161267757
1002	1009	3.7374036016165024
1001	1009	4.085381187106229
1012	1012	1.5288923519274802
1000	1009	4.433358772595955
1011	1011	0.7825546740509008
1009	1009	1.4738583987361746
=========================

Tempo:385018.03466666664
Destinazione	 NEXTHOP	 Costo
1008	1008	2.200434093013356
1007	1009	2.5918526789332543
1006	1009	2.939830264422981
1005	1009	2.6934708451473224
1004	1009	3.041448430637049
1003	1009	3.3894260161267757
1002	1009	3.7374036016165024
1001	1009	4.085381187106229
1012	1012	1.5288923519274802
1000	1009	4.433358772595955
1011	1011	0.7825546740509008
1009	1009	1.2381566885231394
=========================

Tempo:385018.03466666664
Destinazione	 NEXTHOP	 Costo
1008	1011	2.006580491324901
1007	1009	2.5918526789332543
1006	1009	2.939830264422981
1005	1009	2.6934708451473224
1004	1009	3.041448430637049
1003	1009	3.3894260161267757
1002	1009	3.7374036016165024
1001	1009	4.085381187106229
1012	1011	1.0234035370228696
1000	1009	4.433358772595955
1011	1011	0.4831474283812745
1009	1009	1.2381566885231394
=========================

Tempo:385018.03466666664
Destinazione	 NEXTHOP	 Costo
1008	1011	2.006580491324901
1007	1009	2.5918526789332543
1006	1009	2.939830264422981
1005	1009	2.6934708451473224
1004	1009	3.041448430637049
1003	1009	3.3894260161267757
1002	1009	3.7374036016165024
1001	1009	4.085381187106229
1012	1012	1.4662671018256728
1000	1009	4.433358772595955
1011	1011	0.4831474283812745
1009	1009	1.2381566885231394
=========================

Tempo:390018.03466666664
Destinazione	 NEXTHOP	 Costo
1008	1008	2.2413437810294967
1007	1009	2.5918526789332543
1006	1009	2.939830264422981
1005	1009	2.6934708451473224
1004	1009	3.041448430637049
1003	1009	3.3894260161267757
1002	1009	3.7374036016165024
1001	1009	4.085381187106229
1012	1012	1.4662671018256728
1000	1009	4.433358772595955
1011	1011	0.4831474283812745
1009	1009	1.2381566885231394
=========================

Tempo:390018.03466666664
Destinazione	 NEXTHOP	 Costo
1008	1008	2.2413437810294967
1007	1009	2.5918526789332543
1006	1009	2.939830264422981
1005	1009	2.6934708451473224
1004	1009	3.041448430637049
1003	1009	3.3894260161267757
1002	1009	3.7374036016165024
1001	1009	4.085381187106229
1012	1012	1.4662671018256728
1000	1009	4.433358772595955
1011	1011	0.4831474283812745
1009	1009	0.8250167424233913
=========================

Tempo:390018.03466666664
Destinazione	 NEXTHOP	 Costo
1008	1008	2.2413437810294967
1007	1009	2.5918526789332543
1006	1009	2.939830264422981
1005	1009	2.6934708451473224
1004	1009	3.041448430637049
1003	1009	3.3894260161267757
1002	1009	3.7374036016165024
1001	1009	4.085381187106229
1012	1011	0.7483617839731613
1000	1009	4.433358772595955
1011	1011	0.3648646206871366
1009	1009	0.8250167424233913
=========================

Tempo:390018.03466666664
Destinazione	 NEXTHOP	 Costo
1008	1008	2.2413437810294967
1007	1009	2.5918526789332543
1006	1009	2.939830264422981
1005	1009	2.6934708451473224
1004	1009	3.041448430637049
1003	1009	3.3894260161267757
1002	1009	3.7374036016165024
1001	1009	4.085381187106229
1012	1012	1.4922282447247068
1000	1009	4.433358772595955
1011	1011	0.3648646206871366
1009	1009	0.8250167424233913
=========================

Tempo:395018.03466666664
Destinazione	 NEXTHOP	 Costo
1008	1008	2.5005361141553313
1007	1009	2.5918526789332543
1006	1009	2.939830264422981
1005	1009	2.6934708451473224
1004	1009	3.041448430637049
1003	1009	3.3894260161267757
1002	1009	3.7374036016165024
1001	1009	4.085381187106229
1012	1012	1.4922282447247068
1000	1009	4.433358772595955
1011	1011	0.3648646206871366
1009	1009	0.8250167424233913
=========================

Tempo:395018.03466666664
Destinazione	 NEXTHOP	 Costo
1008	1009	2.166970633662301
1007	1009	2.5688509505877515
1006	1009	2.939830264422981
1005	1009	2.6934708451473224
1004	1009	3.041448430637049
1003	1009	3.3894260161267757
1002	1009	3.7374036016165024
1001	1009	4.085381187106229
1012	1012	1.4922282447247068
1000	1009	4.433358772595955
1011	1011	0.3648646206871366
1009	1009	0.5276276701614876
=========================

Tempo:395018.03466666664
Destinazione	 NEXTHOP	 Costo
1008	1009	2.166970633662301
1007	1009	2.5688509505877515
1006	1009	2.939830264422981
1005	1009	2.6934708451473224
1004	1009	3.041448430637049
1003	1009	3.3894260161267757
1002	1009	3.7374036016165024
1001	1009	4.085381187106229
1012	1011	0.809736984615421
1000	1009	4.433358772595955
1011	1011	0.4256392788120495
1009	1009	0.5276276701614876
=========================

Tempo:395018.03466666664
Destinazione	 NEXTHOP	 Costo
1000	1009	4.433358772595955
1011	1011	0.4256392788120495
1008	1009	2.166970633662301
1007	1009	2.5688509505877515
1006	1009	2.939830264422981
1005	1009	2.6934708451473224
1004	1009	3.041448430637049
1003	1009	3.3894260161267757
1002	1009	3.7374036016165024
1013	1012	3.0785898602458284
1001	1009	4.085381187106229
1012	1012	1.5225025216101051
1009	1009	0.5276276701614876
=========================

Tempo:400018.03466666664
Destinazione	 NEXTHOP	 Costo
1000	1009	4.433358772595955
1011	1011	0.4256392788120495
1008	1009	2.166970633662301
1007	1009	2.5688509505877515
1006	1009	2.939830264422981
1005	1009	2.6934708451473224
1004	1009	3.041448430637049
1003	1009	3.3894260161267757
1002	1009	3.7374036016165024
1013	1012	3.0785898602458284
1001	1009	4.085381187106229
1012	1012	1.5225025216101051
1009	1009	0.5276276701614876
=========================

Tempo:400018.03466666664
Destinazione	 NEXTHOP	 Costo
1000	1009	4.433358772595955
1011	1011	0.4256392788120495
1008	1009	2.041223280426264
1007	1009	2.4421151489686883
1006	1009	2.8430070175111126
1005	1009	2.6934708451473224
1004	1009	3.041448430637049
1003	1009	3.3894260161267757
1002	1009	3.7374036016165024
1013	1012	3.0785898602458284
1001	1009	4.085381187106229
1012	1012	1.5225025216101051
1009	1009	0.4008918685424242
=========================

Tempo:400018.03466666664
Destinazione	 NEXTHOP	 Costo
1000	1009	4.433358772595955
1011	1011	0.6778782340635107
1008	1009	2.041223280426264
1007	1009	2.4421151489686883
1006	1009	2.8430070175111126
1005	1009	2.6934708451473224
1004	1009	3.041448430637049
1003	1009	3.3894260161267757
1002	1009	3.7374036016165024
1013	1012	3.0785898602458284
1001	1009	4.085381187106229
1012	1011	1.237383109318412
1009	1009	0.4008918685424242
=========================

Tempo:400018.03466666664
Destinazione	 NEXTHOP	 Costo
1000	1009	4.433358772595955
1011	1011	0.6778782340635107
1008	1009	2.041223280426264
1007	1009	2.4421151489686883
1006	1009	2.8430070175111126
1005	1009	2.6934708451473224
1004	1009	3.041448430637049
1003	1009	3.3894260161267757
1002	1009	3.7374036016165024
1013	1012	3.0785898602458284
1001	1009	4.085381187106229
1012	1012	1.6630338351116867
1009	1009	0.4008918685424242
=========================

Tempo:405018.03466666664
Destinazione	 NEXTHOP	 Costo
1000	1009	4.433358772595955
1011	1011	0.6778782340635107
1008	1009	2.041223280426264
1007	1009	2.4421151489686883
1006	1009	2.8430070175111126
1005	1009	2.6934708451473224
1004	1009	3.041448430637049
1003	1009	3.3894260161267757
1002	1009	3.7374036016165024
1013	1012	3.0785898602458284
1001	1009	4.085381187106229
1012	1012	1.6630338351116867
1009	1009	0.4513857884721221
=========================

Tempo:405018.03466666664
Destinazione	 NEXTHOP	 Costo
1000	1009	4.433358772595955
1011	1011	1.0894597206323018
1008	1009	2.041223280426264
1007	1009	2.4421151489686883
1006	1009	2.8430070175111126
1005	1009	2.6934708451473224
1004	1009	3.041448430637049
1003	1009	3.3894260161267757
1002	1009	3.7374036016165024
1013	1012	3.0785898602458284
1001	1009	4.085381187106229
1012	1012	1.6630338351116867
1009	1009	0.4513857884721221
=========================

Tempo:405018.03466666664
Destinazione	 NEXTHOP	 Costo
1000	1009	4.433358772595955
1011	1011	1.0894597206323018
1008	1009	2.041223280426264
1007	1009	2.4421151489686883
1006	1009	2.8430070175111126
1005	1009	2.6934708451473224
1004	1009	3.041448430637049
1003	1009	3.3894260161267757
1002	1009	3.7374036016165024
1013	1012	3.0785898602458284
1001	1009	4.085381187106229
1012	1012	2.0819058461460846
1009	1009	0.4513857884721221
=========================

Tempo:410018.03466666664
Destinazione	 NEXTHOP	 Costo
1000	1009	4.433358772595955
1011	1011	1.0894597206323018
1008	1009	2.041223280426264
1007	1009	2.4421151489686883
1006	1009	2.8430070175111126
1005	1009	2.6934708451473224
1004	1009	3.041448430637049
1003	1009	3.3894260161267757
1002	1009	3.7374036016165024
1013	1012	3.0785898602458284
1001	1009	4.085381187106229
1012	1012	2.0819058461460846
1009	1009	0.685806564469498
=========================

Tempo:410018.03466666664
Destinazione	 NEXTHOP	 Costo
1000	1009	4.433358772595955
1011	1011	1.5815287399519495
1008	1009	2.041223280426264
1007	1009	2.4421151489686883
1006	1009	2.8430070175111126
1005	1009	2.6934708451473224
1004	1009	3.041448430637049
1003	1009	3.3894260161267757
1002	1009	3.7374036016165024
1013	1012	3.0785898602458284
1001	1009	4.085381187106229
1012	1012	2.0819058461460846
1009	1009	0.685806564469498
=========================

Tempo:410018.03466666664
Destinazione	 NEXTHOP	 Costo
1000	1009	4.433358772595955
1011	1011	1.5815287399519495
1008	1009	2.041223280426264
1007	1009	2.4421151489686883
1006	1009	2.8430070175111126
1005	1009	2.6934708451473224
1004	1009	3.041448430637049
1003	1009	3.3894260161267757
1002	1009	3.7374036016165024
1013	1012	3.0785898602458284
1001	1009	4.085381187106229
1012	1012	2.398529047743253
1009	1009	0.685806564469498
=========================

Tempo:415018.03466666664
Destinazione	 NEXTHOP	 Costo
1000	1009	4.433358772595955
1011	1011	1.5815287399519495
1008	1009	2.041223280426264
1007	1009	2.4421151489686883
1006	1009	2.8430070175111126
1005	1009	2.6934708451473224
1004	1009	3.041448430637049
1003	1009	3.3894260161267757
1002	1009	3.7374036016165024
1013	1012	3.0785898602458284
1001	1009	4.085381187106229
1012	1012	2.398529047743253
1009	1009	1.0739795440211573
=========================

Tempo:415018.03466666664
Destinazione	 NEXTHOP	 Costo
1000	1009	4.433358772595955
1011	1011	1.3318648439948306
1008	1009	2.041223280426264
1007	1009	2.4421151489686883
1006	1009	2.8430070175111126
1005	1009	2.6934708451473224
1004	1009	3.041448430637049
1003	1009	3.3894260161267757
1002	1009	3.7374036016165024
1013	1011	2.860757195922311
1001	1009	4.085381187106229
1012	1011	2.1144195180457315
1009	1009	1.0739795440211573
=========================

Tempo:415018.03466666664
Destinazione	 NEXTHOP	 Costo
1000	1009	4.433358772595955
1011	1011	1.3318648439948306
1008	1009	2.041223280426264
1007	1009	2.4421151489686883
1006	1009	2.8430070175111126
1005	1009	2.6934708451473224
1004	1009	3.041448430637049
1003	1009	3.3894260161267757
1002	1009	3.7374036016165024
1013	1012	2.764777336252496
1001	1009	4.085381187106229
1012	1012	2.224521227610901
1009	1009	1.0739795440211573
=========================

Tempo:420018.03466666664
Destinazione	 NEXTHOP	 Costo
1000	1009	4.433358772595955
1011	1011	1.3318648439948306
1008	1009	2.041223280426264
1007	1009	2.4421151489686883
1006	1009	2.8430070175111126
1005	1009	2.6934708451473224
1004	1009	3.041448430637049
1003	1009	3.3894260161267757
1002	1009	3.7374036016165024
1013	1012	2.764777336252496
1001	1009	4.085381187106229
1012	1012	2.224521227610901
1009	1009	1.545457048499447
=========================

Tempo:420018.03466666664
Destinazione	 NEXTHOP	 Costo
1000	1009	4.433358772595955
1011	1011	0.8724324359182374
1008	1009	2.041223280426264
1007	1009	2.4421151489686883
1006	1009	2.8430070175111126
1005	1009	2.6934708451473224
1004	1009	3.041448430637049
1003	1009	3.3894260161267757
1002	1009	3.7374036016165024
1013	1011	2.33869953774391
1001	1009	4.085381187106229
1012	1011	1.3555798642995118
1009	1009	1.545457048499447
=========================

Tempo:420018.03466666664
Destinazione	 NEXTHOP	 Costo
1000	1009	4.433358772595955
1011	1011	0.8724324359182374
1008	1009	2.041223280426264
1007	1009	2.4421151489686883
1006	1009	2.8430070175111126
1005	1009	2.6934708451473224
1004	1009	3.041448430637049
1003	1009	3.3894260161267757
1002	1009	3.7374036016165024
1013	1011	2.33869953774391
1001	1009	4.085381187106229
1012	1012	1.9571366608451795
1009	1009	1.545457048499447
=========================

Tempo:425018.03466666664
Destinazione	 NEXTHOP	 Costo
1000	1009	4.433358772595955
1011	1011	0.8724324359182374
1008	1009	2.041223280426264
1007	1009	2.4421151489686883
1006	1009	2.8430070175111126
1005	1009	2.6934708451473224
1004	1009	3.041448430637049
1003	1009	3.3894260161267757
1002	1009	3.7374036016165024
1013	1011	2.33869953774391
1001	1009	4.085381187106229
1012	1012	1.9571366608451795
1009	1009	1.6393429635008132
=========================

Tempo:425018.03466666664
Destinazione	 NEXTHOP	 Costo
1000	1009	4.433358772595955
1011	1011	0.5423662526509733
1008	1009	2.041223280426264
1007	1009	2.4421151489686883
1006	1009	2.8430070175111126
1005	1009	2.6934708451473224
1004	1009	3.041448430637049
1003	1009	3.3894260161267757
1002	1009	3.7374036016165024
1013	1011	2.03459449737568
1001	1009	4.085381187106229
1012	1011	0.9072308733381098
1009	1009	1.6393429635008132
=========================

Tempo:425018.03466666664
Destinazione	 NEXTHOP	 Costo
1000	1009	4.433358772595955
1011	1011	0.5423662526509733
1008	1009	2.041223280426264
1007	1009	2.4421151489686883
1006	1009	2.8430070175111126
1005	1009	2.6934708451473224
1004	1009	3.041448430637049
1003	1009	3.3894260161267757
1002	1009	3.7374036016165024
1013	1011	2.03459449737568
1001	1009	4.085381187106229
1012	1012	1.733081486442804
1009	1009	1.6393429635008132
=========================

Tempo:425018.03466666664
Destinazione	 NEXTHOP	 Costo
1000	1009	4.433358772595955
1011	1011	0.5423662526509733
1008	1009	2.041223280426264
1007	1009	2.4421151489686883
1006	1009	2.8430070175111126
1005	1009	2.6934708451473224
1004	1009	3.041448430637049
1003	1009	3.3894260161267757
1002	1009	3.7374036016165024
1013	1011	2.03459449737568
1001	1009	4.085381187106229
1012	1012	1.733081486442804
1009	1009	1.6393429635008132
=========================

Tempo:430018.03466666664
Destinazione	 NEXTHOP	 Costo
1000	1009	4.433358772595955
1011	1011	0.5423662526509733
1008	1009	2.041223280426264
1007	1009	2.4421151489686883
1006	1009	2.8430070175111126
1005	1009	2.6934708451473224
1004	1009	3.041448430637049
1003	1009	3.3894260161267757
1014	1009	5.35660600985375
1002	1009	3.7374036016165024
1013	1011	2.03459449737568
1001	1009	4.085381187106229
1012	1012	1.733081486442804
1009	1009	1.6403314118838397
=========================

Tempo:430018.03466666664
Destinazione	 NEXTHOP	 Costo
1000	1009	4.433358772595955
1011	1011	0.3999635381376459
1008	1009	2.041223280426264
1007	1009	2.4421151489686883
1006	1009	2.8430070175111126
1005	1009	2.6934708451473224
1004	1009	3.041448430637049
1003	1009	3.3894260161267757
1014	1011	3.4785533983834744
1002	1009	3.7374036016165024
1013	1011	1.922466059747751
1001	1009	4.085381187106229
1012	1011	0.8256028169496954
1009	1009	1.6403314118838397
=========================

Tempo:430018.03466666664
Destinazione	 NEXTHOP	 Costo
1000	1009	4.433358772595955
1011	1011	0.3999635381376459
1008	1009	2.041223280426264
1007	1009	2.4421151489686883
1006	1009	2.8430070175111126
1005	1009	2.6934708451473224
1004	1009	3.041448430637049
1003	1009	3.3894260161267757
1014	1011	3.4785533983834744
1002	1009	3.7374036016165024
1013	1011	1.922466059747751
1001	1009	4.085381187106229
1012	1012	1.843970557286094
1009	1009	1.6403314118838397
=========================

Tempo:430018.03466666664
Destinazione	 NEXTHOP	 Costo
1000	1009	4.433358772595955
1011	1011	0.3999635381376459
1008	1009	2.041223280426264
1007	1009	2.4421151489686883
1006	1009	2.8430070175111126
1005	1009	2.6934708451473224
1004	1009	3.041448430637049
1003	1009	3.3894260161267757
1014	1011	3.4785533983834744
1002	1009	3.7374036016165024
1013	1013	2.081718364178026
1001	1009	4.085381187106229
1012	1012	1.843970557286094
1009	1009	1.6403314118838397
=========================

Tempo:435018.03466666664
Destinazione	 NEXTHOP	 Costo
1000	1009	4.433358772595955
1011	1011	0.3999635381376459
1008	1009	2.041223280426264
1007	1009	2.4421151489686883
1006	1009	2.8430070175111126
1005	1009	2.6934708451473224
1004	1009	3.041448430637049
1003	1009	3.3894260161267757
1014	1011	3.4785533983834744
1002	1009	3.7374036016165024
1013	1013	2.081718364178026
1001	1009	4.085381187106229
1012	1012	1.843970557286094
1009	1009	1.643686866618403
=========================

Tempo:435018.03466666664
Destinazione	 NEXTHOP	 Costo
1000	1009	4.433358772595955
1011	1011	0.44148967740876294
1008	1009	2.041223280426264
1007	1009	2.4421151489686883
1006	1009	2.8430070175111126
1005	1009	2.6934708451473224
1004	1009	3.041448430637049
1003	1009	3.3894260161267757
1014	1011	3.4785533983834744
1002	1009	3.7374036016165024
1013	1013	2.081718364178026
1001	1009	4.085381187106229
1012	1011	1.1193679114722737
1009	1009	1.643686866618403
=========================

Tempo:435018.03466666664
Destinazione	 NEXTHOP	 Costo
1000	1009	4.433358772595955
1011	1011	0.44148967740876294
1008	1009	2.041223280426264
1007	1009	2.4421151489686883
1006	1009	2.8430070175111126
1005	1009	2.6934708451473224
1004	1009	3.041448430637049
1003	1009	3.3894260161267757
1014	1011	3.4785533983834744
1002	1009	3.7374036016165024
1013	1013	2.081718364178026
1001	1009	4.085381187106229
1012	1012	2.0757404237344987
1009	1009	1.643686866618403
=========================

Tempo:435018.03466666664
Destinazione	 NEXTHOP	 Costo
1000	1009	4.433358772595955
1011	1011	0.44148967740876294
1008	1009	2.041223280426264
1007	1009	2.4421151489686883
1006	1009	2.8430070175111126
1005	1009	2.6934708451473224
1004	1009	3.041448430637049
1003	1009	3.3894260161267757
1014	1013	3.153553517396439
1002	1009	3.7374036016165024
1013	1013	1.8574832572272835
1001	1009	4.085381187106229
1012	1012	2.0757404237344987
1009	1009	1.643686866618403
=========================

Tempo:440018.03466666664
Destinazione	 NEXTHOP	 Costo
1000	1009	4.433358772595955
1011	1011	0.44148967740876294
1008	1009	2.041223280426264
1007	1009	2.4421151489686883
1006	1009	2.8430070175111126
1005	1009	2.6934708451473224
1004	1009	3.041448430637049
1003	1009	3.3894260161267757
1014	1013	3.153553517396439
1002	1009	3.7374036016165024
1013	1013	1.8574832572272835
1001	1009	4.085381187106229
1012	1012	2.0757404237344987
1009	1009	1.6425000015891547
=========================

Tempo:440018.03466666664
Destinazione	 NEXTHOP	 Costo
1000	1009	4.433358772595955
1011	1011	0.6658247384192331
1008	1009	2.041223280426264
1007	1009	2.4421151489686883
1006	1009	2.8430070175111126
1005	1009	2.6934708451473224
1004	1009	3.041448430637049
1003	1009	3.3894260161267757
1014	1013	3.153553517396439
1002	1009	3.7374036016165024
1013	1013	1.8574832572272835
1001	1009	4.085381187106229
1012	1011	1.7552844590515349
1009	1009	1.6425000015891547
=========================

Tempo:440018.03466666664
Destinazione	 NEXTHOP	 Costo
1000	1009	4.433358772595955
1011	1011	0.6658247384192331
1008	1009	2.041223280426264
1007	1009	2.4421151489686883
1006	1009	2.8430070175111126
1005	1009	2.6934708451473224
1004	1009	3.041448430637049
1003	1009	3.3894260161267757
1014	1013	3.153553517396439
1002	1009	3.7374036016165024
1013	1013	1.8574832572272835
1001	1009	4.085381187106229
1012	1012	2.346290832763184
1009	1009	1.6425000015891547
=========================

Tempo:440018.03466666664
Destinazione	 NEXTHOP	 Costo
1000	1009	4.433358772595955
1011	1011	0.6658247384192331
1008	1009	2.041223280426264
1007	1009	2.4421151489686883
1006	1009	2.8430070175111126
1005	1009	2.6934708451473224
1004	1009	3.041448430637049
1003	1009	3.3894260161267757
1014	1013	2.5368117485323096
1002	1009	3.7374036016165024
1013	1013	1.6889082662072248
1001	1009	4.085381187106229
1012	1012	2.346290832763184
1009	1009	1.6425000015891547
=========================

Tempo:445018.03466666664
Destinazione	 NEXTHOP	 Costo
1000	1009	4.433358772595955
1011	1011	0.6658247384192331
1008	1009	2.041223280426264
1007	1009	2.4421151489686883
1006	1009	2.8430070175111126
1005	1009	2.6934708451473224
1004	1009	3.041448430637049
1003	1009	3.3894260161267757
1014	1013	2.5368117485323096
1002	1009	3.7374036016165024
1013	1013	1.6889082662072248
1001	1009	4.085381187106229
1012	1012	2.346290832763184
1009	1009	1.628129833165582
=========================

Tempo:445018.03466666664
Destinazione	 NEXTHOP	 Costo
1000	1009	4.433358772595955
1011	1011	1.041583062293714
1008	1009	2.041223280426264
1007	1009	2.4421151489686883
1006	1009	2.8430070175111126
1005	1009	2.6934708451473224
1004	1009	3.041448430637049
1003	1009	3.3894260161267757
1014	1013	2.5368117485323096
1002	1009	3.7374036016165024
1013	1013	1.6889082662072248
1001	1009	4.085381187106229
1012	1012	2.346290832763184
1009	1009	1.628129833165582
=========================

Tempo:445018.03466666664
Destinazione	 NEXTHOP	 Costo
1000	1009	4.433358772595955
1011	1011	1.041583062293714
1008	1009	2.041223280426264
1007	1009	2.4421151489686883
1006	1009	2.8430070175111126
1005	1009	2.6934708451473224
1004	1009	3.041448430637049
1003	1009	3.3894260161267757
1014	1013	2.5368117485323096
1002	1009	3.7374036016165024
1013	1013	1.6889082662072248
1001	1009	4.085381187106229
1012	1012	2.282336268866487
1009	1009	1.628129833165582
=========================

Tempo:445018.03466666664
Destinazione	 NEXTHOP	 Costo
1000	1009	4.433358772595955
1011	1011	1.041583062293714
1008	1009	2.041223280426264
1007	1009	2.4421151489686883
1006	1009	2.8430070175111126
1005	1009	2.6934708451473224
1004	1009	3.041448430637049
1003	1009	3.3894260161267757
1014	1013	2.300004626288157
1002	1009	3.7374036016165024
1013	1013	1.7597485176465615
1001	1009	4.085381187106229
1012	1013	2.1959659009989663
1009	1009	1.628129833165582
=========================

Tempo:450018.03466666664
Destinazione	 NEXTHOP	 Costo
1000	1009	4.433358772595955
1011	1011	1.041583062293714
1008	1009	2.041223280426264
1007	1009	2.4421151489686883
1006	1009	2.8430070175111126
1005	1009	2.6934708451473224
1004	1009	3.041448430637049
1003	1009	3.3894260161267757
1014	1013	2.300004626288157
1002	1009	3.7374036016165024
1013	1013	1.7597485176465615
1001	1009	4.085381187106229
1012	1013	2.1959659009989663
1009	1009	1.6055552846462637
=========================

Tempo:450018.03466666664
Destinazione	 NEXTHOP	 Costo
1000	1009	4.433358772595955
1011	1011	1.495491617755486
1008	1009	2.041223280426264
1007	1009	2.4421151489686883
1006	1009	2.8430070175111126
1005	1009	2.6934708451473224
1004	1009	3.041448430637049
1003	1009	3.3894260161267757
1014	1013	2.300004626288157
1002	1009	3.7374036016165024
1013	1013	1.7597485176465615
1001	1009	4.085381187106229
1012	1013	2.1959659009989663
1009	1009	1.6055552846462637
=========================

Tempo:450018.03466666664
Destinazione	 NEXTHOP	 Costo
1000	1009	4.433358772595955
1011	1011	1.495491617755486
1008	1009	2.041223280426264
1007	1009	2.4421151489686883
1006	1009	2.8430070175111126
1005	1009	2.6934708451473224
1004	1009	3.041448430637049
1003	1009	3.3894260161267757
1014	1013	2.300004626288157
1002	1009	3.7374036016165024
1013	1013	1.7597485176465615
1001	1009	4.085381187106229
1012	1012	2.285022432179787
1009	1009	1.6055552846462637
=========================

Tempo:450018.03466666664
Destinazione	 NEXTHOP	 Costo
1000	1009	4.433358772595955
1011	1011	1.495491617755486
1008	1009	2.041223280426264
1007	1009	2.4421151489686883
1006	1009	2.8430070175111126
1005	1009	2.6934708451473224
1004	1009	3.041448430637049
1003	1009	3.3894260161267757
1014	1013	2.300004626288157
1002	1009	3.7374036016165024
1013	1013	2.174262471138134
1001	1009	4.085381187106229
1012	1012	2.285022432179787
1009	1009	1.6055552846462637
=========================

Tempo:450018.03466666664
Destinazione	 NEXTHOP	 Costo
1000	1009	4.433358772595955
1011	1011	1.495491617755486
1008	1009	2.041223280426264
1007	1009	2.4421151489686883
1006	1009	2.8430070175111126
1005	1009	2.6934708451473224
1004	1009	3.041448430637049
1003	1009	3.3894260161267757
1014	1013	2.300004626288157
1002	1009	3.7374036016165024
1013	1013	2.174262471138134
1001	1009	4.085381187106229
1012	1012	2.285022432179787
1009	1009	1.6055552846462637
=========================

Tempo:455018.03466666664
Destinazione	 NEXTHOP	 Costo
1000	1009	4.433358772595955
1011	1011	1.495491617755486
1008	1009	2.041223280426264
1007	1009	2.4421151489686883
1006	1009	2.8430070175111126
1005	1009	2.6934708451473224
1004	1009	3.041448430637049
1003	1009	3.3894260161267757
1014	1013	2.300004626288157
1002	1009	3.7374036016165024
1013	1013	2.174262471138134
1001	1009	4.085381187106229
1012	1012	2.285022432179787
1009	1009	1.5781994014530396
=========================

Tempo:455018.03466666664
Destinazione	 NEXTHOP	 Costo
1000	1009	4.433358772595955
1011	1011	1.5728457032914374
1008	1009	2.041223280426264
1007	1009	2.4421151489686883
1006	1009	2.8430070175111126
1005	1009	2.6934708451473224
1004	1009	3.041448430637049
1003	1009	3.3894260161267757
1014	1013	2.300004626288157
1002	1009	3.7374036016165024
1013	1013	2.174262471138134
1001	1009	4.085381187106229
1012	1012	2.285022432179787
1009	1009	1.5781994014530396
=========================

Tempo:455018.03466666664
Destinazione	 NEXTHOP	 Costo
1000	1009	4.433358772595955
1011	1011	1.5728457032914374
1008	1009	2.041223280426264
1007	1009	2.4421151489686883
1006	1009	2.8430070175111126
1005	1009	2.6934708451473224
1004	1009	3.041448430637049
1003	1009	3.3894260161267757
1014	1013	2.300004626288157
1002	1009	3.7374036016165024
1013	1013	2.174262471138134
1001	1009	4.085381187106229
1012	1012	2.4619091382746525
1009	1009	1.5781994014530396
=========================

Tempo:455018.03466666664
Destinazione	 NEXTHOP	 Costo
1000	1009	4.433358772595955
1011	1011	1.5728457032914374
1008	1009	2.041223280426264
1007	1009	2.4421151489686883
1006	1009	2.8430070175111126
1005	1009	2.6934708451473224
1004	1009	3.041448430637049
1003	1009	3.3894260161267757
1002	1009	3.7374036016165024
1001	1009	4.085381187106229
1012	1012	2.4619091382746525
1009	1009	1.5781994014530396
=========================

Tempo:455018.03466666664
Destinazione	 NEXTHOP	 Costo
1000	1009	4.433358772595955
1011	1011	1.5728457032914374
1008	1009	2.041223280426264
1007	1009	2.4421151489686883
1006	1009	2.8430070175111126
1005	1009	2.6934708451473224
1004	1009	3.041448430637049
1015	1014	3.7162745979699103
1003	1009	3.3894260161267757
1014	1014	2.1601872593341875
1002	1009	3.7374036016165024
1013	1014	2.6828871563715917
1001	1009	4.085381187106229
1012	1012	2.4619091382746525
1009	1009	1.5781994014530396
=========================

Tempo:460018.03466666664
Destinazione	 NEXTHOP	 Costo
1000	1009	4.433358772595955
1011	1011	1.5728457032914374
1008	1009	2.041223280426264
1007	1009	2.4421151489686883
1006	1009	2.8430070175111126
1005	1009	2.6934708451473224
1004	1009	3.041448430637049
1015	1014	3.7162745979699103
1003	1009	3.3894260161267757
1014	1014	2.1601872593341875
1002	1009	3.7374036016165024
1013	1014	2.6828871563715917
1001	1009	4.085381187106229
1012	1012	2.4619091382746525
1009	1009	1.5515611631753783
=========================

Tempo:460018.03466666664
Destinazione	 NEXTHOP	 Costo
1000	1009	4.433358772595955
1011	1011	1.546636509932741
1008	1009	2.041223280426264
1007	1009	2.4421151489686883
1006	1009	2.8430070175111126
1005	1009	2.6934708451473224
1004	1009	3.041448430637049
1015	1014	3.7162745979699103
1003	1009	3.3894260161267757
1014	1014	2.1601872593341875
1002	1009	3.7374036016165024
1013	1014	2.6828871563715917
1001	1009	4.085381187106229
1012	1011	2.089002762583714
1009	1009	1.5515611631753783
=========================

Tempo:460018.03466666664
Destinazione	 NEXTHOP	 Costo
1000	1009	4.433358772595955
1011	1011	1.546636509932741
1008	1009	2.041223280426264
1007	1009	2.4421151489686883
1006	1009	2.8430070175111126
1005	1009	2.6934708451473224
1004	1009	3.041448430637049
1015	1014	3.7162745979699103
1003	1009	3.3894260161267757
1014	1014	2.1601872593341875
1002	1009	3.7374036016165024
1013	1014	2.6828871563715917
1001	1009	4.085381187106229
1012	1011	2.089002762583714
1009	1009	1.5515611631753783
=========================

Tempo:460018.03466666664
Destinazione	 NEXTHOP	 Costo
1000	1009	4.433358772595955
1011	1011	1.546636509932741
1008	1009	2.041223280426264
1007	1009	2.4421151489686883
1006	1009	2.8430070175111126
1005	1009	2.6934708451473224
1004	1009	3.041448430637049
1015	1014	3.5111755599301957
1003	1009	3.3894260161267757
1014	1014	1.9794701162485233
1002	1009	3.7374036016165024
1013	1014	2.6828871563715917
1001	1009	4.085381187106229
1012	1011	2.089002762583714
1009	1009	1.5515611631753783
=========================

Tempo:465018.03466666664
Destinazione	 NEXTHOP	 Costo
1000	1009	4.433358772595955
1011	1011	1.546636509932741
1008	1009	2.041223280426264
1007	1009	2.4421151489686883
1006	1009	2.8430070175111126
1005	1009	2.6934708451473224
1004	1009	3.041448430637049
1015	1014	3.5111755599301957
1003	1009	3.3894260161267757
1014	1014	1.9794701162485233
1002	1009	3.7374036016165024
1013	1014	2.6828871563715917
1001	1009	4.085381187106229
1012	1011	2.089002762583714
1009	1009	1.5350981667064068
=========================

Tempo:465018.03466666664
Destinazione	 NEXTHOP	 Costo
1000	1009	4.433358772595955
1011	1011	1.5304451391698293
1008	1009	2.041223280426264
1007	1009	2.4421151489686883
1006	1009	2.8430070175111126
1005	1009	2.6934708451473224
1004	1009	3.041448430637049
1015	1014	3.5111755599301957
1003	1009	3.3894260161267757
1014	1014	1.9794701162485233
1002	1009	3.7374036016165024
1013	1014	2.6828871563715917
1001	1009	4.085381187106229
1012	1011	1.9304086773074751
1009	1009	1.5350981667064068
=========================

Tempo:465018.03466666664
Destinazione	 NEXTHOP	 Costo
1000	1009	4.433358772595955
1011	1011	1.5304451391698293
1008	1009	2.041223280426264
1007	1009	2.4421151489686883
1006	1009	2.8430070175111126
1005	1009	2.6934708451473224
1004	1009	3.041448430637049
1015	1014	3.5111755599301957
1003	1009	3.3894260161267757
1014	1014	2.2602788737962003
1002	1009	3.7374036016165024
1013	1014	2.6828871563715917
1001	1009	4.085381187106229
1012	1011	1.9304086773074751
1009	1009	1.5350981667064068
=========================

Tempo:470018.03466666664
Destinazione	 NEXTHOP	 Costo
1000	1009	4.433358772595955
1011	1011	1.5304451391698293
1008	1009	2.041223280426264
1007	1009	2.4421151489686883
1006	1009	2.8430070175111126
1005	1009	2.6934708451473224
1004	1009	3.041448430637049
1015	1014	3.5111755599301957
1003	1009	3.3894260161267757
1014	1014	2.2602788737962003
1002	1009	3.7374036016165024
1013	1014	2.6828871563715917
1001	1009	4.085381187106229
1012	1011	1.9304086773074751
1009	1009	1.5185899869332697
=========================

Tempo:470018.03466666664
Destinazione	 NEXTHOP	 Costo
1000	1009	4.433358772595955
1011	1011	1.51419515653553
1008	1009	2.041223280426264
1007	1009	2.4421151489686883
1006	1009	2.8430070175111126
1005	1009	2.6934708451473224
1004	1009	3.041448430637049
1015	1014	3.5111755599301957
1003	1009	3.3894260161267757
1014	1014	2.2602788737962003
1002	1009	3.7374036016165024
1013	1014	2.6828871563715917
1001	1009	4.085381187106229
1012	1011	1.9304086773074751
1009	1009	1.5185899869332697
=========================

Tempo:470018.03466666664
Destinazione	 NEXTHOP	 Costo
1000	1009	4.433358772595955
1011	1011	1.51419515653553
1008	1009	2.041223280426264
1007	1009	2.4421151489686883
1006	1009	2.8430070175111126
1005	1009	2.6934708451473224
1004	1009	3.041448430637049
1003	1009	3.3894260161267757
1002	1009	3.7374036016165024
1001	1009	4.085381187106229
1012	1011	1.9304086773074751
1009	1009	1.5185899869332697
=========================

Tempo:475018.03466666664
Destinazione	 NEXTHOP	 Costo
1000	1009	4.433358772595955
1011	1011	1.51419515653553
1008	1009	2.041223280426264
1007	1009	2.4421151489686883
1006	1009	2.8430070175111126
1005	1009	2.6934708451473224
1004	1009	3.041448430637049
1015	1009	6.531437001242349
1003	1009	3.3894260161267757
1014	1009	4.999731557560676
1002	1009	3.7374036016165024
1013	1009	4.704407692300713
1001	1009	4.085381187106229
1012	1011	1.9304086773074751
1009	1009	1.5098741888335507
=========================

Tempo:475018.03466666664
Destinazione	 NEXTHOP	 Costo
1000	1009	4.433358772595955
1011	1011	1.5056252372599377
1008	1009	2.041223280426264
1007	1009	2.4421151489686883
1006	1009	2.8430070175111126
1005	1009	2.6934708451473224
1004	1009	3.041448430637049
1015	1011	4.042436985792247
1003	1009	3.3894260161267757
1014	1011	3.1945335034671625
1002	1009	3.7374036016165024
1013	1011	3.8519160700231216
1001	1009	4.085381187106229
1012	1011	1.9304086773074751
1009	1009	1.5098741888335507
=========================

Tempo:480018.03466666664
Destinazione	 NEXTHOP	 Costo
1000	1009	4.433358772595955
1011	1011	1.5056252372599377
1008	1009	2.041223280426264
1007	1009	2.4421151489686883
1006	1009	2.8430070175111126
1005	1009	2.6934708451473224
1004	1009	3.041448430637049
1015	1011	4.042436985792247
1003	1009	3.3894260161267757
1014	1011	3.1945335034671625
1002	1009	3.7374036016165024
1013	1011	3.8519160700231216
1001	1009	4.085381187106229
1012	1011	1.9304086773074751
1009	1009	1.0980626870926657
=========================

Tempo:480018.03466666664
Destinazione	 NEXTHOP	 Costo
1000	1009	4.433358772595955
1011	1011	1.5003702778549937
1008	1009	2.041223280426264
1007	1009	2.4421151489686883
1006	1009	2.8430070175111126
1005	1009	2.6934708451473224
1004	1009	3.041448430637049
1015	1011	3.8003749041431503
1003	1009	3.3894260161267757
1014	1011	3.1945335034671625
1002	1009	3.7374036016165024
1013	1011	3.6963361788539597
1001	1009	4.085381187106229
1012	1011	1.9304086773074751
1009	1009	1.0980626870926657
=========================

Tempo:485018.03466666664
Destinazione	 NEXTHOP	 Costo
1000	1009	4.433358772595955
1011	1011	1.5003702778549937
1008	1009	2.041223280426264
1007	1009	2.4421151489686883
1006	1009	2.8430070175111126
1005	1009	2.6934708451473224
1004	1009	3.041448430637049
1015	1011	3.8003749041431503
1003	1009	3.3894260161267757
1014	1011	3.1945335034671625
1002	1009	3.7374036016165024
1013	1011	3.6963361788539597
1001	1009	4.085381187106229
1012	1011	1.9304086773074751
1009	1009	0.7118220111048512
=========================

Tempo:485018.03466666664
Destinazione	 NEXTHOP	 Costo
1000	1009	4.433358772595955
1011	1011	1.501290163108551
1008	1009	2.041223280426264
1007	1009	2.4421151489686883
1006	1009	2.8430070175111126
1005	1009	2.6934708451473224
1004	1009	3.041448430637049
1015	1011	3.8003749041431503
1003	1009	3.3894260161267757
1014	1011	3.1945335034671625
1002	1009	3.7374036016165024
1013	1011	3.6963361788539597
1001	1009	4.085381187106229
1012	1011	1.9304086773074751
1009	1009	0.7118220111048512
=========================

Tempo:490018.03466666664
Destinazione	 NEXTHOP	 Costo
1000	1009	4.433358772595955
1011	1011	1.501290163108551
1008	1009	2.041223280426264
1007	1009	2.4421151489686883
1006	1009	2.8430070175111126
1005	1009	2.6934708451473224
1004	1009	3.041448430637049
1015	1011	3.8003749041431503
1003	1009	3.3894260161267757
1014	1011	3.1945335034671625
1002	1009	3.7374036016165024
1013	1011	3.6963361788539597
1001	1009	4.085381187106229
1012	1011	1.9304086773074751
1009	1009	0.6042655327521798
=========================

Tempo:490018.03466666664
Destinazione	 NEXTHOP	 Costo
1000	1009	4.433358772595955
1011	1011	1.5052195168933737
1008	1009	2.041223280426264
1007	1009	2.4421151489686883
1006	1009	2.8430070175111126
1005	1009	2.6934708451473224
1016	1011	5.221494114863284
1004	1009	3.041448430637049
1015	1011	3.6654067762275613
1003	1009	3.3894260161267757
1014	1011	3.1945335034671625
1002	1009	3.7374036016165024
1013	1011	3.6963361788539597
1001	1009	4.085381187106229
1012	1011	1.9304086773074751
1009	1009	0.6042655327521798
=========================

Tempo:495018.03466666664
Destinazione	 NEXTHOP	 Costo
1000	1009	4.433358772595955
1011	1011	1.5052195168933737
1008	1009	2.041223280426264
1007	1009	2.4421151489686883
1006	1009	2.8430070175111126
1005	1009	2.6934708451473224
1016	1011	5.221494114863284
1004	1009	3.041448430637049
1015	1011	3.6654067762275613
1003	1009	3.3894260161267757
1014	1011	3.1945335034671625
1002	1009	3.7374036016165024
1013	1011	3.6963361788539597
1001	1009	4.085381187106229
1012	1011	1.9304086773074751
1009	1009	0.5667879941987448
=========================

Tempo:495018.03466666664
Destinazione	 NEXTHOP	 Costo
1000	1009	4.433358772595955
1011	1011	1.5103872524786026
1008	1009	2.041223280426264
1007	1009	2.4421151489686883
1006	1009	2.8430070175111126
1005	1009	2.6934708451473224
1016	1011	5.021562812408798
1004	1009	3.041448430637049
1015	1011	3.489857368727126
1003	1009	3.3894260161267757
1014	1011	3.1945335034671625
1002	1009	3.7374036016165024
1013	1011	3.599390015062317
1001	1009	4.085381187106229
1012	1011	1.9304086773074751
1009	1009	0.5667879941987448
=========================

Tempo:500018.03466666664
Destinazione	 NEXTHOP	 Costo
1000	1009	4.433358772595955
1011	1011	1.5103872524786026
1008	1009	2.041223280426264
1007	1009	2.4421151489686883
1006	1009	2.8430070175111126
1005	1009	2.6934708451473224
1016	1011	5.021562812408798
1004	1009	3.041448430637049
1015	1011	3.489857368727126
1003	1009	3.3894260161267757
1014	1011	3.1945335034671625
1002	1009	3.7374036016165024
1013	1011	3.599390015062317
1001	1009	4.085381187106229
1012	1011	1.9304086773074751
1009	1009	0.5990317303166448
=========================

Tempo:500018.03466666664
Destinazione	 NEXTHOP	 Costo
1000	1009	4.433358772595955
1011	1011	1.5143400303013708
1008	1009	2.041223280426264
1007	1009	2.4421151489686883
1006	1009	2.8430070175111126
1005	1009	2.6934708451473224
1016	1011	5.021562812408798
1004	1009	3.041448430637049
1015	1011	3.489857368727126
1003	1009	3.3894260161267757
1014	1011	3.1945335034671625
1002	1009	3.7374036016165024
1013	1011	3.444748707608846
1001	1009	4.085381187106229
1012	1011	1.9304086773074751
1009	1009	0.5990317303166448
=========================

Tempo:505018.03466666664
Destinazione	 NEXTHOP	 Costo
1000	1009	4.433358772595955
1011	1011	1.5143400303013708
1008	1009	2.041223280426264
1007	1009	2.4421151489686883
1006	1009	2.8430070175111126
1005	1009	2.6934708451473224
1016	1011	5.021562812408798
1004	1009	3.041448430637049
1015	1011	3.489857368727126
1003	1009	3.3894260161267757
1014	1011	3.1945335034671625
1002	1009	3.7374036016165024
1013	1011	3.444748707608846
1001	1009	4.085381187106229
1012	1011	1.9304086773074751
1009	1009	0.7006874842453902
=========================

Tempo:505018.03466666664
Destinazione	 NEXTHOP	 Costo
1000	1009	4.433358772595955
1011	1011	1.5153981005559558
1008	1009	2.041223280426264
1007	1009	2.4421151489686883
1006	1009	2.8430070175111126
1005	1009	2.6934708451473224
1016	1011	5.021562812408798
1004	1009	3.041448430637049
1015	1011	3.489857368727126
1003	1009	3.3894260161267757
1014	1011	3.1945335034671625
1002	1009	3.7374036016165024
1013	1011	3.444748707608846
1001	1009	4.085381187106229
1012	1011	1.9304086773074751
1009	1009	0.7006874842453902
=========================

Tempo:510018.03466666664
Destinazione	 NEXTHOP	 Costo
1000	1009	4.433358772595955
1011	1011	1.5153981005559558
1008	1009	2.041223280426264
1007	1009	2.4421151489686883
1006	1009	2.8430070175111126
1005	1009	2.6934708451473224
1016	1011	5.021562812408798
1004	1009	3.041448430637049
1015	1011	3.489857368727126
1003	1009	3.3894260161267757
1014	1011	3.1945335034671625
1002	1009	3.7374036016165024
1013	1011	3.444748707608846
1001	1009	4.085381187106229
1012	1011	1.9304086773074751
1009	1009	1.0519661094057453
=========================

Tempo:510018.03466666664
Destinazione	 NEXTHOP	 Costo
1000	1009	4.433358772595955
1011	1011	1.1048107909058278
1008	1009	2.041223280426264
1007	1009	2.4421151489686883
1006	1009	2.8430070175111126
1005	1009	2.6934708451473224
1016	1011	5.021562812408798
1004	1009	3.041448430637049
1015	1011	3.489857368727126
1003	1009	3.3894260161267757
1014	1011	3.1945335034671625
1002	1009	3.7374036016165024
1013	1011	3.035219468213303
1001	1009	4.085381187106229
1012	1011	1.9304086773074751
1009	1009	1.0519661094057453
=========================

Tempo:515018.03466666664
Destinazione	 NEXTHOP	 Costo
1000	1009	4.433358772595955
1011	1011	1.1048107909058278
1008	1009	2.041223280426264
1007	1009	2.4421151489686883
1006	1009	2.8430070175111126
1005	1009	2.6934708451473224
1016	1011	5.021562812408798
1004	1009	3.041448430637049
1015	1011	3.489857368727126
1003	1009	3.3894260161267757
1014	1011	3.1945335034671625
1002	1009	3.7374036016165024
1013	1011	3.035219468213303
1001	1009	4.085381187106229
1012	1011	1.9304086773074751
1009	1009	1.50994588667041
=========================

Tempo:515018.03466666664
Destinazione	 NEXTHOP	 Costo
1000	1009	4.433358772595955
1011	1011	0.7160908166703523
1008	1009	2.041223280426264
1007	1009	2.4421151489686883
1006	1009	2.8430070175111126
1005	1009	2.6934708451473224
1016	1011	4.516465720813502
1004	1009	3.041448430637049
1015	1011	3.489857368727126
1003	1009	3.3894260161267757
1014	1011	3.1945335034671625
1002	1009	3.7374036016165024
1013	1011	2.6464994939778275
1001	1009	4.085381187106229
1012	1011	1.9304086773074751
1009	1009	1.50994588667041
=========================

Tempo:520018.03466666664
Destinazione	 NEXTHOP	 Costo
1000	1009	4.433358772595955
1011	1011	0.7160908166703523
1008	1009	2.041223280426264
1007	1009	2.4421151489686883
1006	1009	2.8430070175111126
1005	1009	2.6934708451473224
1016	1011	4.516465720813502
1004	1009	3.041448430637049
1015	1011	3.489857368727126
1003	1009	3.3894260161267757
1014	1011	3.1945335034671625
1002	1009	3.7374036016165024
1013	1011	2.6464994939778275
1001	1009	4.085381187106229
1012	1011	1.9304086773074751
1009	1009	1.5106386936325287
=========================

Tempo:520018.03466666664
Destinazione	 NEXTHOP	 Costo
1000	1009	4.433358772595955
1011	1011	0.6076806578426857
1008	1009	2.041223280426264
1007	1009	2.4421151489686883
1006	1009	2.8430070175111126
1005	1009	2.6934708451473224
1016	1011	4.408055561985836
1004	1009	3.041448430637049
1015	1011	3.489857368727126
1003	1009	3.3894260161267757
1014	1011	3.1945335034671625
1002	1009	3.7374036016165024
1013	1011	2.5380893351501608
1001	1009	4.085381187106229
1012	1011	1.9304086773074751
1009	1009	1.5106386936325287
=========================

Tempo:525018.0346666666
Destinazione	 NEXTHOP	 Costo
1000	1009	4.433358772595955
1011	1011	0.6076806578426857
1008	1009	2.032322866963577
1007	1009	2.4421151489686883
1006	1009	2.8430070175111126
1005	1009	2.6934708451473224
1016	1011	4.408055561985836
1004	1009	3.041448430637049
1015	1011	3.489857368727126
1003	1009	3.3894260161267757
1014	1011	3.1945335034671625
1002	1009	3.7374036016165024
1013	1011	2.5380893351501608
1001	1009	4.085381187106229
1012	1011	1.9304086773074751
1009	1009	1.5140660426673478
=========================

Tempo:525018.0346666666
Destinazione	 NEXTHOP	 Costo
1000	1009	4.433358772595955
1011	1011	0.569756022133446
1008	1009	2.032322866963577
1007	1009	2.4421151489686883
1006	1009	2.8430070175111126
1017	1011	5.79125013699673
1005	1009	2.6934708451473224
1016	1011	4.235162798361007
1004	1009	3.041448430637049
1015	1011	3.489857368727126
1003	1009	3.3894260161267757
1014	1011	3.1945335034671625
1002	1009	3.7374036016165024
1013	1011	2.500164699440921
1001	1009	4.085381187106229
1012	1011	1.9304086773074751
1009	1009	1.5140660426673478
=========================

Tempo:530018.0346666666
Destinazione	 NEXTHOP	 Costo
1000	1009	4.433358772595955
1011	1011	0.569756022133446
1008	1009	2.006209913742973
1007	1009	2.4421151489686883
1006	1009	2.8430070175111126
1017	1011	5.79125013699673
1005	1009	2.6934708451473224
1016	1011	4.235162798361007
1004	1009	3.041448430637049
1015	1011	3.489857368727126
1003	1009	3.3894260161267757
1014	1011	3.1945335034671625
1002	1009	3.7374036016165024
1013	1011	2.500164699440921
1001	1009	4.085381187106229
1012	1011	1.9304086773074751
1009	1009	1.5186318377266481
=========================

Tempo:530018.0346666666
Destinazione	 NEXTHOP	 Costo
1000	1009	4.433358772595955
1011	1011	0.6019748088284467
1008	1009	2.006209913742973
1007	1009	2.4421151489686883
1006	1009	2.8430070175111126
1017	1011	5.623537621237245
1005	1009	2.6934708451473224
1016	1011	4.091832177555572
1004	1009	3.041448430637049
1015	1011	3.489857368727126
1003	1009	3.3894260161267757
1014	1011	3.1945335034671625
1002	1009	3.7374036016165024
1013	1011	2.500164699440921
1001	1009	4.085381187106229
1012	1011	1.9304086773074751
1009	1009	1.5186318377266481
=========================

Tempo:535018.0346666666
Destinazione	 NEXTHOP	 Costo
1000	1009	4.433358772595955
1011	1011	0.6019748088284467
1008	1009	2.006209913742973
1007	1009	2.4421151489686883
1006	1009	2.8430070175111126
1017	1011	5.623537621237245
1005	1009	2.6934708451473224
1016	1011	4.091832177555572
1004	1009	3.041448430637049
1015	1011	3.489857368727126
1003	1009	3.3894260161267757
1014	1011	3.1945335034671625
1002	1009	3.7374036016165024
1013	1011	2.500164699440921
1001	1009	4.085381187106229
1012	1011	1.9304086773074751
1009	1009	1.5186318377266481
=========================

Tempo:535018.0346666666
Destinazione	 NEXTHOP	 Costo
1000	1009	4.433358772595955
1011	1011	0.6019748088284467
1008	1009	2.006209913742973
1007	1009	2.4421151489686883
1006	1009	2.8430070175111126
1017	1011	5.623537621237245
1005	1009	2.6934708451473224
1016	1011	4.091832177555572
1004	1009	3.041448430637049
1015	1011	3.489857368727126
1003	1009	3.3894260161267757
1014	1011	3.1945335034671625
1002	1009	3.7374036016165024
1013	1011	2.500164699440921
1001	1009	4.085381187106229
1012	1011	1.9304086773074751
1009	1009	1.5221099632263952
=========================

Tempo:535018.0346666666
Destinazione	 NEXTHOP	 Costo
1000	1009	4.433358772595955
1011	1011	0.7040380906004547
1008	1009	2.006209913742973
1007	1009	2.4421151489686883
1006	1009	2.8430070175111126
1017	1011	5.623537621237245
1005	1009	2.6934708451473224
1016	1011	4.091832177555572
1004	1009	3.041448430637049
1015	1011	3.489857368727126
1003	1009	3.3894260161267757
1014	1011	3.1945335034671625
1002	1009	3.7374036016165024
1013	1011	2.500164699440921
1001	1009	4.085381187106229
1012	1011	1.9304086773074751
1009	1009	1.5221099632263952
=========================
