
Tempo:480018.03466666664
Destinazione	 NEXTHOP	 Costo
=========================

Tempo:480018.03466666664
Destinazione	 NEXTHOP	 Costo
1011	1015	2.8667731710930546
1000	1015	7.2082814929432875
1010	1015	3.6934708451473224
1008	1015	4.416018281946731
1007	1015	4.772438394515203
1006	1015	5.12041598000493
1005	1015	5.468393565494656
1015	1015	1.0
1004	1015	5.8163711509843825
1014	1015	1.3830123783884272
1003	1015	6.164348736474109
1013	1015	1.7309899638781538
1002	1015	6.512326321963835
1012	1015	2.5560067063015453
1001	1015	6.860303907453561
1009	1015	4.054744563547027
=========================

Tempo:485018.03466666664
Destinazione	 NEXTHOP	 Costo
1011	1015	2.8667731710930546
1000	1014	7.107866090228761
1010	1015	3.6934708451473224
1008	1014	4.32404540631095
1007	1014	4.672022991800676
1006	1014	5.0200005772904035
1005	1014	5.36797816278013
1015	1015	1.0
1004	1014	5.715955748269856
1014	1014	1.2825969756739009
1003	1014	6.063933333759582
1013	1014	1.7074790209448545
1002	1014	6.4119109192493084
1012	1014	2.235106691106342
1001	1014	6.759888504739035
1009	1014	3.976067820821223
=========================

Tempo:485018.03466666664
Destinazione	 NEXTHOP	 Costo
1011	1015	2.8667731710930546
1000	1015	7.087914311853449
1010	1015	3.5731036640574843
1008	1015	4.295651100856893
1007	1015	4.652071213425365
1006	1015	5.000048798915092
1005	1015	5.348026384404818
1015	1015	0.8796328189101617
1004	1015	5.696003969894544
1014	1014	1.2825969756739009
1003	1015	6.043981555384271
1013	1014	1.7074790209448545
1002	1015	6.391959140873997
1012	1014	2.235106691106342
1001	1015	6.739936726363723
1009	1015	3.934377382457188
=========================

Tempo:490018.03466666664
Destinazione	 NEXTHOP	 Costo
1011	1015	2.8667731710930546
1000	1014	7.023849878679008
1010	1015	3.5731036640574843
1008	1014	4.240029194761197
1007	1014	4.5880067802509235
1006	1014	4.93598436574065
1005	1014	5.283961951230377
1015	1015	0.8796328189101617
1004	1014	5.631939536720103
1014	1014	1.1985807641241477
1003	1014	5.979917122209829
1013	1014	1.7074790209448545
1002	1014	6.3278947076995555
1012	1014	2.235106691106342
1001	1014	6.675872293189282
1009	1014	3.89205160927147
=========================

Tempo:490018.03466666664
Destinazione	 NEXTHOP	 Costo
1011	1015	2.718253280195104
1000	1015	7.008514534639874
1010	1015	3.493703886843909
1008	1015	4.216251323643317
1007	1015	4.572671436211789
1006	1015	4.920649021701516
1005	1015	5.268626607191242
1015	1015	0.8002330416965865
1004	1015	5.616604192680969
1014	1014	1.1985807641241477
1003	1015	5.964581778170695
1013	1014	1.7074790209448545
1002	1015	6.312559363660421
1012	1014	2.235106691106342
1001	1015	6.660536949150147
1009	1015	3.8549776052436133
=========================

Tempo:495018.03466666664
Destinazione	 NEXTHOP	 Costo
1011	1015	2.718253280195104
1000	1014	6.883478588967559
1010	1015	3.493703886843909
1008	1014	4.099657905049748
1007	1014	4.447635490539474
1006	1014	4.795613076029201
1005	1014	5.143590661518928
1015	1015	0.8002330416965865
1004	1014	5.491568247008654
1014	1014	1.0582094744126986
1003	1014	5.839545832498381
1013	1014	1.7074790209448545
1002	1014	6.187523417988107
1012	1014	2.235106691106342
1001	1014	6.535501003477833
1009	1014	3.751680319560021
=========================

Tempo:495018.03466666664
Destinazione	 NEXTHOP	 Costo
1011	1015	2.6934708451473224
1000	1015	6.812152641024888
1010	1015	3.2973419932289225
1008	1015	4.019889430028331
1007	1015	4.376309542596803
1006	1015	4.72428712808653
1005	1015	5.072264713576256
1015	1015	0.6038711480816
1004	1015	5.420242299065983
1014	1014	1.0582094744126986
1003	1015	5.768219884555709
1013	1014	1.7074790209448545
1002	1015	6.116197470045435
1012	1015	2.166189520993192
1001	1015	6.464175055535161
1009	1015	3.658615711628627
=========================

Tempo:500018.03466666664
Destinazione	 NEXTHOP	 Costo
1011	1015	2.6934708451473224
1000	1014	6.788645451826979
1010	1015	3.2973419932289225
1008	1014	4.004824767909168
1007	1014	4.352802353398895
1006	1014	4.700779938888621
1005	1014	5.048757524378348
1015	1015	0.6038711480816
1004	1014	5.396735109868074
1014	1014	0.9633763372721189
1003	1014	5.7447126953578005
1013	1014	1.7074790209448545
1002	1014	6.092690280847527
1012	1015	2.166189520993192
1001	1014	6.440667866337253
1009	1014	3.6568471824194413
=========================

Tempo:500018.03466666664
Destinazione	 NEXTHOP	 Costo
1011	1015	2.6934708451473224
1000	1015	6.657493895417662
1010	1015	3.1426832476216977
1008	1015	3.8652306844211064
1007	1015	4.221650796989579
1006	1015	4.569628382479305
1005	1015	4.917605967969031
1015	1015	0.4492124024743753
1004	1015	5.265583553458757
1014	1014	0.9633763372721189
1003	1015	5.613561138948484
1013	1014	1.7074790209448545
1002	1015	5.96153872443821
1012	1015	1.8667731710930544
1001	1015	6.309516309927936
1009	1015	3.503956966021402
=========================

Tempo:505018.03466666664
Destinazione	 NEXTHOP	 Costo
1011	1015	2.6934708451473224
1000	1015	6.657493895417662
1010	1015	3.1426832476216977
1008	1015	3.8652306844211064
1007	1015	4.221650796989579
1006	1015	4.569628382479305
1005	1015	4.917605967969031
1015	1015	0.4492124024743753
1004	1015	5.265583553458757
1014	1014	1.081860867232073
1003	1015	5.613561138948484
1013	1014	1.7074790209448545
1002	1015	5.96153872443821
1012	1015	1.8667731710930544
1001	1015	6.309516309927936
1009	1015	3.503956966021402
=========================

Tempo:505018.03466666664
Destinazione	 NEXTHOP	 Costo
1011	1015	2.6934708451473224
1000	1015	6.569555211342991
1010	1015	3.0547445635470267
1008	1015	3.7772920003464354
1007	1015	4.133712112914907
1006	1015	4.481689698404634
1005	1015	4.82966728389436
1015	1015	0.36127371839970424
1004	1015	5.177644869384086
1014	1015	0.7974911017521089
1003	1015	5.525622454873813
1013	1014	1.7074790209448545
1002	1015	5.873600040363539
1012	1015	1.8667731710930544
1001	1015	6.221577625853265
1009	1015	3.416018281946731
=========================

Tempo:510018.03466666664
Destinazione	 NEXTHOP	 Costo
1011	1015	2.6934708451473224
1000	1015	6.569555211342991
1010	1015	3.0547445635470267
1008	1015	3.7772920003464354
1007	1015	4.133712112914907
1006	1015	4.481689698404634
1005	1015	4.82966728389436
1015	1015	0.36127371839970424
1004	1015	5.177644869384086
1014	1015	0.7974911017521089
1003	1015	5.525622454873813
1013	1014	1.7074790209448545
1002	1015	5.873600040363539
1012	1015	1.8667731710930544
1001	1015	6.221577625853265
1009	1015	3.416018281946731
=========================

Tempo:510018.03466666664
Destinazione	 NEXTHOP	 Costo
1011	1015	2.6934708451473224
1000	1015	6.569555211342991
1010	1015	3.0547445635470267
1008	1015	3.7772920003464354
1007	1015	4.133712112914907
1006	1015	4.481689698404634
1005	1015	4.82966728389436
1015	1015	0.36127371839970424
1004	1015	5.177644869384086
1014	1014	1.288027101658079
1003	1015	5.525622454873813
1013	1014	1.7074790209448545
1002	1015	5.873600040363539
1012	1015	1.8667731710930544
1001	1015	6.221577625853265
1009	1015	3.416018281946731
=========================

Tempo:510018.03466666664
Destinazione	 NEXTHOP	 Costo
1011	1015	2.6934708451473224
1000	1015	6.556259078433014
1010	1015	3.0547445635470267
1008	1015	3.772438394515203
1007	1015	4.12041598000493
1006	1015	4.468393565494656
1005	1015	4.8163711509843825
1015	1015	0.3830123783884272
1004	1015	5.164348736474109
1014	1015	0.7309899638781537
1003	1015	5.512326321963835
1013	1015	1.556006706301545
1002	1015	5.860303907453561
1012	1015	1.8667731710930544
1001	1015	6.2082814929432875
1009	1015	3.416018281946731
=========================

Tempo:510018.03466666664
Destinazione	 NEXTHOP	 Costo
1011	1015	2.6934708451473224
1000	1015	6.556259078433014
1010	1015	3.0547445635470267
1008	1015	3.772438394515203
1007	1015	4.12041598000493
1006	1015	4.468393565494656
1017	1017	1.556087338635723
1005	1015	4.8163711509843825
1015	1015	0.3830123783884272
1004	1015	5.164348736474109
1014	1015	0.7309899638781537
1003	1015	5.512326321963835
1013	1015	1.556006706301545
1002	1015	5.860303907453561
1012	1015	1.8667731710930544
1001	1015	6.2082814929432875
1009	1015	3.416018281946731
=========================

Tempo:515018.03466666664
Destinazione	 NEXTHOP	 Costo
1011	1015	2.6934708451473224
1000	1015	6.556259078433014
1010	1015	3.0547445635470267
1008	1015	3.772438394515203
1007	1015	4.12041598000493
1006	1015	4.468393565494656
1017	1017	1.556087338635723
1005	1015	4.8163711509843825
1015	1015	0.3830123783884272
1004	1015	5.164348736474109
1014	1015	0.7309899638781537
1003	1015	5.512326321963835
1013	1015	1.556006706301545
1002	1015	5.860303907453561
1012	1012	2.0822093316722596
1001	1015	6.2082814929432875
1009	1015	3.416018281946731
=========================

Tempo:515018.03466666664
Destinazione	 NEXTHOP	 Costo
1011	1015	2.6934708451473224
1000	1015	6.556259078433014
1010	1015	3.0547445635470267
1008	1015	3.772438394515203
1007	1015	4.12041598000493
1006	1015	4.468393565494656
1017	1017	1.556087338635723
1005	1015	4.8163711509843825
1015	1015	0.3830123783884272
1004	1015	5.164348736474109
1014	1015	0.7309899638781537
1003	1015	5.512326321963835
1013	1015	1.556006706301545
1002	1015	5.860303907453561
1012	1012	2.0822093316722596
1001	1015	6.2082814929432875
1009	1015	3.416018281946731
=========================

Tempo:515018.03466666664
Destinazione	 NEXTHOP	 Costo
1011	1015	2.6934708451473224
1000	1015	6.556259078433014
1010	1015	3.0547445635470267
1008	1015	3.772438394515203
1007	1015	4.12041598000493
1006	1015	4.468393565494656
1017	1017	1.556087338635723
1005	1015	4.8163711509843825
1015	1015	0.3830123783884272
1004	1015	5.164348736474109
1014	1014	1.3713522949670665
1003	1015	5.512326321963835
1013	1015	1.556006706301545
1002	1015	5.860303907453561
1012	1012	2.0822093316722596
1001	1015	6.2082814929432875
1009	1015	3.416018281946731
=========================

Tempo:515018.03466666664
Destinazione	 NEXTHOP	 Costo
1011	1015	2.6934708451473224
1000	1015	6.556259078433014
1010	1015	3.0547445635470267
1008	1015	3.772438394515203
1007	1015	4.12041598000493
1006	1015	4.468393565494656
1017	1017	1.556087338635723
1005	1015	4.8163711509843825
1015	1015	0.5226998970374043
1004	1015	5.164348736474109
1014	1015	0.9475819423083578
1003	1015	5.512326321963835
1013	1015	1.4752096124698455
1002	1015	5.860303907453561
1012	1012	2.0822093316722596
1001	1015	6.2082814929432875
1009	1015	3.416018281946731
=========================

Tempo:515018.03466666664
Destinazione	 NEXTHOP	 Costo
1011	1015	2.6934708451473224
1000	1015	6.556259078433014
1010	1015	3.0547445635470267
1008	1015	3.772438394515203
1007	1015	4.12041598000493
1006	1015	4.468393565494656
1017	1017	1.5317054436816724
1005	1015	4.8163711509843825
1015	1015	0.5226998970374043
1004	1015	5.164348736474109
1014	1015	0.9475819423083578
1003	1015	5.512326321963835
1013	1015	1.4752096124698455
1002	1015	5.860303907453561
1012	1012	2.0822093316722596
1001	1015	6.2082814929432875
1009	1015	3.416018281946731
=========================

Tempo:520018.03466666664
Destinazione	 NEXTHOP	 Costo
1011	1015	2.6934708451473224
1000	1015	6.556259078433014
1010	1015	3.0547445635470267
1008	1015	3.772438394515203
1007	1015	4.12041598000493
1006	1015	4.468393565494656
1017	1017	1.5317054436816724
1005	1015	4.8163711509843825
1015	1015	0.5226998970374043
1004	1015	5.164348736474109
1014	1015	0.9475819423083578
1003	1015	5.512326321963835
1013	1015	1.4752096124698455
1002	1015	5.860303907453561
1012	1012	1.9180202384985172
1001	1015	6.2082814929432875
1009	1015	3.416018281946731
=========================

Tempo:520018.03466666664
Destinazione	 NEXTHOP	 Costo
1011	1015	2.6934708451473224
1000	1015	6.556259078433014
1010	1015	3.0547445635470267
1008	1015	3.772438394515203
1007	1015	4.12041598000493
1006	1015	4.468393565494656
1017	1017	1.5317054436816724
1005	1015	4.8163711509843825
1015	1015	0.5226998970374043
1004	1015	5.164348736474109
1014	1015	0.9475819423083578
1003	1015	5.512326321963835
1013	1013	1.8373882009739497
1002	1015	5.860303907453561
1012	1012	1.9180202384985172
1001	1015	6.2082814929432875
1009	1015	3.416018281946731
=========================

Tempo:520018.03466666664
Destinazione	 NEXTHOP	 Costo
1011	1015	2.6934708451473224
1000	1015	6.556259078433014
1010	1015	3.0547445635470267
1008	1015	3.772438394515203
1007	1015	4.12041598000493
1006	1015	4.468393565494656
1017	1017	1.5317054436816724
1005	1015	4.8163711509843825
1015	1015	0.5226998970374043
1004	1015	5.164348736474109
1014	1014	1.4253612873132613
1003	1015	5.512326321963835
1013	1014	1.8262531558556856
1002	1015	5.860303907453561
1012	1012	1.9180202384985172
1001	1015	6.2082814929432875
1009	1015	3.416018281946731
=========================

Tempo:520018.03466666664
Destinazione	 NEXTHOP	 Costo
1011	1015	2.6934708451473224
1000	1015	6.556259078433014
1010	1015	3.0547445635470267
1008	1015	3.772438394515203
1007	1015	4.12041598000493
1006	1015	4.468393565494656
1017	1017	1.5317054436816724
1005	1015	4.8163711509843825
1015	1015	0.7824262397962366
1004	1015	5.164348736474109
1014	1014	1.4253612873132613
1003	1015	5.512326321963835
1013	1014	1.8262531558556856
1002	1015	5.860303907453561
1012	1012	1.9180202384985172
1001	1015	6.2082814929432875
1009	1015	3.416018281946731
=========================

Tempo:520018.03466666664
Destinazione	 NEXTHOP	 Costo
1011	1015	2.6934708451473224
1000	1015	6.556259078433014
1010	1015	3.0547445635470267
1008	1015	3.772438394515203
1007	1015	4.12041598000493
1006	1015	4.468393565494656
1017	1017	1.2960702601691556
1005	1015	4.8163711509843825
1015	1015	0.7824262397962366
1004	1015	5.164348736474109
1014	1014	1.4253612873132613
1003	1015	5.512326321963835
1013	1014	1.8262531558556856
1002	1015	5.860303907453561
1012	1012	1.9180202384985172
1001	1015	6.2082814929432875
1009	1015	3.416018281946731
=========================

Tempo:525018.0346666666
Destinazione	 NEXTHOP	 Costo
1011	1015	2.6934708451473224
1000	1015	6.556259078433014
1010	1015	3.0547445635470267
1008	1015	3.772438394515203
1007	1015	4.12041598000493
1006	1015	4.468393565494656
1017	1017	1.2960702601691556
1005	1015	4.8163711509843825
1015	1015	0.7824262397962366
1004	1015	5.164348736474109
1014	1014	1.4253612873132613
1003	1015	5.512326321963835
1013	1014	1.8262531558556856
1002	1015	5.860303907453561
1012	1012	2.0895996970657222
1001	1015	6.2082814929432875
1009	1015	3.416018281946731
=========================

Tempo:525018.0346666666
Destinazione	 NEXTHOP	 Costo
1011	1015	2.6934708451473224
1000	1015	6.556259078433014
1010	1015	3.0547445635470267
1008	1015	3.772438394515203
1007	1015	4.12041598000493
1006	1015	4.468393565494656
1017	1017	1.2960702601691556
1005	1015	4.8163711509843825
1015	1015	0.7824262397962366
1004	1015	5.164348736474109
1014	1014	1.4253612873132613
1003	1015	5.512326321963835
1013	1013	1.5623183729115917
1002	1015	5.860303907453561
1012	1012	2.0895996970657222
1001	1015	6.2082814929432875
1009	1015	3.416018281946731
=========================

Tempo:525018.0346666666
Destinazione	 NEXTHOP	 Costo
1011	1015	2.6934708451473224
1000	1015	6.556259078433014
1010	1015	3.0547445635470267
1008	1015	3.772438394515203
1007	1015	4.12041598000493
1006	1015	4.468393565494656
1017	1017	1.2960702601691556
1005	1015	4.8163711509843825
1015	1015	0.7824262397962366
1004	1015	5.164348736474109
1014	1014	1.6814358422243425
1003	1015	5.512326321963835
1013	1013	1.5623183729115917
1002	1015	5.860303907453561
1012	1012	2.0895996970657222
1001	1015	6.2082814929432875
1009	1015	3.416018281946731
=========================

Tempo:525018.0346666666
Destinazione	 NEXTHOP	 Costo
1011	1015	2.6934708451473224
1000	1015	6.556259078433014
1010	1015	3.0547445635470267
1008	1015	3.772438394515203
1007	1015	4.12041598000493
1006	1015	4.468393565494656
1017	1017	1.2960702601691556
1005	1015	4.8163711509843825
1015	1015	0.8148812149100593
1004	1015	5.164348736474109
1014	1014	1.6814358422243425
1003	1015	5.512326321963835
1013	1013	1.5623183729115917
1002	1015	5.860303907453561
1012	1012	2.0895996970657222
1001	1015	6.2082814929432875
1009	1015	3.416018281946731
=========================

Tempo:525018.0346666666
Destinazione	 NEXTHOP	 Costo
1011	1015	2.6934708451473224
1000	1015	6.556259078433014
1010	1015	3.0547445635470267
1008	1015	3.772438394515203
1007	1015	4.12041598000493
1006	1015	4.468393565494656
1017	1017	0.847903482325085
1005	1015	4.8163711509843825
1015	1015	0.8148812149100593
1004	1015	5.164348736474109
1014	1014	1.6814358422243425
1003	1015	5.512326321963835
1013	1013	1.5623183729115917
1002	1015	5.860303907453561
1012	1012	2.0895996970657222
1001	1015	6.2082814929432875
1009	1015	3.416018281946731
=========================

Tempo:530018.0346666666
Destinazione	 NEXTHOP	 Costo
1011	1015	2.6934708451473224
1000	1015	6.556259078433014
1010	1015	3.0547445635470267
1008	1015	3.772438394515203
1007	1015	4.12041598000493
1006	1015	4.468393565494656
1017	1017	0.847903482325085
1005	1015	4.8163711509843825
1015	1015	0.8148812149100593
1004	1015	5.164348736474109
1014	1014	1.6814358422243425
1003	1015	5.512326321963835
1013	1013	1.5623183729115917
1002	1015	5.860303907453561
1001	1015	6.2082814929432875
1009	1015	3.416018281946731
=========================

Tempo:530018.0346666666
Destinazione	 NEXTHOP	 Costo
1011	1015	2.6934708451473224
1000	1015	6.556259078433014
1010	1015	3.0547445635470267
1008	1015	3.772438394515203
1007	1015	4.12041598000493
1006	1015	4.468393565494656
1017	1017	0.847903482325085
1005	1015	4.8163711509843825
1015	1015	0.8148812149100593
1004	1015	5.164348736474109
1014	1014	1.6814358422243425
1003	1015	5.512326321963835
1013	1013	1.417560768618679
1002	1015	5.860303907453561
1001	1015	6.2082814929432875
1012	1013	3.0600607702078335
1009	1015	3.416018281946731
=========================

Tempo:530018.0346666666
Destinazione	 NEXTHOP	 Costo
1011	1015	2.6934708451473224
1000	1015	6.556259078433014
1010	1015	3.0547445635470267
1008	1015	3.772438394515203
1007	1015	4.12041598000493
1006	1015	4.468393565494656
1017	1017	0.847903482325085
1005	1015	4.8163711509843825
1015	1015	0.8148812149100593
1004	1015	5.164348736474109
1014	1014	1.927195395331645
1003	1015	5.512326321963835
1013	1013	1.417560768618679
1002	1015	5.860303907453561
1001	1015	6.2082814929432875
1012	1013	3.0600607702078335
1009	1015	3.416018281946731
=========================

Tempo:530018.0346666666
Destinazione	 NEXTHOP	 Costo
1011	1015	2.6934708451473224
1000	1015	6.556259078433014
1010	1015	3.0547445635470267
1008	1015	3.772438394515203
1007	1015	4.12041598000493
1006	1015	4.468393565494656
1017	1017	0.847903482325085
1005	1015	4.8163711509843825
1015	1015	0.6768971255781955
1004	1015	5.164348736474109
1014	1014	1.927195395331645
1003	1015	5.512326321963835
1013	1013	1.417560768618679
1002	1015	5.860303907453561
1001	1015	6.2082814929432875
1012	1013	3.0600607702078335
1009	1015	3.416018281946731
=========================

Tempo:530018.0346666666
Destinazione	 NEXTHOP	 Costo
1011	1015	2.6934708451473224
1000	1015	6.556259078433014
1010	1015	3.0547445635470267
1008	1015	3.772438394515203
1007	1015	4.12041598000493
1006	1015	4.468393565494656
1017	1017	0.5402561086415951
1005	1015	4.8163711509843825
1015	1015	0.6768971255781955
1004	1015	5.164348736474109
1014	1014	1.927195395331645
1003	1015	5.512326321963835
1013	1013	1.417560768618679
1002	1015	5.860303907453561
1001	1015	6.2082814929432875
1012	1013	3.0600607702078335
1009	1015	3.416018281946731
=========================

Tempo:535018.0346666666
Destinazione	 NEXTHOP	 Costo
1011	1015	2.6934708451473224
1000	1015	6.556259078433014
1010	1015	3.0547445635470267
1008	1015	3.772438394515203
1007	1015	4.12041598000493
1006	1015	4.468393565494656
1017	1017	0.5402561086415951
1005	1015	4.8163711509843825
1015	1015	0.6768971255781955
1004	1015	5.164348736474109
1014	1014	1.927195395331645
1003	1015	5.512326321963835
1013	1013	1.5234330629436263
1002	1015	5.860303907453561
1001	1015	6.2082814929432875
1012	1013	3.0600607702078335
1009	1015	3.416018281946731
=========================

Tempo:535018.0346666666
Destinazione	 NEXTHOP	 Costo
1011	1015	2.6934708451473224
1000	1015	6.556259078433014
1010	1015	3.0547445635470267
1008	1015	3.772438394515203
1007	1015	4.12041598000493
1006	1015	4.468393565494656
1017	1017	0.5402561086415951
1005	1015	4.8163711509843825
1015	1015	0.6768971255781955
1004	1015	5.164348736474109
1014	1014	1.8426600574799419
1003	1015	5.512326321963835
1013	1013	1.5234330629436263
1002	1015	5.860303907453561
1001	1015	6.2082814929432875
1012	1013	3.0600607702078335
1009	1015	3.416018281946731
=========================

Tempo:535018.0346666666
Destinazione	 NEXTHOP	 Costo
1011	1015	2.6934708451473224
1000	1015	6.556259078433014
1010	1015	3.0547445635470267
1008	1015	3.772438394515203
1007	1015	4.12041598000493
1006	1015	4.468393565494656
1017	1017	0.5402561086415951
1005	1015	4.8163711509843825
1015	1015	0.4362173833524047
1004	1015	5.164348736474109
1014	1015	1.674374071875544
1003	1015	5.512326321963835
1013	1013	1.5234330629436263
1002	1015	5.860303907453561
1001	1015	6.2082814929432875
1012	1015	3.028070062285659
1009	1015	3.416018281946731
=========================

Tempo:535018.0346666666
Destinazione	 NEXTHOP	 Costo
1011	1015	2.6934708451473224
1000	1015	6.556259078433014
1010	1015	3.0547445635470267
1008	1015	3.772438394515203
1007	1015	4.12041598000493
1006	1015	4.468393565494656
1017	1017	0.3834971632860247
1005	1015	4.8163711509843825
1015	1015	0.4362173833524047
1004	1015	5.164348736474109
1014	1015	1.674374071875544
1003	1015	5.512326321963835
1013	1013	1.5234330629436263
1002	1015	5.860303907453561
1001	1015	6.2082814929432875
1012	1015	3.028070062285659
1009	1015	3.416018281946731
=========================
