
Tempo:210018.03466666667
Destinazione	 NEXTHOP	 Costo
=========================

Tempo:210018.03466666667
Destinazione	 NEXTHOP	 Costo
1006	1006	1.0
1005	1006	1.3830123783884272
1004	1006	1.7309899638781538
1003	1006	2.5560067063015453
1002	1006	2.8667731710930546
1001	1006	3.6934708451473224
1000	1006	4.054744563547027
=========================

Tempo:215018.03466666667
Destinazione	 NEXTHOP	 Costo
1006	1006	1.0
1005	1005	1.2825969756739009
1004	1005	1.7074790209448545
1003	1005	2.235106691106342
1002	1006	2.8667731710930546
1001	1006	3.6934708451473224
1000	1005	3.976067820821223
=========================

Tempo:215018.03466666667
Destinazione	 NEXTHOP	 Costo
1006	1006	0.8796328189101617
1005	1005	1.2825969756739009
1004	1005	1.7074790209448545
1003	1005	2.235106691106342
1002	1006	2.8667731710930546
1001	1006	3.5731036640574843
1000	1006	3.934377382457188
=========================

Tempo:220018.03466666667
Destinazione	 NEXTHOP	 Costo
1006	1006	0.8796328189101617
1005	1005	1.1985807641241477
1004	1005	1.7074790209448545
1003	1005	2.235106691106342
1002	1006	2.8667731710930546
1001	1006	3.5731036640574843
1000	1005	3.89205160927147
=========================

Tempo:220018.03466666667
Destinazione	 NEXTHOP	 Costo
1006	1006	0.8002330416965865
1005	1005	1.1985807641241477
1004	1005	1.7074790209448545
1003	1005	2.235106691106342
1002	1006	2.718253280195104
1001	1006	3.493703886843909
1000	1006	3.8549776052436133
=========================

Tempo:225018.03466666667
Destinazione	 NEXTHOP	 Costo
1006	1006	0.8002330416965865
1005	1005	1.0582094744126986
1004	1005	1.7074790209448545
1003	1005	2.235106691106342
1002	1006	2.718253280195104
1001	1006	3.493703886843909
1000	1005	3.751680319560021
=========================

Tempo:225018.03466666667
Destinazione	 NEXTHOP	 Costo
1006	1006	0.6038711480816
1005	1005	1.0582094744126986
1004	1005	1.7074790209448545
1003	1006	2.166189520993192
1002	1006	2.6934708451473224
1001	1006	3.2973419932289225
1000	1006	3.658615711628627
=========================

Tempo:230018.03466666667
Destinazione	 NEXTHOP	 Costo
1006	1006	0.6038711480816
1005	1005	0.9633763372721189
1004	1005	1.7074790209448545
1003	1006	2.166189520993192
1002	1006	2.6934708451473224
1001	1006	3.2973419932289225
1000	1005	3.6568471824194413
=========================

Tempo:230018.03466666667
Destinazione	 NEXTHOP	 Costo
1006	1006	0.4492124024743753
1005	1005	0.9633763372721189
1004	1005	1.7074790209448545
1003	1006	1.8667731710930544
1002	1006	2.6934708451473224
1001	1006	3.1426832476216977
1000	1006	3.503956966021402
=========================

Tempo:235018.03466666667
Destinazione	 NEXTHOP	 Costo
1006	1006	0.4492124024743753
1005	1005	1.081860867232073
1004	1005	1.7074790209448545
1003	1006	1.8667731710930544
1002	1006	2.6934708451473224
1001	1006	3.1426832476216977
1000	1006	3.503956966021402
=========================

Tempo:235018.03466666667
Destinazione	 NEXTHOP	 Costo
1006	1006	0.36127371839970424
1005	1006	0.7974911017521089
1004	1005	1.7074790209448545
1003	1006	1.8667731710930544
1002	1006	2.6934708451473224
1001	1006	3.0547445635470267
1000	1006	3.416018281946731
=========================

Tempo:240018.03466666667
Destinazione	 NEXTHOP	 Costo
1006	1006	0.36127371839970424
1005	1006	0.7974911017521089
1004	1005	1.7074790209448545
1003	1006	1.8667731710930544
1002	1006	2.6934708451473224
1001	1006	3.0547445635470267
1000	1006	3.416018281946731
=========================

Tempo:240018.03466666667
Destinazione	 NEXTHOP	 Costo
1006	1006	0.36127371839970424
1005	1005	1.288027101658079
1004	1005	1.7074790209448545
1003	1006	1.8667731710930544
1002	1006	2.6934708451473224
1001	1006	3.0547445635470267
1000	1006	3.416018281946731
=========================

Tempo:240018.03466666667
Destinazione	 NEXTHOP	 Costo
1006	1006	0.3830123783884272
1005	1006	0.7309899638781537
1004	1006	1.556006706301545
1003	1006	1.8667731710930544
1002	1006	2.6934708451473224
1001	1006	3.0547445635470267
1000	1006	3.416018281946731
=========================

Tempo:240018.03466666667
Destinazione	 NEXTHOP	 Costo
1008	1008	1.556087338635723
1006	1006	0.3830123783884272
1005	1006	0.7309899638781537
1004	1006	1.556006706301545
1003	1006	1.8667731710930544
1002	1006	2.6934708451473224
1001	1006	3.0547445635470267
1000	1006	3.416018281946731
=========================

Tempo:245018.03466666667
Destinazione	 NEXTHOP	 Costo
1008	1008	1.556087338635723
1006	1006	0.3830123783884272
1005	1006	0.7309899638781537
1004	1006	1.556006706301545
1003	1003	2.0822093316722596
1002	1006	2.6934708451473224
1001	1006	3.0547445635470267
1000	1006	3.416018281946731
=========================

Tempo:245018.03466666667
Destinazione	 NEXTHOP	 Costo
1008	1008	1.556087338635723
1006	1006	0.3830123783884272
1005	1006	0.7309899638781537
1004	1006	1.556006706301545
1003	1003	2.0822093316722596
1002	1006	2.6934708451473224
1001	1006	3.0547445635470267
1000	1006	3.416018281946731
=========================

Tempo:245018.03466666667
Destinazione	 NEXTHOP	 Costo
1008	1008	1.556087338635723
1006	1006	0.3830123783884272
1005	1005	1.3713522949670665
1004	1006	1.556006706301545
1003	1003	2.0822093316722596
1002	1006	2.6934708451473224
1001	1006	3.0547445635470267
1000	1006	3.416018281946731
=========================

Tempo:245018.03466666667
Destinazione	 NEXTHOP	 Costo
1008	1008	1.556087338635723
1006	1006	0.5226998970374043
1005	1006	0.9475819423083578
1004	1006	1.4752096124698455
1003	1003	2.0822093316722596
1002	1006	2.6934708451473224
1001	1006	3.0547445635470267
1000	1006	3.416018281946731
=========================

Tempo:245018.03466666667
Destinazione	 NEXTHOP	 Costo
1008	1008	1.5317054436816724
1006	1006	0.5226998970374043
1005	1006	0.9475819423083578
1004	1006	1.4752096124698455
1003	1003	2.0822093316722596
1002	1006	2.6934708451473224
1001	1006	3.0547445635470267
1000	1006	3.416018281946731
=========================

Tempo:250018.03466666667
Destinazione	 NEXTHOP	 Costo
1008	1008	1.5317054436816724
1006	1006	0.5226998970374043
1005	1006	0.9475819423083578
1004	1006	1.4752096124698455
1003	1003	1.9180202384985172
1002	1006	2.6934708451473224
1001	1006	3.0547445635470267
1000	1006	3.416018281946731
=========================

Tempo:250018.03466666667
Destinazione	 NEXTHOP	 Costo
1008	1008	1.5317054436816724
1006	1006	0.5226998970374043
1005	1006	0.9475819423083578
1004	1004	1.8373882009739497
1003	1003	1.9180202384985172
1002	1006	2.6934708451473224
1001	1006	3.0547445635470267
1000	1006	3.416018281946731
=========================

Tempo:250018.03466666667
Destinazione	 NEXTHOP	 Costo
1008	1008	1.5317054436816724
1006	1006	0.5226998970374043
1005	1005	1.4253612873132613
1004	1005	1.8262531558556856
1003	1003	1.9180202384985172
1002	1006	2.6934708451473224
1001	1006	3.0547445635470267
1000	1006	3.416018281946731
=========================

Tempo:250018.03466666667
Destinazione	 NEXTHOP	 Costo
1008	1008	1.5317054436816724
1006	1006	0.7824262397962366
1005	1005	1.4253612873132613
1004	1005	1.8262531558556856
1003	1003	1.9180202384985172
1002	1006	2.6934708451473224
1001	1006	3.0547445635470267
1000	1006	3.416018281946731
=========================

Tempo:250018.03466666667
Destinazione	 NEXTHOP	 Costo
1008	1008	1.2960702601691556
1006	1006	0.7824262397962366
1005	1005	1.4253612873132613
1004	1005	1.8262531558556856
1003	1003	1.9180202384985172
1002	1006	2.6934708451473224
1001	1006	3.0547445635470267
1000	1006	3.416018281946731
=========================

Tempo:255018.03466666667
Destinazione	 NEXTHOP	 Costo
1008	1008	1.2960702601691556
1006	1006	0.7824262397962366
1005	1005	1.4253612873132613
1004	1005	1.8262531558556856
1003	1003	2.0895996970657222
1002	1006	2.6934708451473224
1001	1006	3.0547445635470267
1000	1006	3.416018281946731
=========================

Tempo:255018.03466666667
Destinazione	 NEXTHOP	 Costo
1008	1008	1.2960702601691556
1006	1006	0.7824262397962366
1005	1005	1.4253612873132613
1004	1004	1.5623183729115917
1003	1003	2.0895996970657222
1002	1006	2.6934708451473224
1001	1006	3.0547445635470267
1000	1006	3.416018281946731
=========================

Tempo:255018.03466666667
Destinazione	 NEXTHOP	 Costo
1008	1008	1.2960702601691556
1006	1006	0.7824262397962366
1005	1005	1.6814358422243425
1004	1004	1.5623183729115917
1003	1003	2.0895996970657222
1002	1006	2.6934708451473224
1001	1006	3.0547445635470267
1000	1006	3.416018281946731
=========================

Tempo:255018.03466666667
Destinazione	 NEXTHOP	 Costo
1008	1008	1.2960702601691556
1006	1006	0.8148812149100593
1005	1005	1.6814358422243425
1004	1004	1.5623183729115917
1003	1003	2.0895996970657222
1002	1006	2.6934708451473224
1001	1006	3.0547445635470267
1000	1006	3.416018281946731
=========================

Tempo:255018.03466666667
Destinazione	 NEXTHOP	 Costo
1008	1008	0.847903482325085
1006	1006	0.8148812149100593
1005	1005	1.6814358422243425
1004	1004	1.5623183729115917
1003	1003	2.0895996970657222
1002	1006	2.6934708451473224
1001	1006	3.0547445635470267
1000	1006	3.416018281946731
=========================

Tempo:260018.03466666667
Destinazione	 NEXTHOP	 Costo
1008	1008	0.847903482325085
1006	1006	0.8148812149100593
1005	1005	1.6814358422243425
1004	1004	1.5623183729115917
1002	1006	2.6934708451473224
1001	1006	3.0547445635470267
1000	1006	3.416018281946731
=========================

Tempo:260018.03466666667
Destinazione	 NEXTHOP	 Costo
1008	1008	0.847903482325085
1006	1006	0.8148812149100593
1005	1005	1.6814358422243425
1004	1004	1.417560768618679
1003	1004	3.0600607702078335
1002	1006	2.6934708451473224
1001	1006	3.0547445635470267
1000	1006	3.416018281946731
=========================

Tempo:260018.03466666667
Destinazione	 NEXTHOP	 Costo
1008	1008	0.847903482325085
1006	1006	0.8148812149100593
1005	1005	1.927195395331645
1004	1004	1.417560768618679
1003	1004	3.0600607702078335
1002	1006	2.6934708451473224
1001	1006	3.0547445635470267
1000	1006	3.416018281946731
=========================

Tempo:260018.03466666667
Destinazione	 NEXTHOP	 Costo
1008	1008	0.847903482325085
1006	1006	0.6768971255781955
1005	1005	1.927195395331645
1004	1004	1.417560768618679
1003	1004	3.0600607702078335
1002	1006	2.6934708451473224
1001	1006	3.0547445635470267
1000	1006	3.416018281946731
=========================

Tempo:260018.03466666667
Destinazione	 NEXTHOP	 Costo
1008	1008	0.5402561086415951
1006	1006	0.6768971255781955
1005	1005	1.927195395331645
1004	1004	1.417560768618679
1003	1004	3.0600607702078335
1002	1006	2.6934708451473224
1001	1006	3.0547445635470267
1000	1006	3.416018281946731
=========================

Tempo:265018.03466666664
Destinazione	 NEXTHOP	 Costo
1008	1008	0.5402561086415951
1006	1006	0.6768971255781955
1005	1005	1.927195395331645
1004	1004	1.5234330629436263
1003	1004	3.0600607702078335
1002	1006	2.6934708451473224
1001	1006	3.0547445635470267
1000	1006	3.416018281946731
=========================

Tempo:265018.03466666664
Destinazione	 NEXTHOP	 Costo
1008	1008	0.5402561086415951
1006	1006	0.6768971255781955
1005	1005	1.8426600574799419
1004	1004	1.5234330629436263
1003	1004	3.0600607702078335
1002	1006	2.6934708451473224
1001	1006	3.0547445635470267
1000	1006	3.416018281946731
=========================

Tempo:265018.03466666664
Destinazione	 NEXTHOP	 Costo
1008	1008	0.5402561086415951
1006	1006	0.4362173833524047
1005	1006	1.674374071875544
1004	1004	1.5234330629436263
1003	1006	3.028070062285659
1002	1006	2.6934708451473224
1001	1006	3.0547445635470267
1000	1006	3.416018281946731
=========================

Tempo:265018.03466666664
Destinazione	 NEXTHOP	 Costo
1008	1008	0.3834971632860247
1006	1006	0.4362173833524047
1005	1006	1.674374071875544
1004	1004	1.5234330629436263
1003	1006	3.028070062285659
1002	1006	2.6934708451473224
1001	1006	3.0547445635470267
1000	1006	3.416018281946731
=========================

Tempo:270018.03466666664
Destinazione	 NEXTHOP	 Costo
1008	1008	0.3834971632860247
1006	1006	0.4362173833524047
1005	1006	1.674374071875544
1004	1004	2.029779150696812
1003	1006	3.028070062285659
1002	1006	2.6934708451473224
1001	1006	3.0547445635470267
1000	1006	3.416018281946731
=========================

Tempo:270018.03466666664
Destinazione	 NEXTHOP	 Costo
1008	1008	0.3834971632860247
1006	1006	0.4362173833524047
1005	1005	1.736845926500608
1004	1004	2.029779150696812
1003	1006	3.028070062285659
1002	1006	2.6934708451473224
1001	1006	3.0547445635470267
1000	1006	3.416018281946731
=========================

Tempo:270018.03466666664
Destinazione	 NEXTHOP	 Costo
1008	1008	0.3834971632860247
1006	1006	0.3479775854897265
1005	1006	1.1729943279131179
1004	1004	2.029779150696812
1003	1006	2.939830264422981
1002	1006	2.6934708451473224
1001	1006	3.041448430637049
1000	1006	3.3894260161267757
=========================

Tempo:270018.03466666664
Destinazione	 NEXTHOP	 Costo
1008	1008	0.38409770580337144
1006	1006	0.3479775854897265
1005	1006	1.1729943279131179
1004	1004	2.029779150696812
1003	1006	2.939830264422981
1002	1006	2.6934708451473224
1001	1006	3.041448430637049
1000	1006	3.3894260161267757
=========================

Tempo:270018.03466666664
Destinazione	 NEXTHOP	 Costo
1008	1008	0.38409770580337144
1006	1006	0.3479775854897265
1005	1006	1.1729943279131179
1004	1004	2.029779150696812
1003	1006	2.939830264422981
1002	1006	2.6934708451473224
1001	1006	3.041448430637049
1000	1006	3.3894260161267757
=========================

Tempo:275018.03466666664
Destinazione	 NEXTHOP	 Costo
1008	1008	0.38409770580337144
1006	1006	0.3479775854897265
1005	1006	1.1729943279131179
1003	1006	2.939830264422981
1002	1006	2.6934708451473224
1001	1006	3.041448430637049
1000	1006	3.3894260161267757
=========================

Tempo:275018.03466666664
Destinazione	 NEXTHOP	 Costo
1008	1008	0.38409770580337144
1006	1006	0.3479775854897265
1005	1005	1.669659117834646
1004	1005	3.3090020813354593
1003	1006	2.939830264422981
1002	1006	2.6934708451473224
1001	1006	3.041448430637049
1000	1006	3.3894260161267757
=========================

Tempo:275018.03466666664
Destinazione	 NEXTHOP	 Costo
1008	1008	0.38409770580337144
1006	1006	0.4248820452709536
1005	1006	0.9525097154324411
1004	1006	2.5918526789332543
1003	1006	2.939830264422981
1002	1006	2.6934708451473224
1001	1006	3.041448430637049
1000	1006	3.3894260161267757
=========================

Tempo:275018.03466666664
Destinazione	 NEXTHOP	 Costo
1008	1008	0.5595048752549013
1006	1006	0.4248820452709536
1005	1006	0.9525097154324411
1004	1006	2.5918526789332543
1003	1006	2.939830264422981
1002	1006	2.6934708451473224
1001	1006	3.041448430637049
1000	1006	3.3894260161267757
1009	1008	2.1155922138906242
=========================

Tempo:275018.03466666664
Destinazione	 NEXTHOP	 Costo
1008	1008	0.5595048752549013
1006	1006	0.4248820452709536
1005	1006	0.9525097154324411
1004	1006	2.5918526789332543
1003	1006	2.939830264422981
1002	1006	2.6934708451473224
1001	1006	3.041448430637049
1000	1006	3.3894260161267757
1009	1009	2.5818401504999966
=========================

Tempo:280018.03466666664
Destinazione	 NEXTHOP	 Costo
1008	1008	0.5595048752549013
1006	1006	0.4248820452709536
1005	1005	1.813332677060013
1004	1006	2.5918526789332543
1003	1006	2.939830264422981
1002	1006	2.6934708451473224
1001	1006	3.041448430637049
1000	1006	3.3894260161267757
1009	1009	2.5818401504999966
=========================

Tempo:280018.03466666664
Destinazione	 NEXTHOP	 Costo
1008	1008	0.5595048752549013
1006	1006	0.6645287301434523
1005	1006	1.0654205986858765
1004	1006	2.5918526789332543
1003	1006	2.939830264422981
1002	1006	2.6934708451473224
1001	1006	3.041448430637049
1000	1006	3.3894260161267757
1009	1009	2.5818401504999966
=========================

Tempo:280018.03466666664
Destinazione	 NEXTHOP	 Costo
1008	1008	0.8904749585878734
1006	1006	0.6645287301434523
1005	1006	1.0654205986858765
1004	1006	2.5918526789332543
1003	1006	2.939830264422981
1002	1006	2.6934708451473224
1001	1006	3.041448430637049
1000	1006	3.3894260161267757
1009	1008	2.4221804022695457
=========================

Tempo:280018.03466666664
Destinazione	 NEXTHOP	 Costo
1008	1008	0.8904749585878734
1006	1006	0.6645287301434523
1005	1006	1.0654205986858765
1004	1006	2.5918526789332543
1003	1006	2.939830264422981
1002	1006	2.6934708451473224
1001	1006	3.041448430637049
1000	1006	3.3894260161267757
1009	1009	2.352073971255906
=========================

Tempo:285018.03466666664
Destinazione	 NEXTHOP	 Costo
1008	1008	0.8904749585878734
1006	1006	0.6645287301434523
1005	1005	2.027180988673108
1004	1006	2.5918526789332543
1003	1006	2.939830264422981
1002	1006	2.6934708451473224
1001	1006	3.041448430637049
1000	1006	3.3894260161267757
1009	1009	2.352073971255906
=========================

Tempo:285018.03466666664
Destinazione	 NEXTHOP	 Costo
1008	1008	0.8904749585878734
1006	1006	1.0352777542246665
1005	1006	1.4866635426967885
1004	1006	2.5918526789332543
1003	1006	2.939830264422981
1002	1006	2.6934708451473224
1001	1006	3.041448430637049
1000	1006	3.3894260161267757
1009	1009	2.352073971255906
=========================

Tempo:285018.03466666664
Destinazione	 NEXTHOP	 Costo
1008	1008	0.9580122351642002
1006	1006	1.0352777542246665
1005	1006	1.4866635426967885
1004	1006	2.5918526789332543
1003	1006	2.939830264422981
1002	1006	2.6934708451473224
1001	1006	3.041448430637049
1000	1006	3.3894260161267757
1009	1008	2.254082495333356
=========================

Tempo:285018.03466666664
Destinazione	 NEXTHOP	 Costo
1008	1008	0.9580122351642002
1006	1006	1.0352777542246665
1005	1006	1.4866635426967885
1004	1006	2.5918526789332543
1003	1006	2.939830264422981
1002	1006	2.6934708451473224
1001	1006	3.041448430637049
1000	1006	3.3894260161267757
1009	1009	1.9299892428178058
=========================

Tempo:290018.03466666664
Destinazione	 NEXTHOP	 Costo
1008	1008	0.9580122351642002
1006	1006	1.0352777542246665
1005	1005	2.2682600940291002
1004	1006	2.5918526789332543
1003	1006	2.939830264422981
1002	1006	2.6934708451473224
1001	1006	3.041448430637049
1000	1006	3.3894260161267757
1009	1009	1.9299892428178058
=========================

Tempo:290018.03466666664
Destinazione	 NEXTHOP	 Costo
1008	1008	0.9580122351642002
1006	1006	1.4738583987361746
1005	1006	2.159664963205673
1004	1006	2.5918526789332543
1003	1006	2.939830264422981
1002	1006	2.6934708451473224
1001	1006	3.041448430637049
1000	1006	3.3894260161267757
1009	1009	1.9299892428178058
=========================

Tempo:290018.03466666664
Destinazione	 NEXTHOP	 Costo
1008	1008	0.7825546740509008
1006	1006	1.4738583987361746
1005	1006	2.159664963205673
1004	1006	2.5918526789332543
1003	1006	2.939830264422981
1002	1006	2.6934708451473224
1001	1006	3.041448430637049
1000	1006	3.3894260161267757
1009	1008	1.630458156375986
=========================

Tempo:290018.03466666664
Destinazione	 NEXTHOP	 Costo
1008	1008	0.7825546740509008
1006	1006	1.4738583987361746
1005	1006	2.159664963205673
1004	1006	2.5918526789332543
1003	1006	2.939830264422981
1002	1006	2.6934708451473224
1001	1006	3.041448430637049
1000	1006	3.3894260161267757
1009	1009	1.5288923519274802
=========================

Tempo:295018.03466666664
Destinazione	 NEXTHOP	 Costo
1008	1008	0.7825546740509008
1006	1006	1.4738583987361746
1005	1005	2.200434093013356
1004	1006	2.5918526789332543
1003	1006	2.939830264422981
1002	1006	2.6934708451473224
1001	1006	3.041448430637049
1000	1006	3.3894260161267757
1009	1009	1.5288923519274802
=========================

Tempo:295018.03466666664
Destinazione	 NEXTHOP	 Costo
1008	1008	0.7825546740509008
1006	1006	1.2381566885231394
1005	1005	2.200434093013356
1004	1006	2.5918526789332543
1003	1006	2.939830264422981
1002	1006	2.6934708451473224
1001	1006	3.041448430637049
1000	1006	3.3894260161267757
1009	1009	1.5288923519274802
=========================

Tempo:295018.03466666664
Destinazione	 NEXTHOP	 Costo
1008	1008	0.4831474283812745
1006	1006	1.2381566885231394
1005	1008	2.006580491324901
1004	1006	2.5918526789332543
1003	1006	2.939830264422981
1002	1006	2.6934708451473224
1001	1006	3.041448430637049
1000	1006	3.3894260161267757
1009	1008	1.0234035370228696
=========================

Tempo:295018.03466666664
Destinazione	 NEXTHOP	 Costo
1008	1008	0.4831474283812745
1006	1006	1.2381566885231394
1005	1008	2.006580491324901
1004	1006	2.5918526789332543
1003	1006	2.939830264422981
1002	1006	2.6934708451473224
1001	1006	3.041448430637049
1000	1006	3.3894260161267757
1009	1009	1.4662671018256728
=========================

Tempo:300018.03466666664
Destinazione	 NEXTHOP	 Costo
1008	1008	0.4831474283812745
1006	1006	1.2381566885231394
1005	1005	2.2413437810294967
1004	1006	2.5918526789332543
1003	1006	2.939830264422981
1002	1006	2.6934708451473224
1001	1006	3.041448430637049
1000	1006	3.3894260161267757
1009	1009	1.4662671018256728
=========================

Tempo:300018.03466666664
Destinazione	 NEXTHOP	 Costo
1008	1008	0.4831474283812745
1006	1006	0.8250167424233913
1005	1005	2.2413437810294967
1004	1006	2.5918526789332543
1003	1006	2.939830264422981
1002	1006	2.6934708451473224
1001	1006	3.041448430637049
1000	1006	3.3894260161267757
1009	1009	1.4662671018256728
=========================

Tempo:300018.03466666664
Destinazione	 NEXTHOP	 Costo
1008	1008	0.3648646206871366
1006	1006	0.8250167424233913
1005	1005	2.2413437810294967
1004	1006	2.5918526789332543
1003	1006	2.939830264422981
1002	1006	2.6934708451473224
1001	1006	3.041448430637049
1000	1006	3.3894260161267757
1009	1008	0.7483617839731613
=========================

Tempo:300018.03466666664
Destinazione	 NEXTHOP	 Costo
1008	1008	0.3648646206871366
1006	1006	0.8250167424233913
1005	1005	2.2413437810294967
1004	1006	2.5918526789332543
1003	1006	2.939830264422981
1002	1006	2.6934708451473224
1001	1006	3.041448430637049
1000	1006	3.3894260161267757
1009	1009	1.4922282447247068
=========================

Tempo:305018.03466666664
Destinazione	 NEXTHOP	 Costo
1008	1008	0.3648646206871366
1006	1006	0.8250167424233913
1005	1005	2.5005361141553313
1004	1006	2.5918526789332543
1003	1006	2.939830264422981
1002	1006	2.6934708451473224
1001	1006	3.041448430637049
1000	1006	3.3894260161267757
1009	1009	1.4922282447247068
=========================

Tempo:305018.03466666664
Destinazione	 NEXTHOP	 Costo
1008	1008	0.3648646206871366
1006	1006	0.5276276701614876
1005	1006	2.166970633662301
1004	1006	2.5688509505877515
1003	1006	2.939830264422981
1002	1006	2.6934708451473224
1001	1006	3.041448430637049
1000	1006	3.3894260161267757
1009	1009	1.4922282447247068
=========================

Tempo:305018.03466666664
Destinazione	 NEXTHOP	 Costo
1008	1008	0.4256392788120495
1006	1006	0.5276276701614876
1005	1006	2.166970633662301
1004	1006	2.5688509505877515
1003	1006	2.939830264422981
1002	1006	2.6934708451473224
1001	1006	3.041448430637049
1000	1006	3.3894260161267757
1009	1008	0.809736984615421
=========================

Tempo:305018.03466666664
Destinazione	 NEXTHOP	 Costo
1008	1008	0.4256392788120495
1006	1006	0.5276276701614876
1005	1006	2.166970633662301
1004	1006	2.5688509505877515
1003	1006	2.939830264422981
1002	1006	2.6934708451473224
1001	1006	3.041448430637049
1000	1006	3.3894260161267757
1010	1009	3.0785898602458284
1009	1009	1.5225025216101051
=========================

Tempo:310018.03466666664
Destinazione	 NEXTHOP	 Costo
1008	1008	0.4256392788120495
1006	1006	0.5276276701614876
1005	1006	2.166970633662301
1004	1006	2.5688509505877515
1003	1006	2.939830264422981
1002	1006	2.6934708451473224
1001	1006	3.041448430637049
1000	1006	3.3894260161267757
1010	1009	3.0785898602458284
1009	1009	1.5225025216101051
=========================

Tempo:310018.03466666664
Destinazione	 NEXTHOP	 Costo
1008	1008	0.4256392788120495
1006	1006	0.4008918685424242
1005	1006	2.041223280426264
1004	1006	2.4421151489686883
1003	1006	2.8430070175111126
1002	1006	2.6934708451473224
1001	1006	3.041448430637049
1000	1006	3.3894260161267757
1010	1009	3.0785898602458284
1009	1009	1.5225025216101051
=========================

Tempo:310018.03466666664
Destinazione	 NEXTHOP	 Costo
1008	1008	0.6778782340635107
1006	1006	0.4008918685424242
1005	1006	2.041223280426264
1004	1006	2.4421151489686883
1003	1006	2.8430070175111126
1002	1006	2.6934708451473224
1001	1006	3.041448430637049
1000	1006	3.3894260161267757
1010	1009	3.0785898602458284
1009	1008	1.237383109318412
=========================

Tempo:310018.03466666664
Destinazione	 NEXTHOP	 Costo
1008	1008	0.6778782340635107
1006	1006	0.4008918685424242
1005	1006	2.041223280426264
1004	1006	2.4421151489686883
1003	1006	2.8430070175111126
1002	1006	2.6934708451473224
1001	1006	3.041448430637049
1000	1006	3.3894260161267757
1010	1009	3.0785898602458284
1009	1009	1.6630338351116867
=========================

Tempo:315018.03466666664
Destinazione	 NEXTHOP	 Costo
1008	1008	0.6778782340635107
1006	1006	0.4513857884721221
1005	1006	2.041223280426264
1004	1006	2.4421151489686883
1003	1006	2.8430070175111126
1002	1006	2.6934708451473224
1001	1006	3.041448430637049
1000	1006	3.3894260161267757
1010	1009	3.0785898602458284
1009	1009	1.6630338351116867
=========================

Tempo:315018.03466666664
Destinazione	 NEXTHOP	 Costo
1008	1008	1.0894597206323018
1006	1006	0.4513857884721221
1005	1006	2.041223280426264
1004	1006	2.4421151489686883
1003	1006	2.8430070175111126
1002	1006	2.6934708451473224
1001	1006	3.041448430637049
1000	1006	3.3894260161267757
1010	1009	3.0785898602458284
1009	1009	1.6630338351116867
=========================

Tempo:315018.03466666664
Destinazione	 NEXTHOP	 Costo
1008	1008	1.0894597206323018
1006	1006	0.4513857884721221
1005	1006	2.041223280426264
1004	1006	2.4421151489686883
1003	1006	2.8430070175111126
1002	1006	2.6934708451473224
1001	1006	3.041448430637049
1000	1006	3.3894260161267757
1010	1009	3.0785898602458284
1009	1009	2.0819058461460846
=========================

Tempo:320018.03466666664
Destinazione	 NEXTHOP	 Costo
1008	1008	1.0894597206323018
1006	1006	0.685806564469498
1005	1006	2.041223280426264
1004	1006	2.4421151489686883
1003	1006	2.8430070175111126
1002	1006	2.6934708451473224
1001	1006	3.041448430637049
1000	1006	3.3894260161267757
1010	1009	3.0785898602458284
1009	1009	2.0819058461460846
=========================

Tempo:320018.03466666664
Destinazione	 NEXTHOP	 Costo
1008	1008	1.5815287399519495
1006	1006	0.685806564469498
1005	1006	2.041223280426264
1004	1006	2.4421151489686883
1003	1006	2.8430070175111126
1002	1006	2.6934708451473224
1001	1006	3.041448430637049
1000	1006	3.3894260161267757
1010	1009	3.0785898602458284
1009	1009	2.0819058461460846
=========================

Tempo:320018.03466666664
Destinazione	 NEXTHOP	 Costo
1008	1008	1.5815287399519495
1006	1006	0.685806564469498
1005	1006	2.041223280426264
1004	1006	2.4421151489686883
1003	1006	2.8430070175111126
1002	1006	2.6934708451473224
1001	1006	3.041448430637049
1000	1006	3.3894260161267757
1010	1009	3.0785898602458284
1009	1009	2.398529047743253
=========================

Tempo:325018.03466666664
Destinazione	 NEXTHOP	 Costo
1008	1008	1.5815287399519495
1006	1006	1.0739795440211573
1005	1006	2.041223280426264
1004	1006	2.4421151489686883
1003	1006	2.8430070175111126
1002	1006	2.6934708451473224
1001	1006	3.041448430637049
1000	1006	3.3894260161267757
1010	1009	3.0785898602458284
1009	1009	2.398529047743253
=========================

Tempo:325018.03466666664
Destinazione	 NEXTHOP	 Costo
1008	1008	1.3318648439948306
1006	1006	1.0739795440211573
1005	1006	2.041223280426264
1004	1006	2.4421151489686883
1003	1006	2.8430070175111126
1002	1006	2.6934708451473224
1001	1006	3.041448430637049
1000	1006	3.3894260161267757
1010	1008	2.860757195922311
1009	1008	2.1144195180457315
=========================

Tempo:325018.03466666664
Destinazione	 NEXTHOP	 Costo
1008	1008	1.3318648439948306
1006	1006	1.0739795440211573
1005	1006	2.041223280426264
1004	1006	2.4421151489686883
1003	1006	2.8430070175111126
1002	1006	2.6934708451473224
1001	1006	3.041448430637049
1000	1006	3.3894260161267757
1010	1009	2.764777336252496
1009	1009	2.224521227610901
=========================

Tempo:330018.03466666664
Destinazione	 NEXTHOP	 Costo
1008	1008	1.3318648439948306
1006	1006	1.545457048499447
1005	1006	2.041223280426264
1004	1006	2.4421151489686883
1003	1006	2.8430070175111126
1002	1006	2.6934708451473224
1001	1006	3.041448430637049
1000	1006	3.3894260161267757
1010	1009	2.764777336252496
1009	1009	2.224521227610901
=========================

Tempo:330018.03466666664
Destinazione	 NEXTHOP	 Costo
1008	1008	0.8724324359182374
1006	1006	1.545457048499447
1005	1006	2.041223280426264
1004	1006	2.4421151489686883
1003	1006	2.8430070175111126
1002	1006	2.6934708451473224
1001	1006	3.041448430637049
1000	1006	3.3894260161267757
1010	1008	2.33869953774391
1009	1008	1.3555798642995118
=========================

Tempo:330018.03466666664
Destinazione	 NEXTHOP	 Costo
1008	1008	0.8724324359182374
1006	1006	1.545457048499447
1005	1006	2.041223280426264
1004	1006	2.4421151489686883
1003	1006	2.8430070175111126
1002	1006	2.6934708451473224
1001	1006	3.041448430637049
1000	1006	3.3894260161267757
1010	1008	2.33869953774391
1009	1009	1.9571366608451795
=========================

Tempo:335018.03466666664
Destinazione	 NEXTHOP	 Costo
1008	1008	0.8724324359182374
1006	1006	1.6393429635008132
1005	1006	2.041223280426264
1004	1006	2.4421151489686883
1003	1006	2.8430070175111126
1002	1006	2.6934708451473224
1001	1006	3.041448430637049
1000	1006	3.3894260161267757
1010	1008	2.33869953774391
1009	1009	1.9571366608451795
=========================

Tempo:335018.03466666664
Destinazione	 NEXTHOP	 Costo
1008	1008	0.5423662526509733
1006	1006	1.6393429635008132
1005	1006	2.041223280426264
1004	1006	2.4421151489686883
1003	1006	2.8430070175111126
1002	1006	2.6934708451473224
1001	1006	3.041448430637049
1000	1006	3.3894260161267757
1010	1008	2.03459449737568
1009	1008	0.9072308733381098
=========================

Tempo:335018.03466666664
Destinazione	 NEXTHOP	 Costo
1008	1008	0.5423662526509733
1006	1006	1.6393429635008132
1005	1006	2.041223280426264
1004	1006	2.4421151489686883
1003	1006	2.8430070175111126
1002	1006	2.6934708451473224
1001	1006	3.041448430637049
1000	1006	3.3894260161267757
1010	1008	2.03459449737568
1009	1009	1.733081486442804
=========================

Tempo:335018.03466666664
Destinazione	 NEXTHOP	 Costo
1008	1008	0.5423662526509733
1006	1006	1.6393429635008132
1005	1006	2.041223280426264
1004	1006	2.4421151489686883
1003	1006	2.8430070175111126
1002	1006	2.6934708451473224
1001	1006	3.041448430637049
1000	1006	3.3894260161267757
1010	1008	2.03459449737568
1009	1009	1.733081486442804
=========================

Tempo:340018.03466666664
Destinazione	 NEXTHOP	 Costo
1008	1008	0.5423662526509733
1006	1006	1.6403314118838397
1005	1006	2.041223280426264
1004	1006	2.4421151489686883
1003	1006	2.8430070175111126
1002	1006	2.6934708451473224
1001	1006	3.041448430637049
1000	1006	3.3894260161267757
1011	1006	5.35660600985375
1010	1008	2.03459449737568
1009	1009	1.733081486442804
=========================

Tempo:340018.03466666664
Destinazione	 NEXTHOP	 Costo
1008	1008	0.3999635381376459
1006	1006	1.6403314118838397
1005	1006	2.041223280426264
1004	1006	2.4421151489686883
1003	1006	2.8430070175111126
1002	1006	2.6934708451473224
1001	1006	3.041448430637049
1000	1006	3.3894260161267757
1011	1008	3.4785533983834744
1010	1008	1.922466059747751
1009	1008	0.8256028169496954
=========================

Tempo:340018.03466666664
Destinazione	 NEXTHOP	 Costo
1008	1008	0.3999635381376459
1006	1006	1.6403314118838397
1005	1006	2.041223280426264
1004	1006	2.4421151489686883
1003	1006	2.8430070175111126
1002	1006	2.6934708451473224
1001	1006	3.041448430637049
1000	1006	3.3894260161267757
1011	1008	3.4785533983834744
1010	1008	1.922466059747751
1009	1009	1.843970557286094
=========================

Tempo:340018.03466666664
Destinazione	 NEXTHOP	 Costo
1008	1008	0.3999635381376459
1006	1006	1.6403314118838397
1005	1006	2.041223280426264
1004	1006	2.4421151489686883
1003	1006	2.8430070175111126
1002	1006	2.6934708451473224
1001	1006	3.041448430637049
1000	1006	3.3894260161267757
1011	1008	3.4785533983834744
1010	1010	2.081718364178026
1009	1009	1.843970557286094
=========================

Tempo:345018.03466666664
Destinazione	 NEXTHOP	 Costo
1008	1008	0.3999635381376459
1006	1006	1.643686866618403
1005	1006	2.041223280426264
1004	1006	2.4421151489686883
1003	1006	2.8430070175111126
1002	1006	2.6934708451473224
1001	1006	3.041448430637049
1000	1006	3.3894260161267757
1011	1008	3.4785533983834744
1010	1010	2.081718364178026
1009	1009	1.843970557286094
=========================

Tempo:345018.03466666664
Destinazione	 NEXTHOP	 Costo
1008	1008	0.44148967740876294
1006	1006	1.643686866618403
1005	1006	2.041223280426264
1004	1006	2.4421151489686883
1003	1006	2.8430070175111126
1002	1006	2.6934708451473224
1001	1006	3.041448430637049
1000	1006	3.3894260161267757
1011	1008	3.4785533983834744
1010	1010	2.081718364178026
1009	1008	1.1193679114722737
=========================

Tempo:345018.03466666664
Destinazione	 NEXTHOP	 Costo
1008	1008	0.44148967740876294
1006	1006	1.643686866618403
1005	1006	2.041223280426264
1004	1006	2.4421151489686883
1003	1006	2.8430070175111126
1002	1006	2.6934708451473224
1001	1006	3.041448430637049
1000	1006	3.3894260161267757
1011	1008	3.4785533983834744
1010	1010	2.081718364178026
1009	1009	2.0757404237344987
=========================

Tempo:345018.03466666664
Destinazione	 NEXTHOP	 Costo
1008	1008	0.44148967740876294
1006	1006	1.643686866618403
1005	1006	2.041223280426264
1004	1006	2.4421151489686883
1003	1006	2.8430070175111126
1002	1006	2.6934708451473224
1001	1006	3.041448430637049
1000	1006	3.3894260161267757
1011	1010	3.153553517396439
1010	1010	1.8574832572272835
1009	1009	2.0757404237344987
=========================

Tempo:350018.03466666664
Destinazione	 NEXTHOP	 Costo
1008	1008	0.44148967740876294
1006	1006	1.6425000015891547
1005	1006	2.041223280426264
1004	1006	2.4421151489686883
1003	1006	2.8430070175111126
1002	1006	2.6934708451473224
1001	1006	3.041448430637049
1000	1006	3.3894260161267757
1011	1010	3.153553517396439
1010	1010	1.8574832572272835
1009	1009	2.0757404237344987
=========================

Tempo:350018.03466666664
Destinazione	 NEXTHOP	 Costo
1008	1008	0.6658247384192331
1006	1006	1.6425000015891547
1005	1006	2.041223280426264
1004	1006	2.4421151489686883
1003	1006	2.8430070175111126
1002	1006	2.6934708451473224
1001	1006	3.041448430637049
1000	1006	3.3894260161267757
1011	1010	3.153553517396439
1010	1010	1.8574832572272835
1009	1008	1.7552844590515349
=========================

Tempo:350018.03466666664
Destinazione	 NEXTHOP	 Costo
1008	1008	0.6658247384192331
1006	1006	1.6425000015891547
1005	1006	2.041223280426264
1004	1006	2.4421151489686883
1003	1006	2.8430070175111126
1002	1006	2.6934708451473224
1001	1006	3.041448430637049
1000	1006	3.3894260161267757
1011	1010	3.153553517396439
1010	1010	1.8574832572272835
1009	1009	2.346290832763184
=========================

Tempo:350018.03466666664
Destinazione	 NEXTHOP	 Costo
1008	1008	0.6658247384192331
1006	1006	1.6425000015891547
1005	1006	2.041223280426264
1004	1006	2.4421151489686883
1003	1006	2.8430070175111126
1002	1006	2.6934708451473224
1001	1006	3.041448430637049
1000	1006	3.3894260161267757
1011	1010	2.5368117485323096
1010	1010	1.6889082662072248
1009	1009	2.346290832763184
=========================

Tempo:355018.03466666664
Destinazione	 NEXTHOP	 Costo
1008	1008	0.6658247384192331
1006	1006	1.628129833165582
1005	1006	2.041223280426264
1004	1006	2.4421151489686883
1003	1006	2.8430070175111126
1002	1006	2.6934708451473224
1001	1006	3.041448430637049
1000	1006	3.3894260161267757
1011	1010	2.5368117485323096
1010	1010	1.6889082662072248
1009	1009	2.346290832763184
=========================

Tempo:355018.03466666664
Destinazione	 NEXTHOP	 Costo
1008	1008	1.041583062293714
1006	1006	1.628129833165582
1005	1006	2.041223280426264
1004	1006	2.4421151489686883
1003	1006	2.8430070175111126
1002	1006	2.6934708451473224
1001	1006	3.041448430637049
1000	1006	3.3894260161267757
1011	1010	2.5368117485323096
1010	1010	1.6889082662072248
1009	1009	2.346290832763184
=========================

Tempo:355018.03466666664
Destinazione	 NEXTHOP	 Costo
1008	1008	1.041583062293714
1006	1006	1.628129833165582
1005	1006	2.041223280426264
1004	1006	2.4421151489686883
1003	1006	2.8430070175111126
1002	1006	2.6934708451473224
1001	1006	3.041448430637049
1000	1006	3.3894260161267757
1011	1010	2.5368117485323096
1010	1010	1.6889082662072248
1009	1009	2.282336268866487
=========================

Tempo:355018.03466666664
Destinazione	 NEXTHOP	 Costo
1008	1008	1.041583062293714
1006	1006	1.628129833165582
1005	1006	2.041223280426264
1004	1006	2.4421151489686883
1003	1006	2.8430070175111126
1002	1006	2.6934708451473224
1001	1006	3.041448430637049
1000	1006	3.3894260161267757
1011	1010	2.300004626288157
1010	1010	1.7597485176465615
1009	1010	2.1959659009989663
=========================

Tempo:360018.03466666664
Destinazione	 NEXTHOP	 Costo
1008	1008	1.041583062293714
1006	1006	1.6055552846462637
1005	1006	2.041223280426264
1004	1006	2.4421151489686883
1003	1006	2.8430070175111126
1002	1006	2.6934708451473224
1001	1006	3.041448430637049
1000	1006	3.3894260161267757
1011	1010	2.300004626288157
1010	1010	1.7597485176465615
1009	1010	2.1959659009989663
=========================

Tempo:360018.03466666664
Destinazione	 NEXTHOP	 Costo
1008	1008	1.495491617755486
1006	1006	1.6055552846462637
1005	1006	2.041223280426264
1004	1006	2.4421151489686883
1003	1006	2.8430070175111126
1002	1006	2.6934708451473224
1001	1006	3.041448430637049
1000	1006	3.3894260161267757
1011	1010	2.300004626288157
1010	1010	1.7597485176465615
1009	1010	2.1959659009989663
=========================

Tempo:360018.03466666664
Destinazione	 NEXTHOP	 Costo
1008	1008	1.495491617755486
1006	1006	1.6055552846462637
1005	1006	2.041223280426264
1004	1006	2.4421151489686883
1003	1006	2.8430070175111126
1002	1006	2.6934708451473224
1001	1006	3.041448430637049
1000	1006	3.3894260161267757
1011	1010	2.300004626288157
1010	1010	1.7597485176465615
1009	1009	2.285022432179787
=========================

Tempo:360018.03466666664
Destinazione	 NEXTHOP	 Costo
1008	1008	1.495491617755486
1006	1006	1.6055552846462637
1005	1006	2.041223280426264
1004	1006	2.4421151489686883
1003	1006	2.8430070175111126
1002	1006	2.6934708451473224
1001	1006	3.041448430637049
1000	1006	3.3894260161267757
1011	1010	2.300004626288157
1010	1010	2.174262471138134
1009	1009	2.285022432179787
=========================

Tempo:360018.03466666664
Destinazione	 NEXTHOP	 Costo
1008	1008	1.495491617755486
1006	1006	1.6055552846462637
1005	1006	2.041223280426264
1004	1006	2.4421151489686883
1003	1006	2.8430070175111126
1002	1006	2.6934708451473224
1001	1006	3.041448430637049
1000	1006	3.3894260161267757
1011	1010	2.300004626288157
1010	1010	2.174262471138134
1009	1009	2.285022432179787
=========================

Tempo:365018.03466666664
Destinazione	 NEXTHOP	 Costo
1008	1008	1.495491617755486
1006	1006	1.5781994014530396
1005	1006	2.041223280426264
1004	1006	2.4421151489686883
1003	1006	2.8430070175111126
1002	1006	2.6934708451473224
1001	1006	3.041448430637049
1000	1006	3.3894260161267757
1011	1010	2.300004626288157
1010	1010	2.174262471138134
1009	1009	2.285022432179787
=========================

Tempo:365018.03466666664
Destinazione	 NEXTHOP	 Costo
1008	1008	1.5728457032914374
1006	1006	1.5781994014530396
1005	1006	2.041223280426264
1004	1006	2.4421151489686883
1003	1006	2.8430070175111126
1002	1006	2.6934708451473224
1001	1006	3.041448430637049
1000	1006	3.3894260161267757
1011	1010	2.300004626288157
1010	1010	2.174262471138134
1009	1009	2.285022432179787
=========================

Tempo:365018.03466666664
Destinazione	 NEXTHOP	 Costo
1008	1008	1.5728457032914374
1006	1006	1.5781994014530396
1005	1006	2.041223280426264
1004	1006	2.4421151489686883
1003	1006	2.8430070175111126
1002	1006	2.6934708451473224
1001	1006	3.041448430637049
1000	1006	3.3894260161267757
1011	1010	2.300004626288157
1010	1010	2.174262471138134
1009	1009	2.4619091382746525
=========================

Tempo:365018.03466666664
Destinazione	 NEXTHOP	 Costo
1008	1008	1.5728457032914374
1006	1006	1.5781994014530396
1005	1006	2.041223280426264
1004	1006	2.4421151489686883
1003	1006	2.8430070175111126
1002	1006	2.6934708451473224
1001	1006	3.041448430637049
1000	1006	3.3894260161267757
1009	1009	2.4619091382746525
=========================

Tempo:365018.03466666664
Destinazione	 NEXTHOP	 Costo
1008	1008	1.5728457032914374
1006	1006	1.5781994014530396
1005	1006	2.041223280426264
1004	1006	2.4421151489686883
1003	1006	2.8430070175111126
1002	1006	2.6934708451473224
1001	1006	3.041448430637049
1012	1011	3.7162745979699103
1000	1006	3.3894260161267757
1011	1011	2.1601872593341875
1010	1011	2.6828871563715917
1009	1009	2.4619091382746525
=========================

Tempo:370018.03466666664
Destinazione	 NEXTHOP	 Costo
1008	1008	1.5728457032914374
1006	1006	1.5515611631753783
1005	1006	2.041223280426264
1004	1006	2.4421151489686883
1003	1006	2.8430070175111126
1002	1006	2.6934708451473224
1001	1006	3.041448430637049
1012	1011	3.7162745979699103
1000	1006	3.3894260161267757
1011	1011	2.1601872593341875
1010	1011	2.6828871563715917
1009	1009	2.4619091382746525
=========================

Tempo:370018.03466666664
Destinazione	 NEXTHOP	 Costo
1008	1008	1.546636509932741
1006	1006	1.5515611631753783
1005	1006	2.041223280426264
1004	1006	2.4421151489686883
1003	1006	2.8430070175111126
1002	1006	2.6934708451473224
1001	1006	3.041448430637049
1012	1011	3.7162745979699103
1000	1006	3.3894260161267757
1011	1011	2.1601872593341875
1010	1011	2.6828871563715917
1009	1008	2.089002762583714
=========================

Tempo:370018.03466666664
Destinazione	 NEXTHOP	 Costo
1008	1008	1.546636509932741
1006	1006	1.5515611631753783
1005	1006	2.041223280426264
1004	1006	2.4421151489686883
1003	1006	2.8430070175111126
1002	1006	2.6934708451473224
1001	1006	3.041448430637049
1012	1011	3.7162745979699103
1000	1006	3.3894260161267757
1011	1011	2.1601872593341875
1010	1011	2.6828871563715917
1009	1008	2.089002762583714
=========================

Tempo:370018.03466666664
Destinazione	 NEXTHOP	 Costo
1008	1008	1.546636509932741
1006	1006	1.5515611631753783
1005	1006	2.041223280426264
1004	1006	2.4421151489686883
1003	1006	2.8430070175111126
1002	1006	2.6934708451473224
1001	1006	3.041448430637049
1012	1011	3.5111755599301957
1000	1006	3.3894260161267757
1011	1011	1.9794701162485233
1010	1011	2.6828871563715917
1009	1008	2.089002762583714
=========================

Tempo:375018.03466666664
Destinazione	 NEXTHOP	 Costo
1008	1008	1.546636509932741
1006	1006	1.5350981667064068
1005	1006	2.041223280426264
1004	1006	2.4421151489686883
1003	1006	2.8430070175111126
1002	1006	2.6934708451473224
1001	1006	3.041448430637049
1012	1011	3.5111755599301957
1000	1006	3.3894260161267757
1011	1011	1.9794701162485233
1010	1011	2.6828871563715917
1009	1008	2.089002762583714
=========================

Tempo:375018.03466666664
Destinazione	 NEXTHOP	 Costo
1008	1008	1.5304451391698293
1006	1006	1.5350981667064068
1005	1006	2.041223280426264
1004	1006	2.4421151489686883
1003	1006	2.8430070175111126
1002	1006	2.6934708451473224
1001	1006	3.041448430637049
1012	1011	3.5111755599301957
1000	1006	3.3894260161267757
1011	1011	1.9794701162485233
1010	1011	2.6828871563715917
1009	1008	1.9304086773074751
=========================

Tempo:375018.03466666664
Destinazione	 NEXTHOP	 Costo
1008	1008	1.5304451391698293
1006	1006	1.5350981667064068
1005	1006	2.041223280426264
1004	1006	2.4421151489686883
1003	1006	2.8430070175111126
1002	1006	2.6934708451473224
1001	1006	3.041448430637049
1012	1011	3.5111755599301957
1000	1006	3.3894260161267757
1011	1011	2.2602788737962003
1010	1011	2.6828871563715917
1009	1008	1.9304086773074751
=========================

Tempo:380018.03466666664
Destinazione	 NEXTHOP	 Costo
1008	1008	1.5304451391698293
1006	1006	1.5185899869332697
1005	1006	2.041223280426264
1004	1006	2.4421151489686883
1003	1006	2.8430070175111126
1002	1006	2.6934708451473224
1001	1006	3.041448430637049
1012	1011	3.5111755599301957
1000	1006	3.3894260161267757
1011	1011	2.2602788737962003
1010	1011	2.6828871563715917
1009	1008	1.9304086773074751
=========================

Tempo:380018.03466666664
Destinazione	 NEXTHOP	 Costo
1008	1008	1.51419515653553
1006	1006	1.5185899869332697
1005	1006	2.041223280426264
1004	1006	2.4421151489686883
1003	1006	2.8430070175111126
1002	1006	2.6934708451473224
1001	1006	3.041448430637049
1012	1011	3.5111755599301957
1000	1006	3.3894260161267757
1011	1011	2.2602788737962003
1010	1011	2.6828871563715917
1009	1008	1.9304086773074751
=========================

Tempo:380018.03466666664
Destinazione	 NEXTHOP	 Costo
1008	1008	1.51419515653553
1006	1006	1.5185899869332697
1005	1006	2.041223280426264
1004	1006	2.4421151489686883
1003	1006	2.8430070175111126
1002	1006	2.6934708451473224
1001	1006	3.041448430637049
1000	1006	3.3894260161267757
1009	1008	1.9304086773074751
=========================

Tempo:385018.03466666664
Destinazione	 NEXTHOP	 Costo
1008	1008	1.51419515653553
1006	1006	1.5098741888335507
1005	1006	2.041223280426264
1004	1006	2.4421151489686883
1003	1006	2.8430070175111126
1002	1006	2.6934708451473224
1001	1006	3.041448430637049
1012	1006	6.531437001242349
1000	1006	3.3894260161267757
1011	1006	4.999731557560676
1010	1006	4.704407692300713
1009	1008	1.9304086773074751
=========================

Tempo:385018.03466666664
Destinazione	 NEXTHOP	 Costo
1008	1008	1.5056252372599377
1006	1006	1.5098741888335507
1005	1006	2.041223280426264
1004	1006	2.4421151489686883
1003	1006	2.8430070175111126
1002	1006	2.6934708451473224
1001	1006	3.041448430637049
1012	1008	4.042436985792247
1000	1006	3.3894260161267757
1011	1008	3.1945335034671625
1010	1008	3.8519160700231216
1009	1008	1.9304086773074751
=========================

Tempo:390018.03466666664
Destinazione	 NEXTHOP	 Costo
1008	1008	1.5056252372599377
1006	1006	1.0980626870926657
1005	1006	2.041223280426264
1004	1006	2.4421151489686883
1003	1006	2.8430070175111126
1002	1006	2.6934708451473224
1001	1006	3.041448430637049
1012	1008	4.042436985792247
1000	1006	3.3894260161267757
1011	1008	3.1945335034671625
1010	1008	3.8519160700231216
1009	1008	1.9304086773074751
=========================

Tempo:390018.03466666664
Destinazione	 NEXTHOP	 Costo
1008	1008	1.5003702778549937
1006	1006	1.0980626870926657
1005	1006	2.041223280426264
1004	1006	2.4421151489686883
1003	1006	2.8430070175111126
1002	1006	2.6934708451473224
1001	1006	3.041448430637049
1012	1008	3.8003749041431503
1000	1006	3.3894260161267757
1011	1008	3.1945335034671625
1010	1008	3.6963361788539597
1009	1008	1.9304086773074751
=========================

Tempo:395018.03466666664
Destinazione	 NEXTHOP	 Costo
1008	1008	1.5003702778549937
1006	1006	0.7118220111048512
1005	1006	2.041223280426264
1004	1006	2.4421151489686883
1003	1006	2.8430070175111126
1002	1006	2.6934708451473224
1001	1006	3.041448430637049
1012	1008	3.8003749041431503
1000	1006	3.3894260161267757
1011	1008	3.1945335034671625
1010	1008	3.6963361788539597
1009	1008	1.9304086773074751
=========================

Tempo:395018.03466666664
Destinazione	 NEXTHOP	 Costo
1008	1008	1.501290163108551
1006	1006	0.7118220111048512
1005	1006	2.041223280426264
1004	1006	2.4421151489686883
1003	1006	2.8430070175111126
1002	1006	2.6934708451473224
1001	1006	3.041448430637049
1012	1008	3.8003749041431503
1000	1006	3.3894260161267757
1011	1008	3.1945335034671625
1010	1008	3.6963361788539597
1009	1008	1.9304086773074751
=========================

Tempo:400018.03466666664
Destinazione	 NEXTHOP	 Costo
1008	1008	1.501290163108551
1006	1006	0.6042655327521798
1005	1006	2.041223280426264
1004	1006	2.4421151489686883
1003	1006	2.8430070175111126
1002	1006	2.6934708451473224
1001	1006	3.041448430637049
1012	1008	3.8003749041431503
1000	1006	3.3894260161267757
1011	1008	3.1945335034671625
1010	1008	3.6963361788539597
1009	1008	1.9304086773074751
=========================

Tempo:400018.03466666664
Destinazione	 NEXTHOP	 Costo
1000	1006	3.3894260161267757
1011	1008	3.1945335034671625
1010	1008	3.6963361788539597
1008	1008	1.5052195168933737
1006	1006	0.6042655327521798
1005	1006	2.041223280426264
1004	1006	2.4421151489686883
1003	1006	2.8430070175111126
1002	1006	2.6934708451473224
1013	1008	5.221494114863284
1001	1006	3.041448430637049
1012	1008	3.6654067762275613
1009	1008	1.9304086773074751
=========================

Tempo:405018.03466666664
Destinazione	 NEXTHOP	 Costo
1000	1006	3.3894260161267757
1011	1008	3.1945335034671625
1010	1008	3.6963361788539597
1008	1008	1.5052195168933737
1006	1006	0.5667879941987448
1005	1006	2.041223280426264
1004	1006	2.4421151489686883
1003	1006	2.8430070175111126
1002	1006	2.6934708451473224
1013	1008	5.221494114863284
1001	1006	3.041448430637049
1012	1008	3.6654067762275613
1009	1008	1.9304086773074751
=========================

Tempo:405018.03466666664
Destinazione	 NEXTHOP	 Costo
1000	1006	3.3894260161267757
1011	1008	3.1945335034671625
1010	1008	3.599390015062317
1008	1008	1.5103872524786026
1006	1006	0.5667879941987448
1005	1006	2.041223280426264
1004	1006	2.4421151489686883
1003	1006	2.8430070175111126
1002	1006	2.6934708451473224
1013	1008	5.021562812408798
1001	1006	3.041448430637049
1012	1008	3.489857368727126
1009	1008	1.9304086773074751
=========================

Tempo:410018.03466666664
Destinazione	 NEXTHOP	 Costo
1000	1006	3.3894260161267757
1011	1008	3.1945335034671625
1010	1008	3.599390015062317
1008	1008	1.5103872524786026
1006	1006	0.5990317303166448
1005	1006	2.041223280426264
1004	1006	2.4421151489686883
1003	1006	2.8430070175111126
1002	1006	2.6934708451473224
1013	1008	5.021562812408798
1001	1006	3.041448430637049
1012	1008	3.489857368727126
1009	1008	1.9304086773074751
=========================

Tempo:410018.03466666664
Destinazione	 NEXTHOP	 Costo
1000	1006	3.3894260161267757
1011	1008	3.1945335034671625
1010	1008	3.444748707608846
1008	1008	1.5143400303013708
1006	1006	0.5990317303166448
1005	1006	2.041223280426264
1004	1006	2.4421151489686883
1003	1006	2.8430070175111126
1002	1006	2.6934708451473224
1013	1008	5.021562812408798
1001	1006	3.041448430637049
1012	1008	3.489857368727126
1009	1008	1.9304086773074751
=========================

Tempo:415018.03466666664
Destinazione	 NEXTHOP	 Costo
1000	1006	3.3894260161267757
1011	1008	3.1945335034671625
1010	1008	3.444748707608846
1008	1008	1.5143400303013708
1006	1006	0.7006874842453902
1005	1006	2.041223280426264
1004	1006	2.4421151489686883
1003	1006	2.8430070175111126
1002	1006	2.6934708451473224
1013	1008	5.021562812408798
1001	1006	3.041448430637049
1012	1008	3.489857368727126
1009	1008	1.9304086773074751
=========================

Tempo:415018.03466666664
Destinazione	 NEXTHOP	 Costo
1000	1006	3.3894260161267757
1011	1008	3.1945335034671625
1010	1008	3.444748707608846
1008	1008	1.5153981005559558
1006	1006	0.7006874842453902
1005	1006	2.041223280426264
1004	1006	2.4421151489686883
1003	1006	2.8430070175111126
1002	1006	2.6934708451473224
1013	1008	5.021562812408798
1001	1006	3.041448430637049
1012	1008	3.489857368727126
1009	1008	1.9304086773074751
=========================

Tempo:420018.03466666664
Destinazione	 NEXTHOP	 Costo
1000	1006	3.3894260161267757
1011	1008	3.1945335034671625
1010	1008	3.444748707608846
1008	1008	1.5153981005559558
1006	1006	1.0519661094057453
1005	1006	2.041223280426264
1004	1006	2.4421151489686883
1003	1006	2.8430070175111126
1002	1006	2.6934708451473224
1013	1008	5.021562812408798
1001	1006	3.041448430637049
1012	1008	3.489857368727126
1009	1008	1.9304086773074751
=========================

Tempo:420018.03466666664
Destinazione	 NEXTHOP	 Costo
1000	1006	3.3894260161267757
1011	1008	3.1945335034671625
1010	1008	3.035219468213303
1008	1008	1.1048107909058278
1006	1006	1.0519661094057453
1005	1006	2.041223280426264
1004	1006	2.4421151489686883
1003	1006	2.8430070175111126
1002	1006	2.6934708451473224
1013	1008	5.021562812408798
1001	1006	3.041448430637049
1012	1008	3.489857368727126
1009	1008	1.9304086773074751
=========================

Tempo:425018.03466666664
Destinazione	 NEXTHOP	 Costo
1000	1006	3.3894260161267757
1011	1008	3.1945335034671625
1010	1008	3.035219468213303
1008	1008	1.1048107909058278
1006	1006	1.50994588667041
1005	1006	2.041223280426264
1004	1006	2.4421151489686883
1003	1006	2.8430070175111126
1002	1006	2.6934708451473224
1013	1008	5.021562812408798
1001	1006	3.041448430637049
1012	1008	3.489857368727126
1009	1008	1.9304086773074751
=========================

Tempo:425018.03466666664
Destinazione	 NEXTHOP	 Costo
1000	1006	3.3894260161267757
1011	1008	3.1945335034671625
1010	1008	2.6464994939778275
1008	1008	0.7160908166703523
1006	1006	1.50994588667041
1005	1006	2.041223280426264
1004	1006	2.4421151489686883
1003	1006	2.8430070175111126
1002	1006	2.6934708451473224
1013	1008	4.516465720813502
1001	1006	3.041448430637049
1012	1008	3.489857368727126
1009	1008	1.9304086773074751
=========================

Tempo:430018.03466666664
Destinazione	 NEXTHOP	 Costo
1000	1006	3.3894260161267757
1011	1008	3.1945335034671625
1010	1008	2.6464994939778275
1008	1008	0.7160908166703523
1006	1006	1.5106386936325287
1005	1006	2.041223280426264
1004	1006	2.4421151489686883
1003	1006	2.8430070175111126
1002	1006	2.6934708451473224
1013	1008	4.516465720813502
1001	1006	3.041448430637049
1012	1008	3.489857368727126
1009	1008	1.9304086773074751
=========================

Tempo:430018.03466666664
Destinazione	 NEXTHOP	 Costo
1000	1006	3.3894260161267757
1011	1008	3.1945335034671625
1010	1008	2.5380893351501608
1008	1008	0.6076806578426857
1006	1006	1.5106386936325287
1005	1006	2.041223280426264
1004	1006	2.4421151489686883
1003	1006	2.8430070175111126
1002	1006	2.6934708451473224
1013	1008	4.408055561985836
1001	1006	3.041448430637049
1012	1008	3.489857368727126
1009	1008	1.9304086773074751
=========================

Tempo:435018.03466666664
Destinazione	 NEXTHOP	 Costo
1000	1006	3.3894260161267757
1011	1008	3.1945335034671625
1010	1008	2.5380893351501608
1008	1008	0.6076806578426857
1006	1006	1.5140660426673478
1005	1006	2.032322866963577
1004	1006	2.4421151489686883
1003	1006	2.8430070175111126
1002	1006	2.6934708451473224
1013	1008	4.408055561985836
1001	1006	3.041448430637049
1012	1008	3.489857368727126
1009	1008	1.9304086773074751
=========================

Tempo:435018.03466666664
Destinazione	 NEXTHOP	 Costo
1000	1006	3.3894260161267757
1011	1008	3.1945335034671625
1010	1008	2.500164699440921
1008	1008	0.569756022133446
1006	1006	1.5140660426673478
1005	1006	2.032322866963577
1004	1006	2.4421151489686883
1003	1006	2.8430070175111126
1014	1008	5.79125013699673
1002	1006	2.6934708451473224
1013	1008	4.235162798361007
1001	1006	3.041448430637049
1012	1008	3.489857368727126
1009	1008	1.9304086773074751
=========================

Tempo:440018.03466666664
Destinazione	 NEXTHOP	 Costo
1000	1006	3.3894260161267757
1011	1008	3.1945335034671625
1010	1008	2.500164699440921
1008	1008	0.569756022133446
1006	1006	1.5186318377266481
1005	1006	2.006209913742973
1004	1006	2.4421151489686883
1003	1006	2.8430070175111126
1014	1008	5.79125013699673
1002	1006	2.6934708451473224
1013	1008	4.235162798361007
1001	1006	3.041448430637049
1012	1008	3.489857368727126
1009	1008	1.9304086773074751
=========================

Tempo:440018.03466666664
Destinazione	 NEXTHOP	 Costo
1000	1006	3.3894260161267757
1011	1008	3.1945335034671625
1010	1008	2.500164699440921
1008	1008	0.6019748088284467
1006	1006	1.5186318377266481
1005	1006	2.006209913742973
1004	1006	2.4421151489686883
1003	1006	2.8430070175111126
1014	1008	5.623537621237245
1002	1006	2.6934708451473224
1013	1008	4.091832177555572
1001	1006	3.041448430637049
1012	1008	3.489857368727126
1009	1008	1.9304086773074751
=========================

Tempo:445018.03466666664
Destinazione	 NEXTHOP	 Costo
1000	1006	3.3894260161267757
1011	1008	3.1945335034671625
1010	1008	2.500164699440921
1008	1008	0.6019748088284467
1006	1006	1.5186318377266481
1005	1006	2.006209913742973
1004	1006	2.4421151489686883
1003	1006	2.8430070175111126
1014	1008	5.623537621237245
1002	1006	2.6934708451473224
1013	1008	4.091832177555572
1001	1006	3.041448430637049
1012	1008	3.489857368727126
1009	1008	1.9304086773074751
=========================

Tempo:445018.03466666664
Destinazione	 NEXTHOP	 Costo
1000	1006	3.3894260161267757
1011	1008	3.1945335034671625
1010	1008	2.500164699440921
1008	1008	0.6019748088284467
1006	1006	1.5221099632263952
1005	1006	2.006209913742973
1004	1006	2.4421151489686883
1003	1006	2.8430070175111126
1014	1008	5.623537621237245
1002	1006	2.6934708451473224
1013	1008	4.091832177555572
1001	1006	3.041448430637049
1012	1008	3.489857368727126
1009	1008	1.9304086773074751
=========================

Tempo:445018.03466666664
Destinazione	 NEXTHOP	 Costo
1000	1006	3.3894260161267757
1011	1008	3.1945335034671625
1010	1008	2.500164699440921
1008	1008	0.7040380906004547
1006	1006	1.5221099632263952
1005	1006	2.006209913742973
1004	1006	2.4421151489686883
1003	1006	2.8430070175111126
1014	1008	5.623537621237245
1002	1006	2.6934708451473224
1013	1008	4.091832177555572
1001	1006	3.041448430637049
1012	1008	3.489857368727126
1009	1008	1.9304086773074751
=========================

Tempo:450018.03466666664
Destinazione	 NEXTHOP	 Costo
1000	1006	3.3894260161267757
1011	1008	3.1945335034671625
1010	1008	2.500164699440921
1008	1008	0.7040380906004547
1006	1006	1.5221099632263952
1005	1006	2.006209913742973
1004	1006	2.4421151489686883
1003	1006	2.8430070175111126
1014	1008	5.623537621237245
1002	1006	2.6934708451473224
1013	1008	4.091832177555572
1001	1006	3.041448430637049
1012	1008	3.489857368727126
1009	1008	1.9304086773074751
=========================

Tempo:450018.03466666664
Destinazione	 NEXTHOP	 Costo
1000	1006	3.3894260161267757
1011	1008	3.1945335034671625
1010	1008	2.500164699440921
1008	1008	0.7040380906004547
1006	1006	1.4428586371771703
1005	1006	2.006209913742973
1004	1006	2.4421151489686883
1003	1006	2.8430070175111126
1014	1008	5.623537621237245
1002	1006	2.6934708451473224
1013	1008	4.091832177555572
1001	1006	3.041448430637049
1012	1008	3.489857368727126
1009	1008	1.9304086773074751
=========================

Tempo:450018.03466666664
Destinazione	 NEXTHOP	 Costo
1000	1006	3.3894260161267757
1011	1008	3.1945335034671625
1010	1008	2.500164699440921
1008	1008	1.0574859999071289
1006	1006	1.4428586371771703
1005	1006	2.006209913742973
1004	1006	2.4421151489686883
1003	1006	2.8430070175111126
1014	1008	5.623537621237245
1002	1006	2.6934708451473224
1013	1008	4.091832177555572
1001	1006	3.041448430637049
1012	1008	3.489857368727126
1009	1008	1.9304086773074751
=========================

Tempo:455018.03466666664
Destinazione	 NEXTHOP	 Costo
1000	1006	3.3894260161267757
1011	1008	3.1945335034671625
1010	1008	2.500164699440921
1008	1008	1.0574859999071289
1006	1006	1.4428586371771703
1005	1006	2.006209913742973
1004	1006	2.4421151489686883
1003	1006	2.8430070175111126
1014	1008	5.623537621237245
1002	1006	2.6934708451473224
1013	1008	4.091832177555572
1001	1006	3.041448430637049
1012	1008	3.489857368727126
1009	1008	1.9304086773074751
=========================

Tempo:455018.03466666664
Destinazione	 NEXTHOP	 Costo
1000	1006	3.3894260161267757
1011	1008	3.1945335034671625
1010	1008	2.500164699440921
1008	1008	1.0574859999071289
1006	1006	0.9906802106272912
1005	1006	2.006209913742973
1004	1006	2.4421151489686883
1003	1006	2.8430070175111126
1014	1008	5.623537621237245
1002	1006	2.6934708451473224
1013	1008	4.091832177555572
1001	1006	3.041448430637049
1012	1008	3.489857368727126
1009	1008	1.9304086773074751
=========================

Tempo:455018.03466666664
Destinazione	 NEXTHOP	 Costo
1000	1006	3.3894260161267757
1011	1008	3.1945335034671625
1010	1008	2.500164699440921
1008	1008	1.5193450068082726
1006	1006	0.9906802106272912
1005	1006	2.006209913742973
1004	1006	2.4421151489686883
1003	1006	2.8430070175111126
1014	1008	5.623537621237245
1002	1006	2.6934708451473224
1013	1008	4.091832177555572
1001	1006	3.041448430637049
1012	1008	3.489857368727126
1009	1008	1.9304086773074751
=========================

Tempo:460018.03466666664
Destinazione	 NEXTHOP	 Costo
1000	1006	3.3894260161267757
1011	1008	3.1945335034671625
1010	1008	2.500164699440921
1008	1008	1.5193450068082726
1006	1006	0.9906802106272912
1005	1006	2.006209913742973
1004	1006	2.4421151489686883
1003	1006	2.8430070175111126
1014	1008	5.623537621237245
1002	1006	2.6934708451473224
1013	1008	4.091832177555572
1001	1006	3.041448430637049
1012	1008	3.489857368727126
1009	1008	1.9304086773074751
=========================

Tempo:460018.03466666664
Destinazione	 NEXTHOP	 Costo
1000	1006	3.3894260161267757
1011	1008	3.1945335034671625
1010	1008	2.500164699440921
1008	1008	1.5193450068082726
1006	1006	0.6516943340949551
1005	1006	2.006209913742973
1004	1006	2.4421151489686883
1003	1006	2.8430070175111126
1014	1008	5.623537621237245
1002	1006	2.6934708451473224
1013	1008	4.091832177555572
1001	1006	3.041448430637049
1012	1008	3.489857368727126
1009	1008	1.9304086773074751
=========================

Tempo:460018.03466666664
Destinazione	 NEXTHOP	 Costo
1000	1006	3.3894260161267757
1011	1008	3.1945335034671625
1010	1008	2.500164699440921
1008	1008	1.5213525825696255
1006	1006	0.6516943340949551
1005	1006	2.006209913742973
1004	1006	2.4421151489686883
1003	1006	2.8430070175111126
1014	1008	5.623537621237245
1002	1006	2.6934708451473224
1013	1008	4.091832177555572
1001	1006	3.041448430637049
1012	1008	3.489857368727126
1009	1008	1.9304086773074751
=========================

Tempo:465018.03466666664
Destinazione	 NEXTHOP	 Costo
1000	1006	3.3894260161267757
1011	1008	3.1945335034671625
1010	1008	2.500164699440921
1008	1008	1.5213525825696255
1006	1006	0.5182568242962293
1005	1006	2.006209913742973
1004	1006	2.4421151489686883
1003	1006	2.8430070175111126
1014	1008	5.623537621237245
1002	1006	2.6934708451473224
1013	1008	4.091832177555572
1001	1006	3.041448430637049
1012	1008	3.489857368727126
1009	1008	1.9304086773074751
=========================

Tempo:465018.03466666664
Destinazione	 NEXTHOP	 Costo
1000	1006	3.3894260161267757
1011	1008	3.1945335034671625
1010	1008	2.500164699440921
1008	1008	1.5273467816048079
1006	1006	0.5182568242962293
1005	1006	2.006209913742973
1004	1006	2.4421151489686883
1003	1006	2.8430070175111126
1014	1008	5.623537621237245
1002	1006	2.6934708451473224
1013	1008	4.091832177555572
1001	1006	3.041448430637049
1012	1008	3.489857368727126
1009	1008	1.9304086773074751
=========================

Tempo:470018.03466666664
Destinazione	 NEXTHOP	 Costo
1000	1006	3.3894260161267757
1011	1008	3.1945335034671625
1010	1008	2.500164699440921
1008	1008	1.5273467816048079
1006	1006	0.4875780760163247
1005	1006	2.006209913742973
1004	1006	2.4421151489686883
1003	1006	2.8430070175111126
1014	1008	5.623537621237245
1002	1006	2.6934708451473224
1013	1008	4.091832177555572
1001	1006	3.041448430637049
1012	1008	3.489857368727126
1009	1008	1.9304086773074751
=========================

Tempo:470018.03466666664
Destinazione	 NEXTHOP	 Costo
1000	1006	3.3894260161267757
1011	1008	3.1945335034671625
1010	1008	2.500164699440921
1008	1008	1.5344872577847852
1006	1006	0.4875780760163247
1005	1006	2.006209913742973
1004	1006	2.4421151489686883
1015	1008	7.325737394781515
1003	1006	2.8430070175111126
1014	1008	5.623537621237245
1002	1006	2.6934708451473224
1013	1008	4.091832177555572
1001	1006	3.041448430637049
1012	1008	3.489857368727126
1009	1008	1.9304086773074751
=========================

Tempo:475018.03466666664
Destinazione	 NEXTHOP	 Costo
1000	1006	3.3894260161267757
1011	1008	3.1945335034671625
1010	1008	2.500164699440921
1008	1008	1.5344872577847852
1006	1006	0.5596082775148508
1005	1006	2.006209913742973
1004	1006	2.4421151489686883
1015	1008	7.325737394781515
1003	1006	2.8430070175111126
1014	1008	5.623537621237245
1002	1006	2.6934708451473224
1013	1008	4.091832177555572
1001	1006	3.041448430637049
1012	1008	3.489857368727126
1009	1008	1.9304086773074751
=========================

Tempo:475018.03466666664
Destinazione	 NEXTHOP	 Costo
1000	1006	3.3894260161267757
1011	1008	3.1945335034671625
1010	1008	2.500164699440921
1008	1008	1.5388922821322935
1006	1006	0.5596082775148508
1005	1006	2.006209913742973
1004	1006	2.4421151489686883
1015	1008	7.162429903369539
1003	1006	2.8430070175111126
1014	1008	5.623537621237245
1002	1006	2.6934708451473224
1013	1008	4.091832177555572
1001	1006	3.041448430637049
1012	1008	3.489857368727126
1009	1008	1.9304086773074751
=========================

Tempo:480018.03466666664
Destinazione	 NEXTHOP	 Costo
1000	1006	3.3894260161267757
1011	1008	3.1945335034671625
1010	1008	2.500164699440921
1008	1008	1.5388922821322935
1006	1006	0.7556237327782936
1005	1006	2.006209913742973
1004	1006	2.4421151489686883
1015	1008	7.162429903369539
1003	1006	2.8430070175111126
1014	1008	5.623537621237245
1002	1006	2.6934708451473224
1013	1008	4.091832177555572
1001	1006	3.041448430637049
1012	1008	3.489857368727126
1009	1008	1.9304086773074751
=========================

Tempo:480018.03466666664
Destinazione	 NEXTHOP	 Costo
1000	1006	3.3894260161267757
1011	1008	3.1945335034671625
1010	1008	2.500164699440921
1008	1008	1.4576917964973917
1006	1006	0.7556237327782936
1005	1006	2.006209913742973
1004	1006	2.4421151489686883
1015	1008	7.081229417734637
1003	1006	2.8430070175111126
1014	1008	5.549523974052963
1002	1006	2.6934708451473224
1013	1008	4.091832177555572
1001	1006	3.041448430637049
1012	1008	3.489857368727126
1009	1008	1.9304086773074751
=========================

Tempo:485018.03466666664
Destinazione	 NEXTHOP	 Costo
1000	1006	3.3894260161267757
1011	1008	3.1945335034671625
1010	1008	2.500164699440921
1008	1008	1.4576917964973917
1006	1006	1.1549876173698435
1005	1006	2.006209913742973
1004	1006	2.4421151489686883
1015	1008	7.081229417734637
1003	1006	2.8430070175111126
1014	1008	5.549523974052963
1002	1006	2.6934708451473224
1013	1008	4.091832177555572
1001	1006	3.041448430637049
1012	1008	3.489857368727126
1009	1008	1.9304086773074751
=========================

Tempo:485018.03466666664
Destinazione	 NEXTHOP	 Costo
1000	1006	3.3894260161267757
1011	1008	3.1945335034671625
1010	1008	2.500164699440921
1008	1008	1.000323892656754
1006	1006	1.1549876173698435
1005	1006	2.006209913742973
1004	1006	2.4421151489686883
1015	1008	6.623861513893999
1003	1006	2.8430070175111126
1014	1008	5.092156070212326
1002	1006	2.6934708451473224
1013	1008	4.091832177555572
1001	1006	3.041448430637049
1012	1008	3.489857368727126
1009	1008	1.9304086773074751
=========================

Tempo:490018.03466666664
Destinazione	 NEXTHOP	 Costo
1000	1006	3.3894260161267757
1011	1008	3.1945335034671625
1010	1008	2.500164699440921
1008	1008	1.000323892656754
1006	1006	1.5343625106705268
1005	1006	2.006209913742973
1004	1006	2.4421151489686883
1015	1008	6.623861513893999
1003	1006	2.8430070175111126
1014	1008	5.092156070212326
1002	1006	2.6934708451473224
1013	1008	4.091832177555572
1001	1006	3.041448430637049
1012	1008	3.489857368727126
1009	1008	1.9304086773074751
=========================

Tempo:490018.03466666664
Destinazione	 NEXTHOP	 Costo
1000	1006	3.3894260161267757
1011	1008	3.1580487734229283
1010	1008	2.500164699440921
1008	1008	0.6578840739820074
1006	1006	1.5343625106705268
1005	1006	2.006209913742973
1004	1006	2.4421151489686883
1015	1008	6.281421695219253
1003	1006	2.8430070175111126
1014	1008	4.7497162515375795
1002	1006	2.6934708451473224
1013	1008	4.091832177555572
1001	1006	3.041448430637049
1012	1008	3.489857368727126
1009	1008	1.9304086773074751
=========================

Tempo:495018.03466666664
Destinazione	 NEXTHOP	 Costo
1000	1006	3.3894260161267757
1011	1008	3.1580487734229283
1010	1008	2.500164699440921
1008	1008	0.6578840739820074
1006	1006	1.5360257091765293
1005	1006	2.006209913742973
1004	1006	2.4421151489686883
1015	1008	6.281421695219253
1003	1006	2.8430070175111126
1014	1008	4.7497162515375795
1002	1006	2.6934708451473224
1013	1008	4.091832177555572
1001	1006	3.041448430637049
1012	1008	3.489857368727126
1009	1008	1.9304086773074751
=========================

Tempo:495018.03466666664
Destinazione	 NEXTHOP	 Costo
1000	1006	3.3894260161267757
1011	1008	3.0231041573288113
1010	1008	2.4533481351953657
1008	1008	0.5229394578878905
1006	1006	1.5360257091765293
1005	1006	2.006209913742973
1004	1006	2.4421151489686883
1015	1008	6.146477079125136
1003	1006	2.8430070175111126
1014	1008	4.6147716354434625
1002	1006	2.6934708451473224
1013	1008	4.012796826615016
1001	1006	3.041448430637049
1012	1008	3.489857368727126
1009	1008	1.9304086773074751
=========================

Tempo:500018.03466666664
Destinazione	 NEXTHOP	 Costo
1000	1006	3.3894260161267757
1011	1008	3.0231041573288113
1010	1008	2.4533481351953657
1008	1008	0.5229394578878905
1006	1006	1.5413697819046135
1005	1006	2.006209913742973
1004	1006	2.4421151489686883
1015	1008	6.146477079125136
1003	1006	2.8430070175111126
1014	1008	4.6147716354434625
1002	1006	2.6934708451473224
1013	1008	4.012796826615016
1001	1006	3.041448430637049
1012	1008	3.489857368727126
1009	1008	1.9304086773074751
=========================

Tempo:500018.03466666664
Destinazione	 NEXTHOP	 Costo
1000	1006	3.3894260161267757
1011	1008	2.9918976246219495
1010	1008	2.4221416024885034
1008	1008	0.4917329251810285
1006	1006	1.5413697819046135
1005	1006	2.006209913742973
1004	1006	2.4421151489686883
1015	1008	6.115270546418274
1003	1006	2.8430070175111126
1014	1008	4.583565102736601
1002	1006	2.6934708451473224
1013	1008	3.9815902939081544
1001	1006	3.041448430637049
1012	1008	3.489857368727126
1009	1008	1.9304086773074751
=========================

Tempo:505018.03466666664
Destinazione	 NEXTHOP	 Costo
1000	1006	3.3894260161267757
1011	1008	2.9918976246219495
1010	1008	2.4221416024885034
1008	1008	0.4917329251810285
1006	1006	1.5413697819046135
1005	1006	2.006209913742973
1004	1006	2.4421151489686883
1015	1008	6.115270546418274
1003	1006	2.8430070175111126
1014	1008	4.583565102736601
1002	1006	2.6934708451473224
1013	1008	3.9815902939081544
1001	1006	3.041448430637049
1012	1008	3.489857368727126
1009	1008	1.9304086773074751
=========================

Tempo:505018.03466666664
Destinazione	 NEXTHOP	 Costo
1000	1006	3.3894260161267757
1011	1008	2.9918976246219495
1010	1008	2.4221416024885034
1008	1008	0.4917329251810285
1006	1006	1.54778647251011
1005	1006	2.006209913742973
1004	1006	2.4421151489686883
1015	1008	6.115270546418274
1003	1006	2.8430070175111126
1014	1008	4.583565102736601
1002	1006	2.6934708451473224
1013	1008	3.9815902939081544
1001	1006	3.041448430637049
1012	1008	3.489857368727126
1009	1008	1.9304086773074751
=========================

Tempo:505018.03466666664
Destinazione	 NEXTHOP	 Costo
1000	1006	3.3894260161267757
1011	1008	2.9918976246219495
1010	1008	2.4221416024885034
1008	1008	0.5641835428199261
1006	1006	1.54778647251011
1005	1006	2.006209913742973
1016	1008	7.889920937601441
1004	1006	2.4421151489686883
1015	1008	6.115270546418274
1003	1006	2.8430070175111126
1014	1008	4.583565102736601
1002	1006	2.6934708451473224
1013	1008	3.9815902939081544
1001	1006	3.041448430637049
1012	1008	3.489857368727126
1009	1008	1.9304086773074751
=========================

Tempo:505018.03466666664
Destinazione	 NEXTHOP	 Costo
1000	1006	3.3894260161267757
1011	1008	2.9918976246219495
1010	1008	2.4221416024885034
1008	1008	0.5641835428199261
1006	1006	1.54778647251011
1005	1006	2.006209913742973
1016	1008	7.889920937601441
1004	1006	2.4421151489686883
1015	1008	6.115270546418274
1003	1006	2.8430070175111126
1014	1008	4.583565102736601
1002	1006	2.6934708451473224
1013	1008	3.9815902939081544
1001	1006	3.041448430637049
1012	1008	3.489857368727126
1009	1008	1.9304086773074751
=========================

Tempo:510018.03466666664
Destinazione	 NEXTHOP	 Costo
1000	1006	3.3894260161267757
1011	1008	2.9918976246219495
1010	1008	2.4221416024885034
1008	1008	0.5641835428199261
1006	1006	1.54778647251011
1005	1006	2.006209913742973
1016	1008	7.889920937601441
1004	1006	2.4421151489686883
1015	1008	6.115270546418274
1003	1006	2.8430070175111126
1014	1008	4.583565102736601
1002	1006	2.6934708451473224
1013	1008	3.9815902939081544
1001	1006	3.041448430637049
1012	1008	3.489857368727126
1009	1008	1.9304086773074751
=========================

Tempo:510018.03466666664
Destinazione	 NEXTHOP	 Costo
1000	1006	3.3894260161267757
1011	1008	2.9918976246219495
1010	1008	2.4221416024885034
1008	1008	0.5641835428199261
1006	1006	1.3607774791117562
1005	1006	2.006209913742973
1016	1008	7.889920937601441
1004	1006	2.4421151489686883
1015	1008	6.115270546418274
1003	1006	2.8430070175111126
1014	1008	4.583565102736601
1002	1006	2.6934708451473224
1013	1008	3.9815902939081544
1001	1006	3.041448430637049
1012	1008	3.489857368727126
1009	1008	1.9304086773074751
=========================

Tempo:510018.03466666664
Destinazione	 NEXTHOP	 Costo
1000	1006	3.3894260161267757
1011	1008	2.9918976246219495
1010	1008	2.4221416024885034
1008	1008	0.7621466595057296
1006	1006	1.3607774791117562
1005	1006	2.006209913742973
1016	1008	7.889920937601441
1004	1006	2.4421151489686883
1015	1008	6.115270546418274
1003	1006	2.8430070175111126
1014	1008	4.583565102736601
1002	1006	2.6934708451473224
1013	1008	3.9815902939081544
1001	1006	3.041448430637049
1012	1008	3.489857368727126
1009	1008	1.9304086773074751
=========================

Tempo:510018.03466666664
Destinazione	 NEXTHOP	 Costo
1000	1006	3.3894260161267757
1011	1008	2.9918976246219495
1010	1008	2.4221416024885034
1008	1008	0.7621466595057296
1006	1006	1.3607774791117562
1005	1006	2.006209913742973
1016	1008	7.889920937601441
1004	1006	2.4421151489686883
1015	1008	6.115270546418274
1003	1006	2.8430070175111126
1014	1008	4.583565102736601
1002	1006	2.6934708451473224
1013	1008	3.9815902939081544
1001	1006	3.041448430637049
1012	1008	3.489857368727126
1009	1008	1.9304086773074751
=========================

Tempo:515018.03466666664
Destinazione	 NEXTHOP	 Costo
1000	1006	3.3894260161267757
1011	1008	2.9918976246219495
1010	1008	2.4221416024885034
1008	1008	0.7621466595057296
1006	1006	1.3607774791117562
1005	1006	2.006209913742973
1016	1008	7.889920937601441
1004	1006	2.4421151489686883
1015	1008	6.115270546418274
1003	1006	2.8430070175111126
1014	1008	4.583565102736601
1002	1006	2.6934708451473224
1013	1008	3.9815902939081544
1001	1006	3.041448430637049
1012	1008	3.489857368727126
1009	1008	1.9304086773074751
=========================

Tempo:515018.03466666664
Destinazione	 NEXTHOP	 Costo
1000	1006	3.3894260161267757
1011	1008	2.9918976246219495
1010	1008	2.4221416024885034
1008	1008	0.7621466595057296
1006	1006	0.92156740841564
1005	1006	2.006209913742973
1016	1008	7.889920937601441
1004	1006	2.1690302298352186
1015	1008	6.115270546418274
1003	1006	2.671328338453611
1014	1008	4.583565102736601
1002	1006	2.6934708451473224
1013	1008	3.9815902939081544
1001	1006	3.041448430637049
1012	1008	3.489857368727126
1009	1008	1.9304086773074751
=========================

Tempo:515018.03466666664
Destinazione	 NEXTHOP	 Costo
1000	1006	3.3894260161267757
1011	1008	2.9918976246219495
1010	1008	2.4221416024885034
1008	1008	1.1678826368858946
1006	1006	0.92156740841564
1005	1006	2.006209913742973
1016	1008	7.889920937601441
1004	1006	2.1690302298352186
1015	1008	6.115270546418274
1003	1006	2.671328338453611
1014	1008	4.583565102736601
1002	1006	2.6934708451473224
1013	1008	3.9815902939081544
1001	1006	3.041448430637049
1012	1008	3.489857368727126
1009	1008	1.9304086773074751
=========================

Tempo:515018.03466666664
Destinazione	 NEXTHOP	 Costo
1000	1006	3.3894260161267757
1011	1008	2.9918976246219495
1010	1008	2.4221416024885034
1008	1008	1.1678826368858946
1006	1006	0.92156740841564
1005	1006	2.006209913742973
1016	1008	7.889920937601441
1004	1006	2.1690302298352186
1015	1008	6.115270546418274
1003	1006	2.671328338453611
1014	1008	4.583565102736601
1002	1006	2.6934708451473224
1013	1008	3.9815902939081544
1001	1006	3.041448430637049
1012	1008	3.489857368727126
1009	1008	1.9304086773074751
=========================

Tempo:520018.03466666664
Destinazione	 NEXTHOP	 Costo
1000	1006	3.3894260161267757
1011	1008	2.9918976246219495
1010	1008	2.4221416024885034
1008	1008	1.1678826368858946
1006	1006	0.92156740841564
1005	1006	2.006209913742973
1016	1008	7.889920937601441
1004	1006	2.1690302298352186
1015	1008	6.115270546418274
1003	1006	2.671328338453611
1014	1008	4.583565102736601
1002	1006	2.6934708451473224
1013	1008	3.9815902939081544
1001	1006	3.041448430637049
1012	1008	3.489857368727126
1009	1008	1.9304086773074751
=========================

Tempo:520018.03466666664
Destinazione	 NEXTHOP	 Costo
1000	1006	3.3894260161267757
1011	1008	2.9918976246219495
1010	1008	2.4221416024885034
1008	1008	1.1678826368858946
1006	1006	0.6252894857501046
1005	1006	2.006209913742973
1016	1008	7.889920937601441
1004	1006	1.8727523071696834
1015	1008	6.115270546418274
1003	1006	2.375050415788075
1014	1008	4.583565102736601
1002	1006	2.6934708451473224
1013	1008	3.9815902939081544
1001	1006	3.041448430637049
1012	1008	3.489857368727126
1009	1008	1.9304086773074751
=========================

Tempo:520018.03466666664
Destinazione	 NEXTHOP	 Costo
1000	1006	3.3894260161267757
1011	1008	2.9918976246219495
1010	1008	2.4221416024885034
1008	1008	1.5570893839101936
1006	1006	0.6252894857501046
1005	1006	2.006209913742973
1016	1008	7.889920937601441
1004	1006	1.8727523071696834
1015	1008	6.115270546418274
1003	1006	2.375050415788075
1014	1008	4.583565102736601
1002	1006	2.6934708451473224
1013	1008	3.9815902939081544
1001	1006	3.041448430637049
1012	1008	3.489857368727126
1009	1008	1.9304086773074751
=========================

Tempo:520018.03466666664
Destinazione	 NEXTHOP	 Costo
1000	1006	3.3894260161267757
1011	1008	2.9918976246219495
1010	1008	2.4221416024885034
1008	1008	1.5570893839101936
1006	1006	0.6252894857501046
1005	1006	2.006209913742973
1016	1008	7.889920937601441
1004	1006	1.8727523071696834
1015	1008	6.115270546418274
1003	1006	2.375050415788075
1014	1008	4.583565102736601
1002	1006	2.6934708451473224
1013	1008	3.9815902939081544
1001	1006	3.041448430637049
1012	1008	3.489857368727126
1009	1008	1.9304086773074751
=========================

Tempo:525018.0346666666
Destinazione	 NEXTHOP	 Costo
1000	1006	3.3894260161267757
1011	1008	2.9918976246219495
1010	1008	2.4221416024885034
1008	1008	1.5570893839101936
1006	1006	0.6252894857501046
1005	1006	2.006209913742973
1016	1008	7.889920937601441
1004	1006	1.8727523071696834
1015	1008	6.115270546418274
1003	1006	2.375050415788075
1014	1008	4.583565102736601
1002	1006	2.6934708451473224
1013	1008	3.9815902939081544
1001	1006	3.041448430637049
1012	1008	3.489857368727126
1009	1008	1.9304086773074751
=========================

Tempo:525018.0346666666
Destinazione	 NEXTHOP	 Costo
1000	1006	3.3894260161267757
1011	1008	2.9918976246219495
1010	1008	2.4221416024885034
1008	1008	1.5570893839101936
1006	1006	0.5133543554055359
1005	1006	1.7102220568548736
1016	1008	7.889920937601441
1004	1006	1.7608171768251148
1015	1008	6.115270546418274
1003	1006	2.2631152854435066
1014	1008	4.583565102736601
1002	1006	2.6934708451473224
1013	1008	3.9815902939081544
1001	1006	3.041448430637049
1012	1008	3.489857368727126
1009	1008	1.9304086773074751
=========================

Tempo:525018.0346666666
Destinazione	 NEXTHOP	 Costo
1000	1006	3.3894260161267757
1011	1008	2.9918976246219495
1010	1008	2.4221416024885034
1008	1008	1.5624053134169704
1006	1006	0.5133543554055359
1005	1006	1.7102220568548736
1016	1008	7.843827008636223
1004	1006	1.7608171768251148
1015	1008	6.115270546418274
1003	1006	2.2631152854435066
1014	1008	4.583565102736601
1002	1006	2.6934708451473224
1013	1008	3.9815902939081544
1001	1006	3.041448430637049
1012	1008	3.489857368727126
1009	1008	1.9304086773074751
=========================

Tempo:530018.0346666666
Destinazione	 NEXTHOP	 Costo
1000	1006	3.3894260161267757
1011	1008	2.9918976246219495
1010	1008	2.4221416024885034
1008	1008	1.5624053134169704
1006	1006	0.5133543554055359
1005	1005	2.4102263035313247
1016	1008	7.843827008636223
1004	1006	1.7608171768251148
1015	1008	6.115270546418274
1003	1006	2.2631152854435066
1014	1008	4.583565102736601
1002	1006	2.6934708451473224
1013	1008	3.9815902939081544
1001	1006	3.041448430637049
1012	1008	3.489857368727126
1009	1008	1.9304086773074751
=========================

Tempo:530018.0346666666
Destinazione	 NEXTHOP	 Costo
1000	1006	3.3894260161267757
1011	1008	2.9918976246219495
1010	1008	2.4221416024885034
1008	1008	1.5624053134169704
1006	1006	0.5022981086183917
1005	1006	1.2921431060441333
1016	1008	7.843827008636223
1004	1006	1.7497609300379706
1015	1008	6.115270546418274
1003	1006	2.2520590386563626
1014	1008	4.583565102736601
1002	1006	2.6934708451473224
1013	1008	3.9815902939081544
1001	1006	3.041448430637049
1012	1008	3.489857368727126
1009	1008	1.9304086773074751
=========================

Tempo:530018.0346666666
Destinazione	 NEXTHOP	 Costo
1000	1006	3.3894260161267757
1011	1008	2.9918976246219495
1010	1008	2.4221416024885034
1008	1008	1.5628328919634806
1006	1006	0.5022981086183917
1005	1006	1.2921431060441333
1016	1008	7.709309971088617
1004	1006	1.7497609300379706
1015	1008	6.115270546418274
1003	1006	2.2520590386563626
1014	1008	4.583565102736601
1002	1006	2.6934708451473224
1013	1008	3.9815902939081544
1001	1006	3.041448430637049
1012	1008	3.489857368727126
1009	1008	1.9304086773074751
=========================

Tempo:535018.0346666666
Destinazione	 NEXTHOP	 Costo
1000	1006	3.3894260161267757
1011	1008	2.9918976246219495
1010	1008	2.4221416024885034
1008	1008	1.5628328919634806
1006	1006	0.5022981086183917
1005	1005	2.4691727268038397
1016	1008	7.709309971088617
1004	1006	1.7497609300379706
1015	1008	6.115270546418274
1003	1006	2.2520590386563626
1014	1008	4.583565102736601
1002	1006	2.6934708451473224
1013	1008	3.9815902939081544
1001	1006	3.041448430637049
1012	1008	3.489857368727126
1009	1008	1.9304086773074751
=========================

Tempo:535018.0346666666
Destinazione	 NEXTHOP	 Costo
1000	1006	3.3894260161267757
1011	1008	2.9918976246219495
1010	1008	2.4221416024885034
1008	1008	1.5628328919634806
1006	1006	0.5931263407517872
1005	1006	1.2474628214195789
1016	1008	7.709309971088617
1004	1006	1.7497609300379706
1015	1008	6.115270546418274
1003	1006	2.2520590386563626
1014	1008	4.583565102736601
1002	1006	2.6934708451473224
1013	1008	3.9815902939081544
1001	1006	3.041448430637049
1012	1008	3.489857368727126
1009	1008	1.9304086773074751
=========================

Tempo:535018.0346666666
Destinazione	 NEXTHOP	 Costo
1000	1006	3.3894260161267757
1011	1008	2.9918976246219495
1010	1008	2.4221416024885034
1008	1008	1.5605173237417584
1006	1006	0.5931263407517872
1005	1006	1.2474628214195789
1016	1008	7.675787870160033
1004	1006	1.7497609300379706
1015	1008	6.115270546418274
1003	1006	2.2520590386563626
1014	1008	4.583565102736601
1002	1006	2.6934708451473224
1013	1008	3.9815902939081544
1001	1006	3.041448430637049
1012	1008	3.489857368727126
1009	1008	1.9304086773074751
=========================
