
Tempo:420018.03466666664
Destinazione	 NEXTHOP	 Costo
=========================

Tempo:420018.03466666664
Destinazione	 NEXTHOP	 Costo
1011	1013	1.7309899638781538
1000	1013	6.512326321963835
1010	1013	2.5560067063015453
1008	1013	3.6934708451473224
1007	1013	4.054744563547027
1006	1013	4.416018281946731
1005	1013	4.772438394515203
1004	1013	5.12041598000493
1003	1013	5.468393565494656
1013	1013	1.0
1002	1013	5.8163711509843825
1012	1013	1.3830123783884272
1001	1013	6.164348736474109
1009	1013	2.8667731710930546
=========================

Tempo:425018.03466666664
Destinazione	 NEXTHOP	 Costo
1011	1012	1.7074790209448545
1000	1012	6.4119109192493084
1010	1012	2.235106691106342
1008	1013	3.6934708451473224
1007	1012	3.976067820821223
1006	1012	4.32404540631095
1005	1012	4.672022991800676
1004	1012	5.0200005772904035
1003	1012	5.36797816278013
1013	1013	1.0
1002	1012	5.715955748269856
1012	1012	1.2825969756739009
1001	1012	6.063933333759582
1009	1013	2.8667731710930546
=========================

Tempo:425018.03466666664
Destinazione	 NEXTHOP	 Costo
1011	1012	1.7074790209448545
1000	1013	6.391959140873997
1010	1012	2.235106691106342
1008	1013	3.5731036640574843
1007	1013	3.934377382457188
1006	1013	4.295651100856893
1005	1013	4.652071213425365
1004	1013	5.000048798915092
1003	1013	5.348026384404818
1013	1013	0.8796328189101617
1002	1013	5.696003969894544
1012	1012	1.2825969756739009
1001	1013	6.043981555384271
1009	1013	2.8667731710930546
=========================

Tempo:430018.03466666664
Destinazione	 NEXTHOP	 Costo
1011	1012	1.7074790209448545
1000	1012	6.3278947076995555
1010	1012	2.235106691106342
1008	1013	3.5731036640574843
1007	1012	3.89205160927147
1006	1012	4.240029194761197
1005	1012	4.5880067802509235
1004	1012	4.93598436574065
1003	1012	5.283961951230377
1013	1013	0.8796328189101617
1002	1012	5.631939536720103
1012	1012	1.1985807641241477
1001	1012	5.979917122209829
1009	1013	2.8667731710930546
=========================

Tempo:430018.03466666664
Destinazione	 NEXTHOP	 Costo
1011	1012	1.7074790209448545
1000	1013	6.312559363660421
1010	1012	2.235106691106342
1008	1013	3.493703886843909
1007	1013	3.8549776052436133
1006	1013	4.216251323643317
1005	1013	4.572671436211789
1004	1013	4.920649021701516
1003	1013	5.268626607191242
1013	1013	0.8002330416965865
1002	1013	5.616604192680969
1012	1012	1.1985807641241477
1001	1013	5.964581778170695
1009	1013	2.718253280195104
=========================

Tempo:435018.03466666664
Destinazione	 NEXTHOP	 Costo
1011	1012	1.7074790209448545
1000	1012	6.187523417988107
1010	1012	2.235106691106342
1008	1013	3.493703886843909
1007	1012	3.751680319560021
1006	1012	4.099657905049748
1005	1012	4.447635490539474
1004	1012	4.795613076029201
1003	1012	5.143590661518928
1013	1013	0.8002330416965865
1002	1012	5.491568247008654
1012	1012	1.0582094744126986
1001	1012	5.839545832498381
1009	1013	2.718253280195104
=========================

Tempo:435018.03466666664
Destinazione	 NEXTHOP	 Costo
1011	1012	1.7074790209448545
1000	1013	6.116197470045435
1010	1013	2.166189520993192
1008	1013	3.2973419932289225
1007	1013	3.658615711628627
1006	1013	4.019889430028331
1005	1013	4.376309542596803
1004	1013	4.72428712808653
1003	1013	5.072264713576256
1013	1013	0.6038711480816
1002	1013	5.420242299065983
1012	1012	1.0582094744126986
1001	1013	5.768219884555709
1009	1013	2.6934708451473224
=========================

Tempo:440018.03466666664
Destinazione	 NEXTHOP	 Costo
1011	1012	1.7074790209448545
1000	1012	6.092690280847527
1010	1013	2.166189520993192
1008	1013	3.2973419932289225
1007	1012	3.6568471824194413
1006	1012	4.004824767909168
1005	1012	4.352802353398895
1004	1012	4.700779938888621
1003	1012	5.048757524378348
1013	1013	0.6038711480816
1002	1012	5.396735109868074
1012	1012	0.9633763372721189
1001	1012	5.7447126953578005
1009	1013	2.6934708451473224
=========================

Tempo:440018.03466666664
Destinazione	 NEXTHOP	 Costo
1011	1012	1.7074790209448545
1000	1013	5.96153872443821
1010	1013	1.8667731710930544
1008	1013	3.1426832476216977
1007	1013	3.503956966021402
1006	1013	3.8652306844211064
1005	1013	4.221650796989579
1004	1013	4.569628382479305
1003	1013	4.917605967969031
1013	1013	0.4492124024743753
1002	1013	5.265583553458757
1012	1012	0.9633763372721189
1001	1013	5.613561138948484
1009	1013	2.6934708451473224
=========================

Tempo:445018.03466666664
Destinazione	 NEXTHOP	 Costo
1011	1012	1.7074790209448545
1000	1013	5.96153872443821
1010	1013	1.8667731710930544
1008	1013	3.1426832476216977
1007	1013	3.503956966021402
1006	1013	3.8652306844211064
1005	1013	4.221650796989579
1004	1013	4.569628382479305
1003	1013	4.917605967969031
1013	1013	0.4492124024743753
1002	1013	5.265583553458757
1012	1012	1.081860867232073
1001	1013	5.613561138948484
1009	1013	2.6934708451473224
=========================

Tempo:445018.03466666664
Destinazione	 NEXTHOP	 Costo
1011	1012	1.7074790209448545
1000	1013	5.873600040363539
1010	1013	1.8667731710930544
1008	1013	3.0547445635470267
1007	1013	3.416018281946731
1006	1013	3.7772920003464354
1005	1013	4.133712112914907
1004	1013	4.481689698404634
1003	1013	4.82966728389436
1013	1013	0.36127371839970424
1002	1013	5.177644869384086
1012	1013	0.7974911017521089
1001	1013	5.525622454873813
1009	1013	2.6934708451473224
=========================

Tempo:450018.03466666664
Destinazione	 NEXTHOP	 Costo
1011	1012	1.7074790209448545
1000	1013	5.873600040363539
1010	1013	1.8667731710930544
1008	1013	3.0547445635470267
1007	1013	3.416018281946731
1006	1013	3.7772920003464354
1005	1013	4.133712112914907
1004	1013	4.481689698404634
1003	1013	4.82966728389436
1013	1013	0.36127371839970424
1002	1013	5.177644869384086
1012	1013	0.7974911017521089
1001	1013	5.525622454873813
1009	1013	2.6934708451473224
=========================

Tempo:450018.03466666664
Destinazione	 NEXTHOP	 Costo
1011	1012	1.7074790209448545
1000	1013	5.873600040363539
1010	1013	1.8667731710930544
1008	1013	3.0547445635470267
1007	1013	3.416018281946731
1006	1013	3.7772920003464354
1005	1013	4.133712112914907
1004	1013	4.481689698404634
1003	1013	4.82966728389436
1013	1013	0.36127371839970424
1002	1013	5.177644869384086
1012	1012	1.288027101658079
1001	1013	5.525622454873813
1009	1013	2.6934708451473224
=========================

Tempo:450018.03466666664
Destinazione	 NEXTHOP	 Costo
1011	1013	1.556006706301545
1000	1013	5.860303907453561
1010	1013	1.8667731710930544
1008	1013	3.0547445635470267
1007	1013	3.416018281946731
1006	1013	3.772438394515203
1005	1013	4.12041598000493
1004	1013	4.468393565494656
1003	1013	4.8163711509843825
1013	1013	0.3830123783884272
1002	1013	5.164348736474109
1012	1013	0.7309899638781537
1001	1013	5.512326321963835
1009	1013	2.6934708451473224
=========================

Tempo:450018.03466666664
Destinazione	 NEXTHOP	 Costo
1011	1013	1.556006706301545
1000	1013	5.860303907453561
1010	1013	1.8667731710930544
1008	1013	3.0547445635470267
1007	1013	3.416018281946731
1006	1013	3.772438394515203
1005	1013	4.12041598000493
1004	1013	4.468393565494656
1015	1015	1.556087338635723
1003	1013	4.8163711509843825
1013	1013	0.3830123783884272
1002	1013	5.164348736474109
1012	1013	0.7309899638781537
1001	1013	5.512326321963835
1009	1013	2.6934708451473224
=========================

Tempo:455018.03466666664
Destinazione	 NEXTHOP	 Costo
1011	1013	1.556006706301545
1000	1013	5.860303907453561
1010	1010	2.0822093316722596
1008	1013	3.0547445635470267
1007	1013	3.416018281946731
1006	1013	3.772438394515203
1005	1013	4.12041598000493
1004	1013	4.468393565494656
1015	1015	1.556087338635723
1003	1013	4.8163711509843825
1013	1013	0.3830123783884272
1002	1013	5.164348736474109
1012	1013	0.7309899638781537
1001	1013	5.512326321963835
1009	1013	2.6934708451473224
=========================

Tempo:455018.03466666664
Destinazione	 NEXTHOP	 Costo
1011	1013	1.556006706301545
1000	1013	5.860303907453561
1010	1010	2.0822093316722596
1008	1013	3.0547445635470267
1007	1013	3.416018281946731
1006	1013	3.772438394515203
1005	1013	4.12041598000493
1004	1013	4.468393565494656
1015	1015	1.556087338635723
1003	1013	4.8163711509843825
1013	1013	0.3830123783884272
1002	1013	5.164348736474109
1012	1013	0.7309899638781537
1001	1013	5.512326321963835
1009	1013	2.6934708451473224
=========================

Tempo:455018.03466666664
Destinazione	 NEXTHOP	 Costo
1011	1013	1.556006706301545
1000	1013	5.860303907453561
1010	1010	2.0822093316722596
1008	1013	3.0547445635470267
1007	1013	3.416018281946731
1006	1013	3.772438394515203
1005	1013	4.12041598000493
1004	1013	4.468393565494656
1015	1015	1.556087338635723
1003	1013	4.8163711509843825
1013	1013	0.3830123783884272
1002	1013	5.164348736474109
1012	1012	1.3713522949670665
1001	1013	5.512326321963835
1009	1013	2.6934708451473224
=========================

Tempo:455018.03466666664
Destinazione	 NEXTHOP	 Costo
1011	1013	1.4752096124698455
1000	1013	5.860303907453561
1010	1010	2.0822093316722596
1008	1013	3.0547445635470267
1007	1013	3.416018281946731
1006	1013	3.772438394515203
1005	1013	4.12041598000493
1004	1013	4.468393565494656
1015	1015	1.556087338635723
1003	1013	4.8163711509843825
1013	1013	0.5226998970374043
1002	1013	5.164348736474109
1012	1013	0.9475819423083578
1001	1013	5.512326321963835
1009	1013	2.6934708451473224
=========================

Tempo:455018.03466666664
Destinazione	 NEXTHOP	 Costo
1011	1013	1.4752096124698455
1000	1013	5.860303907453561
1010	1010	2.0822093316722596
1008	1013	3.0547445635470267
1007	1013	3.416018281946731
1006	1013	3.772438394515203
1005	1013	4.12041598000493
1004	1013	4.468393565494656
1015	1015	1.5317054436816724
1003	1013	4.8163711509843825
1013	1013	0.5226998970374043
1002	1013	5.164348736474109
1012	1013	0.9475819423083578
1001	1013	5.512326321963835
1009	1013	2.6934708451473224
=========================

Tempo:460018.03466666664
Destinazione	 NEXTHOP	 Costo
1011	1013	1.4752096124698455
1000	1013	5.860303907453561
1010	1010	1.9180202384985172
1008	1013	3.0547445635470267
1007	1013	3.416018281946731
1006	1013	3.772438394515203
1005	1013	4.12041598000493
1004	1013	4.468393565494656
1015	1015	1.5317054436816724
1003	1013	4.8163711509843825
1013	1013	0.5226998970374043
1002	1013	5.164348736474109
1012	1013	0.9475819423083578
1001	1013	5.512326321963835
1009	1013	2.6934708451473224
=========================

Tempo:460018.03466666664
Destinazione	 NEXTHOP	 Costo
1011	1011	1.8373882009739497
1000	1013	5.860303907453561
1010	1010	1.9180202384985172
1008	1013	3.0547445635470267
1007	1013	3.416018281946731
1006	1013	3.772438394515203
1005	1013	4.12041598000493
1004	1013	4.468393565494656
1015	1015	1.5317054436816724
1003	1013	4.8163711509843825
1013	1013	0.5226998970374043
1002	1013	5.164348736474109
1012	1013	0.9475819423083578
1001	1013	5.512326321963835
1009	1013	2.6934708451473224
=========================

Tempo:460018.03466666664
Destinazione	 NEXTHOP	 Costo
1011	1012	1.8262531558556856
1000	1013	5.860303907453561
1010	1010	1.9180202384985172
1008	1013	3.0547445635470267
1007	1013	3.416018281946731
1006	1013	3.772438394515203
1005	1013	4.12041598000493
1004	1013	4.468393565494656
1015	1015	1.5317054436816724
1003	1013	4.8163711509843825
1013	1013	0.5226998970374043
1002	1013	5.164348736474109
1012	1012	1.4253612873132613
1001	1013	5.512326321963835
1009	1013	2.6934708451473224
=========================

Tempo:460018.03466666664
Destinazione	 NEXTHOP	 Costo
1011	1012	1.8262531558556856
1000	1013	5.860303907453561
1010	1010	1.9180202384985172
1008	1013	3.0547445635470267
1007	1013	3.416018281946731
1006	1013	3.772438394515203
1005	1013	4.12041598000493
1004	1013	4.468393565494656
1015	1015	1.5317054436816724
1003	1013	4.8163711509843825
1013	1013	0.7824262397962366
1002	1013	5.164348736474109
1012	1012	1.4253612873132613
1001	1013	5.512326321963835
1009	1013	2.6934708451473224
=========================

Tempo:460018.03466666664
Destinazione	 NEXTHOP	 Costo
1011	1012	1.8262531558556856
1000	1013	5.860303907453561
1010	1010	1.9180202384985172
1008	1013	3.0547445635470267
1007	1013	3.416018281946731
1006	1013	3.772438394515203
1005	1013	4.12041598000493
1004	1013	4.468393565494656
1015	1015	1.2960702601691556
1003	1013	4.8163711509843825
1013	1013	0.7824262397962366
1002	1013	5.164348736474109
1012	1012	1.4253612873132613
1001	1013	5.512326321963835
1009	1013	2.6934708451473224
=========================

Tempo:465018.03466666664
Destinazione	 NEXTHOP	 Costo
1011	1012	1.8262531558556856
1000	1013	5.860303907453561
1010	1010	2.0895996970657222
1008	1013	3.0547445635470267
1007	1013	3.416018281946731
1006	1013	3.772438394515203
1005	1013	4.12041598000493
1004	1013	4.468393565494656
1015	1015	1.2960702601691556
1003	1013	4.8163711509843825
1013	1013	0.7824262397962366
1002	1013	5.164348736474109
1012	1012	1.4253612873132613
1001	1013	5.512326321963835
1009	1013	2.6934708451473224
=========================

Tempo:465018.03466666664
Destinazione	 NEXTHOP	 Costo
1011	1011	1.5623183729115917
1000	1013	5.860303907453561
1010	1010	2.0895996970657222
1008	1013	3.0547445635470267
1007	1013	3.416018281946731
1006	1013	3.772438394515203
1005	1013	4.12041598000493
1004	1013	4.468393565494656
1015	1015	1.2960702601691556
1003	1013	4.8163711509843825
1013	1013	0.7824262397962366
1002	1013	5.164348736474109
1012	1012	1.4253612873132613
1001	1013	5.512326321963835
1009	1013	2.6934708451473224
=========================

Tempo:465018.03466666664
Destinazione	 NEXTHOP	 Costo
1011	1011	1.5623183729115917
1000	1013	5.860303907453561
1010	1010	2.0895996970657222
1008	1013	3.0547445635470267
1007	1013	3.416018281946731
1006	1013	3.772438394515203
1005	1013	4.12041598000493
1004	1013	4.468393565494656
1015	1015	1.2960702601691556
1003	1013	4.8163711509843825
1013	1013	0.7824262397962366
1002	1013	5.164348736474109
1012	1012	1.6814358422243425
1001	1013	5.512326321963835
1009	1013	2.6934708451473224
=========================

Tempo:465018.03466666664
Destinazione	 NEXTHOP	 Costo
1011	1011	1.5623183729115917
1000	1013	5.860303907453561
1010	1010	2.0895996970657222
1008	1013	3.0547445635470267
1007	1013	3.416018281946731
1006	1013	3.772438394515203
1005	1013	4.12041598000493
1004	1013	4.468393565494656
1015	1015	1.2960702601691556
1003	1013	4.8163711509843825
1013	1013	0.8148812149100593
1002	1013	5.164348736474109
1012	1012	1.6814358422243425
1001	1013	5.512326321963835
1009	1013	2.6934708451473224
=========================

Tempo:465018.03466666664
Destinazione	 NEXTHOP	 Costo
1011	1011	1.5623183729115917
1000	1013	5.860303907453561
1010	1010	2.0895996970657222
1008	1013	3.0547445635470267
1007	1013	3.416018281946731
1006	1013	3.772438394515203
1005	1013	4.12041598000493
1004	1013	4.468393565494656
1015	1015	0.847903482325085
1003	1013	4.8163711509843825
1013	1013	0.8148812149100593
1002	1013	5.164348736474109
1012	1012	1.6814358422243425
1001	1013	5.512326321963835
1009	1013	2.6934708451473224
=========================

Tempo:470018.03466666664
Destinazione	 NEXTHOP	 Costo
1011	1011	1.5623183729115917
1000	1013	5.860303907453561
1008	1013	3.0547445635470267
1007	1013	3.416018281946731
1006	1013	3.772438394515203
1005	1013	4.12041598000493
1004	1013	4.468393565494656
1015	1015	0.847903482325085
1003	1013	4.8163711509843825
1013	1013	0.8148812149100593
1002	1013	5.164348736474109
1012	1012	1.6814358422243425
1001	1013	5.512326321963835
1009	1013	2.6934708451473224
=========================

Tempo:470018.03466666664
Destinazione	 NEXTHOP	 Costo
1011	1011	1.417560768618679
1000	1013	5.860303907453561
1010	1011	3.0600607702078335
1008	1013	3.0547445635470267
1007	1013	3.416018281946731
1006	1013	3.772438394515203
1005	1013	4.12041598000493
1004	1013	4.468393565494656
1015	1015	0.847903482325085
1003	1013	4.8163711509843825
1013	1013	0.8148812149100593
1002	1013	5.164348736474109
1012	1012	1.6814358422243425
1001	1013	5.512326321963835
1009	1013	2.6934708451473224
=========================

Tempo:470018.03466666664
Destinazione	 NEXTHOP	 Costo
1011	1011	1.417560768618679
1000	1013	5.860303907453561
1010	1011	3.0600607702078335
1008	1013	3.0547445635470267
1007	1013	3.416018281946731
1006	1013	3.772438394515203
1005	1013	4.12041598000493
1004	1013	4.468393565494656
1015	1015	0.847903482325085
1003	1013	4.8163711509843825
1013	1013	0.8148812149100593
1002	1013	5.164348736474109
1012	1012	1.927195395331645
1001	1013	5.512326321963835
1009	1013	2.6934708451473224
=========================

Tempo:470018.03466666664
Destinazione	 NEXTHOP	 Costo
1011	1011	1.417560768618679
1000	1013	5.860303907453561
1010	1011	3.0600607702078335
1008	1013	3.0547445635470267
1007	1013	3.416018281946731
1006	1013	3.772438394515203
1005	1013	4.12041598000493
1004	1013	4.468393565494656
1015	1015	0.847903482325085
1003	1013	4.8163711509843825
1013	1013	0.6768971255781955
1002	1013	5.164348736474109
1012	1012	1.927195395331645
1001	1013	5.512326321963835
1009	1013	2.6934708451473224
=========================

Tempo:470018.03466666664
Destinazione	 NEXTHOP	 Costo
1011	1011	1.417560768618679
1000	1013	5.860303907453561
1010	1011	3.0600607702078335
1008	1013	3.0547445635470267
1007	1013	3.416018281946731
1006	1013	3.772438394515203
1005	1013	4.12041598000493
1004	1013	4.468393565494656
1015	1015	0.5402561086415951
1003	1013	4.8163711509843825
1013	1013	0.6768971255781955
1002	1013	5.164348736474109
1012	1012	1.927195395331645
1001	1013	5.512326321963835
1009	1013	2.6934708451473224
=========================

Tempo:475018.03466666664
Destinazione	 NEXTHOP	 Costo
1011	1011	1.5234330629436263
1000	1013	5.860303907453561
1010	1011	3.0600607702078335
1008	1013	3.0547445635470267
1007	1013	3.416018281946731
1006	1013	3.772438394515203
1005	1013	4.12041598000493
1004	1013	4.468393565494656
1015	1015	0.5402561086415951
1003	1013	4.8163711509843825
1013	1013	0.6768971255781955
1002	1013	5.164348736474109
1012	1012	1.927195395331645
1001	1013	5.512326321963835
1009	1013	2.6934708451473224
=========================

Tempo:475018.03466666664
Destinazione	 NEXTHOP	 Costo
1011	1011	1.5234330629436263
1000	1013	5.860303907453561
1010	1011	3.0600607702078335
1008	1013	3.0547445635470267
1007	1013	3.416018281946731
1006	1013	3.772438394515203
1005	1013	4.12041598000493
1004	1013	4.468393565494656
1015	1015	0.5402561086415951
1003	1013	4.8163711509843825
1013	1013	0.6768971255781955
1002	1013	5.164348736474109
1012	1012	1.8426600574799419
1001	1013	5.512326321963835
1009	1013	2.6934708451473224
=========================

Tempo:475018.03466666664
Destinazione	 NEXTHOP	 Costo
1011	1011	1.5234330629436263
1000	1013	5.860303907453561
1010	1013	3.028070062285659
1008	1013	3.0547445635470267
1007	1013	3.416018281946731
1006	1013	3.772438394515203
1005	1013	4.12041598000493
1004	1013	4.468393565494656
1015	1015	0.5402561086415951
1003	1013	4.8163711509843825
1013	1013	0.4362173833524047
1002	1013	5.164348736474109
1012	1013	1.674374071875544
1001	1013	5.512326321963835
1009	1013	2.6934708451473224
=========================

Tempo:475018.03466666664
Destinazione	 NEXTHOP	 Costo
1011	1011	1.5234330629436263
1000	1013	5.860303907453561
1010	1013	3.028070062285659
1008	1013	3.0547445635470267
1007	1013	3.416018281946731
1006	1013	3.772438394515203
1005	1013	4.12041598000493
1004	1013	4.468393565494656
1015	1015	0.3834971632860247
1003	1013	4.8163711509843825
1013	1013	0.4362173833524047
1002	1013	5.164348736474109
1012	1013	1.674374071875544
1001	1013	5.512326321963835
1009	1013	2.6934708451473224
=========================

Tempo:480018.03466666664
Destinazione	 NEXTHOP	 Costo
1011	1011	2.029779150696812
1000	1013	5.860303907453561
1010	1013	3.028070062285659
1008	1013	3.0547445635470267
1007	1013	3.416018281946731
1006	1013	3.772438394515203
1005	1013	4.12041598000493
1004	1013	4.468393565494656
1015	1015	0.3834971632860247
1003	1013	4.8163711509843825
1013	1013	0.4362173833524047
1002	1013	5.164348736474109
1012	1013	1.674374071875544
1001	1013	5.512326321963835
1009	1013	2.6934708451473224
=========================

Tempo:480018.03466666664
Destinazione	 NEXTHOP	 Costo
1011	1011	2.029779150696812
1000	1013	5.860303907453561
1010	1013	3.028070062285659
1008	1013	3.0547445635470267
1007	1013	3.416018281946731
1006	1013	3.772438394515203
1005	1013	4.12041598000493
1004	1013	4.468393565494656
1015	1015	0.3834971632860247
1003	1013	4.8163711509843825
1013	1013	0.4362173833524047
1002	1013	5.164348736474109
1012	1012	1.736845926500608
1001	1013	5.512326321963835
1009	1013	2.6934708451473224
=========================

Tempo:480018.03466666664
Destinazione	 NEXTHOP	 Costo
1011	1011	2.029779150696812
1000	1013	5.82526911455486
1010	1013	2.939830264422981
1008	1013	3.041448430637049
1007	1013	3.3894260161267757
1006	1013	3.7374036016165024
1005	1013	4.085381187106229
1004	1013	4.433358772595955
1015	1015	0.3834971632860247
1003	1013	4.781336358085682
1013	1013	0.3479775854897265
1002	1013	5.129313943575408
1012	1013	1.1729943279131179
1001	1013	5.477291529065134
1009	1013	2.6934708451473224
=========================

Tempo:480018.03466666664
Destinazione	 NEXTHOP	 Costo
1011	1011	2.029779150696812
1000	1013	5.82526911455486
1010	1013	2.939830264422981
1008	1013	3.041448430637049
1007	1013	3.3894260161267757
1006	1013	3.7374036016165024
1005	1013	4.085381187106229
1004	1013	4.433358772595955
1015	1015	0.38409770580337144
1003	1013	4.781336358085682
1013	1013	0.3479775854897265
1002	1013	5.129313943575408
1012	1013	1.1729943279131179
1001	1013	5.477291529065134
1009	1013	2.6934708451473224
=========================

Tempo:480018.03466666664
Destinazione	 NEXTHOP	 Costo
1011	1011	2.029779150696812
1000	1013	5.82526911455486
1010	1013	2.939830264422981
1008	1013	3.041448430637049
1007	1013	3.3894260161267757
1006	1013	3.7374036016165024
1005	1013	4.085381187106229
1004	1013	4.433358772595955
1015	1015	0.38409770580337144
1003	1013	4.781336358085682
1013	1013	0.3479775854897265
1002	1013	5.129313943575408
1012	1013	1.1729943279131179
1001	1013	5.477291529065134
1009	1013	2.6934708451473224
=========================

Tempo:485018.03466666664
Destinazione	 NEXTHOP	 Costo
1000	1013	5.82526911455486
1010	1013	2.939830264422981
1008	1013	3.041448430637049
1007	1013	3.3894260161267757
1006	1013	3.7374036016165024
1005	1013	4.085381187106229
1004	1013	4.433358772595955
1015	1015	0.38409770580337144
1003	1013	4.781336358085682
1013	1013	0.3479775854897265
1002	1013	5.129313943575408
1012	1013	1.1729943279131179
1001	1013	5.477291529065134
1009	1013	2.6934708451473224
=========================

Tempo:485018.03466666664
Destinazione	 NEXTHOP	 Costo
1000	1013	5.82526911455486
1011	1012	3.3090020813354593
1010	1013	2.939830264422981
1008	1013	3.041448430637049
1007	1013	3.3894260161267757
1006	1013	3.7374036016165024
1005	1013	4.085381187106229
1004	1013	4.433358772595955
1015	1015	0.38409770580337144
1003	1013	4.781336358085682
1013	1013	0.3479775854897265
1002	1013	5.129313943575408
1012	1012	1.669659117834646
1001	1013	5.477291529065134
1009	1013	2.6934708451473224
=========================

Tempo:485018.03466666664
Destinazione	 NEXTHOP	 Costo
1000	1013	5.82526911455486
1011	1013	2.5918526789332543
1010	1013	2.939830264422981
1008	1013	3.041448430637049
1007	1013	3.3894260161267757
1006	1013	3.7374036016165024
1005	1013	4.085381187106229
1004	1013	4.433358772595955
1015	1015	0.38409770580337144
1003	1013	4.781336358085682
1013	1013	0.4248820452709536
1002	1013	5.129313943575408
1012	1013	0.9525097154324411
1001	1013	5.477291529065134
1009	1013	2.6934708451473224
=========================

Tempo:485018.03466666664
Destinazione	 NEXTHOP	 Costo
1000	1013	5.82526911455486
1011	1013	2.5918526789332543
1010	1013	2.939830264422981
1008	1013	3.041448430637049
1007	1013	3.3894260161267757
1006	1013	3.7374036016165024
1005	1013	4.085381187106229
1016	1015	2.1155922138906242
1004	1013	4.433358772595955
1015	1015	0.5595048752549013
1003	1013	4.781336358085682
1013	1013	0.4248820452709536
1002	1013	5.129313943575408
1012	1013	0.9525097154324411
1001	1013	5.477291529065134
1009	1013	2.6934708451473224
=========================

Tempo:485018.03466666664
Destinazione	 NEXTHOP	 Costo
1000	1013	5.82526911455486
1011	1013	2.5918526789332543
1010	1013	2.939830264422981
1008	1013	3.041448430637049
1007	1013	3.3894260161267757
1006	1013	3.7374036016165024
1005	1013	4.085381187106229
1016	1016	2.5818401504999966
1004	1013	4.433358772595955
1015	1015	0.5595048752549013
1003	1013	4.781336358085682
1013	1013	0.4248820452709536
1002	1013	5.129313943575408
1012	1013	0.9525097154324411
1001	1013	5.477291529065134
1009	1013	2.6934708451473224
=========================

Tempo:490018.03466666664
Destinazione	 NEXTHOP	 Costo
1000	1013	5.82526911455486
1011	1013	2.5918526789332543
1010	1013	2.939830264422981
1008	1013	3.041448430637049
1007	1013	3.3894260161267757
1006	1013	3.7374036016165024
1005	1013	4.085381187106229
1016	1016	2.5818401504999966
1004	1013	4.433358772595955
1015	1015	0.5595048752549013
1003	1013	4.781336358085682
1013	1013	0.4248820452709536
1002	1013	5.129313943575408
1012	1012	1.813332677060013
1001	1013	5.477291529065134
1009	1013	2.6934708451473224
=========================

Tempo:490018.03466666664
Destinazione	 NEXTHOP	 Costo
1000	1013	5.82526911455486
1011	1013	2.5918526789332543
1010	1013	2.939830264422981
1008	1013	3.041448430637049
1007	1013	3.3894260161267757
1006	1013	3.7374036016165024
1005	1013	4.085381187106229
1016	1016	2.5818401504999966
1004	1013	4.433358772595955
1015	1015	0.5595048752549013
1003	1013	4.781336358085682
1013	1013	0.6645287301434523
1002	1013	5.129313943575408
1012	1013	1.0654205986858765
1001	1013	5.477291529065134
1009	1013	2.6934708451473224
=========================

Tempo:490018.03466666664
Destinazione	 NEXTHOP	 Costo
1000	1013	5.82526911455486
1011	1013	2.5918526789332543
1010	1013	2.939830264422981
1008	1013	3.041448430637049
1007	1013	3.3894260161267757
1006	1013	3.7374036016165024
1005	1013	4.085381187106229
1016	1015	2.4221804022695457
1004	1013	4.433358772595955
1015	1015	0.8904749585878734
1003	1013	4.781336358085682
1013	1013	0.6645287301434523
1002	1013	5.129313943575408
1012	1013	1.0654205986858765
1001	1013	5.477291529065134
1009	1013	2.6934708451473224
=========================

Tempo:490018.03466666664
Destinazione	 NEXTHOP	 Costo
1000	1013	5.82526911455486
1011	1013	2.5918526789332543
1010	1013	2.939830264422981
1008	1013	3.041448430637049
1007	1013	3.3894260161267757
1006	1013	3.7374036016165024
1005	1013	4.085381187106229
1016	1016	2.352073971255906
1004	1013	4.433358772595955
1015	1015	0.8904749585878734
1003	1013	4.781336358085682
1013	1013	0.6645287301434523
1002	1013	5.129313943575408
1012	1013	1.0654205986858765
1001	1013	5.477291529065134
1009	1013	2.6934708451473224
=========================

Tempo:495018.03466666664
Destinazione	 NEXTHOP	 Costo
1000	1013	5.82526911455486
1011	1013	2.5918526789332543
1010	1013	2.939830264422981
1008	1013	3.041448430637049
1007	1013	3.3894260161267757
1006	1013	3.7374036016165024
1005	1013	4.085381187106229
1016	1016	2.352073971255906
1004	1013	4.433358772595955
1015	1015	0.8904749585878734
1003	1013	4.781336358085682
1013	1013	0.6645287301434523
1002	1013	5.129313943575408
1012	1012	2.027180988673108
1001	1013	5.477291529065134
1009	1013	2.6934708451473224
=========================

Tempo:495018.03466666664
Destinazione	 NEXTHOP	 Costo
1000	1013	5.82526911455486
1011	1013	2.5918526789332543
1010	1013	2.939830264422981
1008	1013	3.041448430637049
1007	1013	3.3894260161267757
1006	1013	3.7374036016165024
1005	1013	4.085381187106229
1016	1016	2.352073971255906
1004	1013	4.433358772595955
1015	1015	0.8904749585878734
1003	1013	4.781336358085682
1013	1013	1.0352777542246665
1002	1013	5.129313943575408
1012	1013	1.4866635426967885
1001	1013	5.477291529065134
1009	1013	2.6934708451473224
=========================

Tempo:495018.03466666664
Destinazione	 NEXTHOP	 Costo
1000	1013	5.82526911455486
1011	1013	2.5918526789332543
1010	1013	2.939830264422981
1008	1013	3.041448430637049
1007	1013	3.3894260161267757
1006	1013	3.7374036016165024
1005	1013	4.085381187106229
1016	1015	2.254082495333356
1004	1013	4.433358772595955
1015	1015	0.9580122351642002
1003	1013	4.781336358085682
1013	1013	1.0352777542246665
1002	1013	5.129313943575408
1012	1013	1.4866635426967885
1001	1013	5.477291529065134
1009	1013	2.6934708451473224
=========================

Tempo:495018.03466666664
Destinazione	 NEXTHOP	 Costo
1000	1013	5.82526911455486
1011	1013	2.5918526789332543
1010	1013	2.939830264422981
1008	1013	3.041448430637049
1007	1013	3.3894260161267757
1006	1013	3.7374036016165024
1005	1013	4.085381187106229
1016	1016	1.9299892428178058
1004	1013	4.433358772595955
1015	1015	0.9580122351642002
1003	1013	4.781336358085682
1013	1013	1.0352777542246665
1002	1013	5.129313943575408
1012	1013	1.4866635426967885
1001	1013	5.477291529065134
1009	1013	2.6934708451473224
=========================

Tempo:500018.03466666664
Destinazione	 NEXTHOP	 Costo
1000	1013	5.82526911455486
1011	1013	2.5918526789332543
1010	1013	2.939830264422981
1008	1013	3.041448430637049
1007	1013	3.3894260161267757
1006	1013	3.7374036016165024
1005	1013	4.085381187106229
1016	1016	1.9299892428178058
1004	1013	4.433358772595955
1015	1015	0.9580122351642002
1003	1013	4.781336358085682
1013	1013	1.0352777542246665
1002	1013	5.129313943575408
1012	1012	2.2682600940291002
1001	1013	5.477291529065134
1009	1013	2.6934708451473224
=========================

Tempo:500018.03466666664
Destinazione	 NEXTHOP	 Costo
1000	1013	5.82526911455486
1011	1013	2.5918526789332543
1010	1013	2.939830264422981
1008	1013	3.041448430637049
1007	1013	3.3894260161267757
1006	1013	3.7374036016165024
1005	1013	4.085381187106229
1016	1016	1.9299892428178058
1004	1013	4.433358772595955
1015	1015	0.9580122351642002
1003	1013	4.781336358085682
1013	1013	1.4738583987361746
1002	1013	5.129313943575408
1012	1013	2.159664963205673
1001	1013	5.477291529065134
1009	1013	2.6934708451473224
=========================

Tempo:500018.03466666664
Destinazione	 NEXTHOP	 Costo
1000	1013	5.82526911455486
1011	1013	2.5918526789332543
1010	1013	2.939830264422981
1008	1013	3.041448430637049
1007	1013	3.3894260161267757
1006	1013	3.7374036016165024
1005	1013	4.085381187106229
1016	1015	1.630458156375986
1004	1013	4.433358772595955
1015	1015	0.7825546740509008
1003	1013	4.781336358085682
1013	1013	1.4738583987361746
1002	1013	5.129313943575408
1012	1013	2.159664963205673
1001	1013	5.477291529065134
1009	1013	2.6934708451473224
=========================

Tempo:500018.03466666664
Destinazione	 NEXTHOP	 Costo
1000	1013	5.82526911455486
1011	1013	2.5918526789332543
1010	1013	2.939830264422981
1008	1013	3.041448430637049
1007	1013	3.3894260161267757
1006	1013	3.7374036016165024
1005	1013	4.085381187106229
1016	1016	1.5288923519274802
1004	1013	4.433358772595955
1015	1015	0.7825546740509008
1003	1013	4.781336358085682
1013	1013	1.4738583987361746
1002	1013	5.129313943575408
1012	1013	2.159664963205673
1001	1013	5.477291529065134
1009	1013	2.6934708451473224
=========================

Tempo:505018.03466666664
Destinazione	 NEXTHOP	 Costo
1000	1013	5.82526911455486
1011	1013	2.5918526789332543
1010	1013	2.939830264422981
1008	1013	3.041448430637049
1007	1013	3.3894260161267757
1006	1013	3.7374036016165024
1005	1013	4.085381187106229
1016	1016	1.5288923519274802
1004	1013	4.433358772595955
1015	1015	0.7825546740509008
1003	1013	4.781336358085682
1013	1013	1.4738583987361746
1002	1013	5.129313943575408
1012	1012	2.200434093013356
1001	1013	5.477291529065134
1009	1013	2.6934708451473224
=========================

Tempo:505018.03466666664
Destinazione	 NEXTHOP	 Costo
1000	1013	5.82526911455486
1011	1013	2.5918526789332543
1010	1013	2.939830264422981
1008	1013	3.041448430637049
1007	1013	3.3894260161267757
1006	1013	3.7374036016165024
1005	1013	4.085381187106229
1016	1016	1.5288923519274802
1004	1013	4.433358772595955
1015	1015	0.7825546740509008
1003	1013	4.781336358085682
1013	1013	1.2381566885231394
1002	1013	5.129313943575408
1012	1012	2.200434093013356
1001	1013	5.477291529065134
1009	1013	2.6934708451473224
=========================

Tempo:505018.03466666664
Destinazione	 NEXTHOP	 Costo
1000	1013	5.82526911455486
1011	1013	2.5918526789332543
1010	1013	2.939830264422981
1008	1013	3.041448430637049
1007	1013	3.3894260161267757
1006	1013	3.7374036016165024
1005	1013	4.085381187106229
1016	1015	1.0234035370228696
1004	1013	4.433358772595955
1015	1015	0.4831474283812745
1003	1013	4.781336358085682
1013	1013	1.2381566885231394
1002	1013	5.129313943575408
1012	1015	2.006580491324901
1001	1013	5.477291529065134
1009	1013	2.6934708451473224
=========================

Tempo:505018.03466666664
Destinazione	 NEXTHOP	 Costo
1000	1013	5.82526911455486
1011	1013	2.5918526789332543
1010	1013	2.939830264422981
1008	1013	3.041448430637049
1007	1013	3.3894260161267757
1006	1013	3.7374036016165024
1005	1013	4.085381187106229
1016	1016	1.4662671018256728
1004	1013	4.433358772595955
1015	1015	0.4831474283812745
1003	1013	4.781336358085682
1013	1013	1.2381566885231394
1002	1013	5.129313943575408
1012	1015	2.006580491324901
1001	1013	5.477291529065134
1009	1013	2.6934708451473224
=========================

Tempo:510018.03466666664
Destinazione	 NEXTHOP	 Costo
1000	1013	5.82526911455486
1011	1013	2.5918526789332543
1010	1013	2.939830264422981
1008	1013	3.041448430637049
1007	1013	3.3894260161267757
1006	1013	3.7374036016165024
1005	1013	4.085381187106229
1016	1016	1.4662671018256728
1004	1013	4.433358772595955
1015	1015	0.4831474283812745
1003	1013	4.781336358085682
1013	1013	1.2381566885231394
1002	1013	5.129313943575408
1012	1012	2.2413437810294967
1001	1013	5.477291529065134
1009	1013	2.6934708451473224
=========================

Tempo:510018.03466666664
Destinazione	 NEXTHOP	 Costo
1000	1013	5.82526911455486
1011	1013	2.5918526789332543
1010	1013	2.939830264422981
1008	1013	3.041448430637049
1007	1013	3.3894260161267757
1006	1013	3.7374036016165024
1005	1013	4.085381187106229
1016	1016	1.4662671018256728
1004	1013	4.433358772595955
1015	1015	0.4831474283812745
1003	1013	4.781336358085682
1013	1013	0.8250167424233913
1002	1013	5.129313943575408
1012	1012	2.2413437810294967
1001	1013	5.477291529065134
1009	1013	2.6934708451473224
=========================

Tempo:510018.03466666664
Destinazione	 NEXTHOP	 Costo
1000	1013	5.82526911455486
1011	1013	2.5918526789332543
1010	1013	2.939830264422981
1008	1013	3.041448430637049
1007	1013	3.3894260161267757
1006	1013	3.7374036016165024
1005	1013	4.085381187106229
1016	1015	0.7483617839731613
1004	1013	4.433358772595955
1015	1015	0.3648646206871366
1003	1013	4.781336358085682
1013	1013	0.8250167424233913
1002	1013	5.129313943575408
1012	1012	2.2413437810294967
1001	1013	5.477291529065134
1009	1013	2.6934708451473224
=========================

Tempo:510018.03466666664
Destinazione	 NEXTHOP	 Costo
1000	1013	5.82526911455486
1011	1013	2.5918526789332543
1010	1013	2.939830264422981
1008	1013	3.041448430637049
1007	1013	3.3894260161267757
1006	1013	3.7374036016165024
1005	1013	4.085381187106229
1016	1016	1.4922282447247068
1004	1013	4.433358772595955
1015	1015	0.3648646206871366
1003	1013	4.781336358085682
1013	1013	0.8250167424233913
1002	1013	5.129313943575408
1012	1012	2.2413437810294967
1001	1013	5.477291529065134
1009	1013	2.6934708451473224
=========================

Tempo:515018.03466666664
Destinazione	 NEXTHOP	 Costo
1000	1013	5.82526911455486
1011	1013	2.5918526789332543
1010	1013	2.939830264422981
1008	1013	3.041448430637049
1007	1013	3.3894260161267757
1006	1013	3.7374036016165024
1005	1013	4.085381187106229
1016	1016	1.4922282447247068
1004	1013	4.433358772595955
1015	1015	0.3648646206871366
1003	1013	4.781336358085682
1013	1013	0.8250167424233913
1002	1013	5.129313943575408
1012	1012	2.5005361141553313
1001	1013	5.477291529065134
1009	1013	2.6934708451473224
=========================

Tempo:515018.03466666664
Destinazione	 NEXTHOP	 Costo
1000	1013	5.82526911455486
1011	1013	2.5688509505877515
1010	1013	2.939830264422981
1008	1013	3.041448430637049
1007	1013	3.3894260161267757
1006	1013	3.7374036016165024
1005	1013	4.085381187106229
1016	1016	1.4922282447247068
1004	1013	4.433358772595955
1015	1015	0.3648646206871366
1003	1013	4.781336358085682
1013	1013	0.5276276701614876
1002	1013	5.129313943575408
1012	1013	2.166970633662301
1001	1013	5.477291529065134
1009	1013	2.6934708451473224
=========================

Tempo:515018.03466666664
Destinazione	 NEXTHOP	 Costo
1000	1013	5.82526911455486
1011	1013	2.5688509505877515
1010	1013	2.939830264422981
1008	1013	3.041448430637049
1007	1013	3.3894260161267757
1006	1013	3.7374036016165024
1005	1013	4.085381187106229
1016	1015	0.809736984615421
1004	1013	4.433358772595955
1015	1015	0.4256392788120495
1003	1013	4.781336358085682
1013	1013	0.5276276701614876
1002	1013	5.129313943575408
1012	1013	2.166970633662301
1001	1013	5.477291529065134
1009	1013	2.6934708451473224
=========================

Tempo:515018.03466666664
Destinazione	 NEXTHOP	 Costo
1000	1013	5.82526911455486
1011	1013	2.5688509505877515
1010	1013	2.939830264422981
1008	1013	3.041448430637049
1007	1013	3.3894260161267757
1006	1013	3.7374036016165024
1017	1016	3.0785898602458284
1005	1013	4.085381187106229
1016	1016	1.5225025216101051
1004	1013	4.433358772595955
1015	1015	0.4256392788120495
1003	1013	4.781336358085682
1013	1013	0.5276276701614876
1002	1013	5.129313943575408
1012	1013	2.166970633662301
1001	1013	5.477291529065134
1009	1013	2.6934708451473224
=========================

Tempo:520018.03466666664
Destinazione	 NEXTHOP	 Costo
1000	1013	5.82526911455486
1011	1013	2.5688509505877515
1010	1013	2.939830264422981
1008	1013	3.041448430637049
1007	1013	3.3894260161267757
1006	1013	3.7374036016165024
1017	1016	3.0785898602458284
1005	1013	4.085381187106229
1016	1016	1.5225025216101051
1004	1013	4.433358772595955
1015	1015	0.4256392788120495
1003	1013	4.781336358085682
1013	1013	0.5276276701614876
1002	1013	5.129313943575408
1012	1013	2.166970633662301
1001	1013	5.477291529065134
1009	1013	2.6934708451473224
=========================

Tempo:520018.03466666664
Destinazione	 NEXTHOP	 Costo
1000	1013	5.82526911455486
1011	1013	2.4421151489686883
1010	1013	2.8430070175111126
1008	1013	3.041448430637049
1007	1013	3.3894260161267757
1006	1013	3.7374036016165024
1017	1016	3.0785898602458284
1005	1013	4.085381187106229
1016	1016	1.5225025216101051
1004	1013	4.433358772595955
1015	1015	0.4256392788120495
1003	1013	4.781336358085682
1013	1013	0.4008918685424242
1002	1013	5.129313943575408
1012	1013	2.041223280426264
1001	1013	5.477291529065134
1009	1013	2.6934708451473224
=========================

Tempo:520018.03466666664
Destinazione	 NEXTHOP	 Costo
1000	1013	5.82526911455486
1011	1013	2.4421151489686883
1010	1013	2.8430070175111126
1008	1013	3.041448430637049
1007	1013	3.3894260161267757
1006	1013	3.7374036016165024
1017	1016	3.0785898602458284
1005	1013	4.085381187106229
1016	1015	1.237383109318412
1004	1013	4.433358772595955
1015	1015	0.6778782340635107
1003	1013	4.781336358085682
1013	1013	0.4008918685424242
1002	1013	5.129313943575408
1012	1013	2.041223280426264
1001	1013	5.477291529065134
1009	1013	2.6934708451473224
=========================

Tempo:520018.03466666664
Destinazione	 NEXTHOP	 Costo
1000	1013	5.82526911455486
1011	1013	2.4421151489686883
1010	1013	2.8430070175111126
1008	1013	3.041448430637049
1007	1013	3.3894260161267757
1006	1013	3.7374036016165024
1017	1016	3.0785898602458284
1005	1013	4.085381187106229
1016	1016	1.6630338351116867
1004	1013	4.433358772595955
1015	1015	0.6778782340635107
1003	1013	4.781336358085682
1013	1013	0.4008918685424242
1002	1013	5.129313943575408
1012	1013	2.041223280426264
1001	1013	5.477291529065134
1009	1013	2.6934708451473224
=========================

Tempo:525018.0346666666
Destinazione	 NEXTHOP	 Costo
1000	1013	5.82526911455486
1011	1013	2.4421151489686883
1010	1013	2.8430070175111126
1008	1013	3.041448430637049
1007	1013	3.3894260161267757
1006	1013	3.7374036016165024
1017	1016	3.0785898602458284
1005	1013	4.085381187106229
1016	1016	1.6630338351116867
1004	1013	4.433358772595955
1015	1015	0.6778782340635107
1003	1013	4.781336358085682
1013	1013	0.4513857884721221
1002	1013	5.129313943575408
1012	1013	2.041223280426264
1001	1013	5.477291529065134
1009	1013	2.6934708451473224
=========================

Tempo:525018.0346666666
Destinazione	 NEXTHOP	 Costo
1000	1013	5.82526911455486
1011	1013	2.4421151489686883
1010	1013	2.8430070175111126
1008	1013	3.041448430637049
1007	1013	3.3894260161267757
1006	1013	3.7374036016165024
1017	1016	3.0785898602458284
1005	1013	4.085381187106229
1016	1016	1.6630338351116867
1004	1013	4.433358772595955
1015	1015	1.0894597206323018
1003	1013	4.781336358085682
1013	1013	0.4513857884721221
1002	1013	5.129313943575408
1012	1013	2.041223280426264
1001	1013	5.477291529065134
1009	1013	2.6934708451473224
=========================

Tempo:525018.0346666666
Destinazione	 NEXTHOP	 Costo
1000	1013	5.82526911455486
1011	1013	2.4421151489686883
1010	1013	2.8430070175111126
1008	1013	3.041448430637049
1007	1013	3.3894260161267757
1006	1013	3.7374036016165024
1017	1016	3.0785898602458284
1005	1013	4.085381187106229
1016	1016	2.0819058461460846
1004	1013	4.433358772595955
1015	1015	1.0894597206323018
1003	1013	4.781336358085682
1013	1013	0.4513857884721221
1002	1013	5.129313943575408
1012	1013	2.041223280426264
1001	1013	5.477291529065134
1009	1013	2.6934708451473224
=========================

Tempo:530018.0346666666
Destinazione	 NEXTHOP	 Costo
1000	1013	5.82526911455486
1011	1013	2.4421151489686883
1010	1013	2.8430070175111126
1008	1013	3.041448430637049
1007	1013	3.3894260161267757
1006	1013	3.7374036016165024
1017	1016	3.0785898602458284
1005	1013	4.085381187106229
1016	1016	2.0819058461460846
1004	1013	4.433358772595955
1015	1015	1.0894597206323018
1003	1013	4.781336358085682
1013	1013	0.685806564469498
1002	1013	5.129313943575408
1012	1013	2.041223280426264
1001	1013	5.477291529065134
1009	1013	2.6934708451473224
=========================

Tempo:530018.0346666666
Destinazione	 NEXTHOP	 Costo
1000	1013	5.82526911455486
1011	1013	2.4421151489686883
1010	1013	2.8430070175111126
1008	1013	3.041448430637049
1007	1013	3.3894260161267757
1006	1013	3.7374036016165024
1017	1016	3.0785898602458284
1005	1013	4.085381187106229
1016	1016	2.0819058461460846
1004	1013	4.433358772595955
1015	1015	1.5815287399519495
1003	1013	4.781336358085682
1013	1013	0.685806564469498
1002	1013	5.129313943575408
1012	1013	2.041223280426264
1001	1013	5.477291529065134
1009	1013	2.6934708451473224
=========================

Tempo:530018.0346666666
Destinazione	 NEXTHOP	 Costo
1000	1013	5.82526911455486
1011	1013	2.4421151489686883
1010	1013	2.8430070175111126
1008	1013	3.041448430637049
1007	1013	3.3894260161267757
1006	1013	3.7374036016165024
1017	1016	3.0785898602458284
1005	1013	4.085381187106229
1016	1016	2.398529047743253
1004	1013	4.433358772595955
1015	1015	1.5815287399519495
1003	1013	4.781336358085682
1013	1013	0.685806564469498
1002	1013	5.129313943575408
1012	1013	2.041223280426264
1001	1013	5.477291529065134
1009	1013	2.6934708451473224
=========================

Tempo:535018.0346666666
Destinazione	 NEXTHOP	 Costo
1000	1013	5.82526911455486
1011	1013	2.4421151489686883
1010	1013	2.8430070175111126
1008	1013	3.041448430637049
1007	1013	3.3894260161267757
1006	1013	3.7374036016165024
1017	1016	3.0785898602458284
1005	1013	4.085381187106229
1016	1016	2.398529047743253
1004	1013	4.433358772595955
1015	1015	1.5815287399519495
1003	1013	4.781336358085682
1013	1013	1.0739795440211573
1002	1013	5.129313943575408
1012	1013	2.041223280426264
1001	1013	5.477291529065134
1009	1013	2.6934708451473224
=========================

Tempo:535018.0346666666
Destinazione	 NEXTHOP	 Costo
1000	1013	5.82526911455486
1011	1013	2.4421151489686883
1010	1013	2.8430070175111126
1008	1013	3.041448430637049
1007	1013	3.3894260161267757
1006	1013	3.7374036016165024
1017	1015	2.860757195922311
1005	1013	4.085381187106229
1016	1015	2.1144195180457315
1004	1013	4.433358772595955
1015	1015	1.3318648439948306
1003	1013	4.781336358085682
1013	1013	1.0739795440211573
1002	1013	5.129313943575408
1012	1013	2.041223280426264
1001	1013	5.477291529065134
1009	1013	2.6934708451473224
=========================

Tempo:535018.0346666666
Destinazione	 NEXTHOP	 Costo
1000	1013	5.82526911455486
1011	1013	2.4421151489686883
1010	1013	2.8430070175111126
1008	1013	3.041448430637049
1007	1013	3.3894260161267757
1006	1013	3.7374036016165024
1017	1016	2.764777336252496
1005	1013	4.085381187106229
1016	1016	2.224521227610901
1004	1013	4.433358772595955
1015	1015	1.3318648439948306
1003	1013	4.781336358085682
1013	1013	1.0739795440211573
1002	1013	5.129313943575408
1012	1013	2.041223280426264
1001	1013	5.477291529065134
1009	1013	2.6934708451473224
=========================
