
Tempo:240018.03466666667
Destinazione	 NEXTHOP	 Costo
=========================

Tempo:240018.03466666667
Destinazione	 NEXTHOP	 Costo
1007	1007	1.0
1006	1007	1.3830123783884272
1005	1007	1.7309899638781538
1004	1007	2.5560067063015453
1003	1007	2.8667731710930546
1002	1007	3.6934708451473224
1001	1007	4.054744563547027
1000	1007	4.416018281946731
=========================

Tempo:245018.03466666667
Destinazione	 NEXTHOP	 Costo
1007	1007	1.0
1006	1006	1.2825969756739009
1005	1006	1.7074790209448545
1004	1006	2.235106691106342
1003	1007	2.8667731710930546
1002	1007	3.6934708451473224
1001	1006	3.976067820821223
1000	1006	4.32404540631095
=========================

Tempo:245018.03466666667
Destinazione	 NEXTHOP	 Costo
1007	1007	0.8796328189101617
1006	1006	1.2825969756739009
1005	1006	1.7074790209448545
1004	1006	2.235106691106342
1003	1007	2.8667731710930546
1002	1007	3.5731036640574843
1001	1007	3.934377382457188
1000	1007	4.295651100856893
=========================

Tempo:250018.03466666667
Destinazione	 NEXTHOP	 Costo
1007	1007	0.8796328189101617
1006	1006	1.1985807641241477
1005	1006	1.7074790209448545
1004	1006	2.235106691106342
1003	1007	2.8667731710930546
1002	1007	3.5731036640574843
1001	1006	3.89205160927147
1000	1006	4.240029194761197
=========================

Tempo:250018.03466666667
Destinazione	 NEXTHOP	 Costo
1007	1007	0.8002330416965865
1006	1006	1.1985807641241477
1005	1006	1.7074790209448545
1004	1006	2.235106691106342
1003	1007	2.718253280195104
1002	1007	3.493703886843909
1001	1007	3.8549776052436133
1000	1007	4.216251323643317
=========================

Tempo:255018.03466666667
Destinazione	 NEXTHOP	 Costo
1007	1007	0.8002330416965865
1006	1006	1.0582094744126986
1005	1006	1.7074790209448545
1004	1006	2.235106691106342
1003	1007	2.718253280195104
1002	1007	3.493703886843909
1001	1006	3.751680319560021
1000	1006	4.099657905049748
=========================

Tempo:255018.03466666667
Destinazione	 NEXTHOP	 Costo
1007	1007	0.6038711480816
1006	1006	1.0582094744126986
1005	1006	1.7074790209448545
1004	1007	2.166189520993192
1003	1007	2.6934708451473224
1002	1007	3.2973419932289225
1001	1007	3.658615711628627
1000	1007	4.019889430028331
=========================

Tempo:260018.03466666667
Destinazione	 NEXTHOP	 Costo
1007	1007	0.6038711480816
1006	1006	0.9633763372721189
1005	1006	1.7074790209448545
1004	1007	2.166189520993192
1003	1007	2.6934708451473224
1002	1007	3.2973419932289225
1001	1006	3.6568471824194413
1000	1006	4.004824767909168
=========================

Tempo:260018.03466666667
Destinazione	 NEXTHOP	 Costo
1007	1007	0.4492124024743753
1006	1006	0.9633763372721189
1005	1006	1.7074790209448545
1004	1007	1.8667731710930544
1003	1007	2.6934708451473224
1002	1007	3.1426832476216977
1001	1007	3.503956966021402
1000	1007	3.8652306844211064
=========================

Tempo:265018.03466666664
Destinazione	 NEXTHOP	 Costo
1007	1007	0.4492124024743753
1006	1006	1.081860867232073
1005	1006	1.7074790209448545
1004	1007	1.8667731710930544
1003	1007	2.6934708451473224
1002	1007	3.1426832476216977
1001	1007	3.503956966021402
1000	1007	3.8652306844211064
=========================

Tempo:265018.03466666664
Destinazione	 NEXTHOP	 Costo
1007	1007	0.36127371839970424
1006	1007	0.7974911017521089
1005	1006	1.7074790209448545
1004	1007	1.8667731710930544
1003	1007	2.6934708451473224
1002	1007	3.0547445635470267
1001	1007	3.416018281946731
1000	1007	3.7772920003464354
=========================

Tempo:270018.03466666664
Destinazione	 NEXTHOP	 Costo
1007	1007	0.36127371839970424
1006	1007	0.7974911017521089
1005	1006	1.7074790209448545
1004	1007	1.8667731710930544
1003	1007	2.6934708451473224
1002	1007	3.0547445635470267
1001	1007	3.416018281946731
1000	1007	3.7772920003464354
=========================

Tempo:270018.03466666664
Destinazione	 NEXTHOP	 Costo
1007	1007	0.36127371839970424
1006	1006	1.288027101658079
1005	1006	1.7074790209448545
1004	1007	1.8667731710930544
1003	1007	2.6934708451473224
1002	1007	3.0547445635470267
1001	1007	3.416018281946731
1000	1007	3.7772920003464354
=========================

Tempo:270018.03466666664
Destinazione	 NEXTHOP	 Costo
1007	1007	0.3830123783884272
1006	1007	0.7309899638781537
1005	1007	1.556006706301545
1004	1007	1.8667731710930544
1003	1007	2.6934708451473224
1002	1007	3.0547445635470267
1001	1007	3.416018281946731
1000	1007	3.772438394515203
=========================

Tempo:270018.03466666664
Destinazione	 NEXTHOP	 Costo
1007	1007	0.3830123783884272
1006	1007	0.7309899638781537
1005	1007	1.556006706301545
1004	1007	1.8667731710930544
1003	1007	2.6934708451473224
1002	1007	3.0547445635470267
1001	1007	3.416018281946731
1000	1007	3.772438394515203
1009	1009	1.556087338635723
=========================

Tempo:275018.03466666664
Destinazione	 NEXTHOP	 Costo
1007	1007	0.3830123783884272
1006	1007	0.7309899638781537
1005	1007	1.556006706301545
1004	1004	2.0822093316722596
1003	1007	2.6934708451473224
1002	1007	3.0547445635470267
1001	1007	3.416018281946731
1000	1007	3.772438394515203
1009	1009	1.556087338635723
=========================

Tempo:275018.03466666664
Destinazione	 NEXTHOP	 Costo
1007	1007	0.3830123783884272
1006	1007	0.7309899638781537
1005	1007	1.556006706301545
1004	1004	2.0822093316722596
1003	1007	2.6934708451473224
1002	1007	3.0547445635470267
1001	1007	3.416018281946731
1000	1007	3.772438394515203
1009	1009	1.556087338635723
=========================

Tempo:275018.03466666664
Destinazione	 NEXTHOP	 Costo
1007	1007	0.3830123783884272
1006	1006	1.3713522949670665
1005	1007	1.556006706301545
1004	1004	2.0822093316722596
1003	1007	2.6934708451473224
1002	1007	3.0547445635470267
1001	1007	3.416018281946731
1000	1007	3.772438394515203
1009	1009	1.556087338635723
=========================

Tempo:275018.03466666664
Destinazione	 NEXTHOP	 Costo
1007	1007	0.5226998970374043
1006	1007	0.9475819423083578
1005	1007	1.4752096124698455
1004	1004	2.0822093316722596
1003	1007	2.6934708451473224
1002	1007	3.0547445635470267
1001	1007	3.416018281946731
1000	1007	3.772438394515203
1009	1009	1.556087338635723
=========================

Tempo:275018.03466666664
Destinazione	 NEXTHOP	 Costo
1007	1007	0.5226998970374043
1006	1007	0.9475819423083578
1005	1007	1.4752096124698455
1004	1004	2.0822093316722596
1003	1007	2.6934708451473224
1002	1007	3.0547445635470267
1001	1007	3.416018281946731
1000	1007	3.772438394515203
1009	1009	1.5317054436816724
=========================

Tempo:280018.03466666664
Destinazione	 NEXTHOP	 Costo
1007	1007	0.5226998970374043
1006	1007	0.9475819423083578
1005	1007	1.4752096124698455
1004	1004	1.9180202384985172
1003	1007	2.6934708451473224
1002	1007	3.0547445635470267
1001	1007	3.416018281946731
1000	1007	3.772438394515203
1009	1009	1.5317054436816724
=========================

Tempo:280018.03466666664
Destinazione	 NEXTHOP	 Costo
1007	1007	0.5226998970374043
1006	1007	0.9475819423083578
1005	1005	1.8373882009739497
1004	1004	1.9180202384985172
1003	1007	2.6934708451473224
1002	1007	3.0547445635470267
1001	1007	3.416018281946731
1000	1007	3.772438394515203
1009	1009	1.5317054436816724
=========================

Tempo:280018.03466666664
Destinazione	 NEXTHOP	 Costo
1007	1007	0.5226998970374043
1006	1006	1.4253612873132613
1005	1006	1.8262531558556856
1004	1004	1.9180202384985172
1003	1007	2.6934708451473224
1002	1007	3.0547445635470267
1001	1007	3.416018281946731
1000	1007	3.772438394515203
1009	1009	1.5317054436816724
=========================

Tempo:280018.03466666664
Destinazione	 NEXTHOP	 Costo
1007	1007	0.7824262397962366
1006	1006	1.4253612873132613
1005	1006	1.8262531558556856
1004	1004	1.9180202384985172
1003	1007	2.6934708451473224
1002	1007	3.0547445635470267
1001	1007	3.416018281946731
1000	1007	3.772438394515203
1009	1009	1.5317054436816724
=========================

Tempo:280018.03466666664
Destinazione	 NEXTHOP	 Costo
1007	1007	0.7824262397962366
1006	1006	1.4253612873132613
1005	1006	1.8262531558556856
1004	1004	1.9180202384985172
1003	1007	2.6934708451473224
1002	1007	3.0547445635470267
1001	1007	3.416018281946731
1000	1007	3.772438394515203
1009	1009	1.2960702601691556
=========================

Tempo:285018.03466666664
Destinazione	 NEXTHOP	 Costo
1007	1007	0.7824262397962366
1006	1006	1.4253612873132613
1005	1006	1.8262531558556856
1004	1004	2.0895996970657222
1003	1007	2.6934708451473224
1002	1007	3.0547445635470267
1001	1007	3.416018281946731
1000	1007	3.772438394515203
1009	1009	1.2960702601691556
=========================

Tempo:285018.03466666664
Destinazione	 NEXTHOP	 Costo
1007	1007	0.7824262397962366
1006	1006	1.4253612873132613
1005	1005	1.5623183729115917
1004	1004	2.0895996970657222
1003	1007	2.6934708451473224
1002	1007	3.0547445635470267
1001	1007	3.416018281946731
1000	1007	3.772438394515203
1009	1009	1.2960702601691556
=========================

Tempo:285018.03466666664
Destinazione	 NEXTHOP	 Costo
1007	1007	0.7824262397962366
1006	1006	1.6814358422243425
1005	1005	1.5623183729115917
1004	1004	2.0895996970657222
1003	1007	2.6934708451473224
1002	1007	3.0547445635470267
1001	1007	3.416018281946731
1000	1007	3.772438394515203
1009	1009	1.2960702601691556
=========================

Tempo:285018.03466666664
Destinazione	 NEXTHOP	 Costo
1007	1007	0.8148812149100593
1006	1006	1.6814358422243425
1005	1005	1.5623183729115917
1004	1004	2.0895996970657222
1003	1007	2.6934708451473224
1002	1007	3.0547445635470267
1001	1007	3.416018281946731
1000	1007	3.772438394515203
1009	1009	1.2960702601691556
=========================

Tempo:285018.03466666664
Destinazione	 NEXTHOP	 Costo
1007	1007	0.8148812149100593
1006	1006	1.6814358422243425
1005	1005	1.5623183729115917
1004	1004	2.0895996970657222
1003	1007	2.6934708451473224
1002	1007	3.0547445635470267
1001	1007	3.416018281946731
1000	1007	3.772438394515203
1009	1009	0.847903482325085
=========================

Tempo:290018.03466666664
Destinazione	 NEXTHOP	 Costo
1007	1007	0.8148812149100593
1006	1006	1.6814358422243425
1005	1005	1.5623183729115917
1003	1007	2.6934708451473224
1002	1007	3.0547445635470267
1001	1007	3.416018281946731
1000	1007	3.772438394515203
1009	1009	0.847903482325085
=========================

Tempo:290018.03466666664
Destinazione	 NEXTHOP	 Costo
1007	1007	0.8148812149100593
1006	1006	1.6814358422243425
1005	1005	1.417560768618679
1004	1005	3.0600607702078335
1003	1007	2.6934708451473224
1002	1007	3.0547445635470267
1001	1007	3.416018281946731
1000	1007	3.772438394515203
1009	1009	0.847903482325085
=========================

Tempo:290018.03466666664
Destinazione	 NEXTHOP	 Costo
1007	1007	0.8148812149100593
1006	1006	1.927195395331645
1005	1005	1.417560768618679
1004	1005	3.0600607702078335
1003	1007	2.6934708451473224
1002	1007	3.0547445635470267
1001	1007	3.416018281946731
1000	1007	3.772438394515203
1009	1009	0.847903482325085
=========================

Tempo:290018.03466666664
Destinazione	 NEXTHOP	 Costo
1007	1007	0.6768971255781955
1006	1006	1.927195395331645
1005	1005	1.417560768618679
1004	1005	3.0600607702078335
1003	1007	2.6934708451473224
1002	1007	3.0547445635470267
1001	1007	3.416018281946731
1000	1007	3.772438394515203
1009	1009	0.847903482325085
=========================

Tempo:290018.03466666664
Destinazione	 NEXTHOP	 Costo
1007	1007	0.6768971255781955
1006	1006	1.927195395331645
1005	1005	1.417560768618679
1004	1005	3.0600607702078335
1003	1007	2.6934708451473224
1002	1007	3.0547445635470267
1001	1007	3.416018281946731
1000	1007	3.772438394515203
1009	1009	0.5402561086415951
=========================

Tempo:295018.03466666664
Destinazione	 NEXTHOP	 Costo
1007	1007	0.6768971255781955
1006	1006	1.927195395331645
1005	1005	1.5234330629436263
1004	1005	3.0600607702078335
1003	1007	2.6934708451473224
1002	1007	3.0547445635470267
1001	1007	3.416018281946731
1000	1007	3.772438394515203
1009	1009	0.5402561086415951
=========================

Tempo:295018.03466666664
Destinazione	 NEXTHOP	 Costo
1007	1007	0.6768971255781955
1006	1006	1.8426600574799419
1005	1005	1.5234330629436263
1004	1005	3.0600607702078335
1003	1007	2.6934708451473224
1002	1007	3.0547445635470267
1001	1007	3.416018281946731
1000	1007	3.772438394515203
1009	1009	0.5402561086415951
=========================

Tempo:295018.03466666664
Destinazione	 NEXTHOP	 Costo
1007	1007	0.4362173833524047
1006	1007	1.674374071875544
1005	1005	1.5234330629436263
1004	1007	3.028070062285659
1003	1007	2.6934708451473224
1002	1007	3.0547445635470267
1001	1007	3.416018281946731
1000	1007	3.772438394515203
1009	1009	0.5402561086415951
=========================

Tempo:295018.03466666664
Destinazione	 NEXTHOP	 Costo
1007	1007	0.4362173833524047
1006	1007	1.674374071875544
1005	1005	1.5234330629436263
1004	1007	3.028070062285659
1003	1007	2.6934708451473224
1002	1007	3.0547445635470267
1001	1007	3.416018281946731
1000	1007	3.772438394515203
1009	1009	0.3834971632860247
=========================

Tempo:300018.03466666664
Destinazione	 NEXTHOP	 Costo
1007	1007	0.4362173833524047
1006	1007	1.674374071875544
1005	1005	2.029779150696812
1004	1007	3.028070062285659
1003	1007	2.6934708451473224
1002	1007	3.0547445635470267
1001	1007	3.416018281946731
1000	1007	3.772438394515203
1009	1009	0.3834971632860247
=========================

Tempo:300018.03466666664
Destinazione	 NEXTHOP	 Costo
1007	1007	0.4362173833524047
1006	1006	1.736845926500608
1005	1005	2.029779150696812
1004	1007	3.028070062285659
1003	1007	2.6934708451473224
1002	1007	3.0547445635470267
1001	1007	3.416018281946731
1000	1007	3.772438394515203
1009	1009	0.3834971632860247
=========================

Tempo:300018.03466666664
Destinazione	 NEXTHOP	 Costo
1007	1007	0.3479775854897265
1006	1007	1.1729943279131179
1005	1005	2.029779150696812
1004	1007	2.939830264422981
1003	1007	2.6934708451473224
1002	1007	3.041448430637049
1001	1007	3.3894260161267757
1000	1007	3.7374036016165024
1009	1009	0.3834971632860247
=========================

Tempo:300018.03466666664
Destinazione	 NEXTHOP	 Costo
1007	1007	0.3479775854897265
1006	1007	1.1729943279131179
1005	1005	2.029779150696812
1004	1007	2.939830264422981
1003	1007	2.6934708451473224
1002	1007	3.041448430637049
1001	1007	3.3894260161267757
1000	1007	3.7374036016165024
1009	1009	0.38409770580337144
=========================

Tempo:300018.03466666664
Destinazione	 NEXTHOP	 Costo
1007	1007	0.3479775854897265
1006	1007	1.1729943279131179
1005	1005	2.029779150696812
1004	1007	2.939830264422981
1003	1007	2.6934708451473224
1002	1007	3.041448430637049
1001	1007	3.3894260161267757
1000	1007	3.7374036016165024
1009	1009	0.38409770580337144
=========================

Tempo:305018.03466666664
Destinazione	 NEXTHOP	 Costo
1007	1007	0.3479775854897265
1006	1007	1.1729943279131179
1004	1007	2.939830264422981
1003	1007	2.6934708451473224
1002	1007	3.041448430637049
1001	1007	3.3894260161267757
1000	1007	3.7374036016165024
1009	1009	0.38409770580337144
=========================

Tempo:305018.03466666664
Destinazione	 NEXTHOP	 Costo
1007	1007	0.3479775854897265
1006	1006	1.669659117834646
1005	1006	3.3090020813354593
1004	1007	2.939830264422981
1003	1007	2.6934708451473224
1002	1007	3.041448430637049
1001	1007	3.3894260161267757
1000	1007	3.7374036016165024
1009	1009	0.38409770580337144
=========================

Tempo:305018.03466666664
Destinazione	 NEXTHOP	 Costo
1007	1007	0.4248820452709536
1006	1007	0.9525097154324411
1005	1007	2.5918526789332543
1004	1007	2.939830264422981
1003	1007	2.6934708451473224
1002	1007	3.041448430637049
1001	1007	3.3894260161267757
1000	1007	3.7374036016165024
1009	1009	0.38409770580337144
=========================

Tempo:305018.03466666664
Destinazione	 NEXTHOP	 Costo
1007	1007	0.4248820452709536
1006	1007	0.9525097154324411
1005	1007	2.5918526789332543
1004	1007	2.939830264422981
1003	1007	2.6934708451473224
1002	1007	3.041448430637049
1001	1007	3.3894260161267757
1000	1007	3.7374036016165024
1010	1009	2.1155922138906242
1009	1009	0.5595048752549013
=========================

Tempo:305018.03466666664
Destinazione	 NEXTHOP	 Costo
1007	1007	0.4248820452709536
1006	1007	0.9525097154324411
1005	1007	2.5918526789332543
1004	1007	2.939830264422981
1003	1007	2.6934708451473224
1002	1007	3.041448430637049
1001	1007	3.3894260161267757
1000	1007	3.7374036016165024
1010	1010	2.5818401504999966
1009	1009	0.5595048752549013
=========================

Tempo:310018.03466666664
Destinazione	 NEXTHOP	 Costo
1007	1007	0.4248820452709536
1006	1006	1.813332677060013
1005	1007	2.5918526789332543
1004	1007	2.939830264422981
1003	1007	2.6934708451473224
1002	1007	3.041448430637049
1001	1007	3.3894260161267757
1000	1007	3.7374036016165024
1010	1010	2.5818401504999966
1009	1009	0.5595048752549013
=========================

Tempo:310018.03466666664
Destinazione	 NEXTHOP	 Costo
1007	1007	0.6645287301434523
1006	1007	1.0654205986858765
1005	1007	2.5918526789332543
1004	1007	2.939830264422981
1003	1007	2.6934708451473224
1002	1007	3.041448430637049
1001	1007	3.3894260161267757
1000	1007	3.7374036016165024
1010	1010	2.5818401504999966
1009	1009	0.5595048752549013
=========================

Tempo:310018.03466666664
Destinazione	 NEXTHOP	 Costo
1007	1007	0.6645287301434523
1006	1007	1.0654205986858765
1005	1007	2.5918526789332543
1004	1007	2.939830264422981
1003	1007	2.6934708451473224
1002	1007	3.041448430637049
1001	1007	3.3894260161267757
1000	1007	3.7374036016165024
1010	1009	2.4221804022695457
1009	1009	0.8904749585878734
=========================

Tempo:310018.03466666664
Destinazione	 NEXTHOP	 Costo
1007	1007	0.6645287301434523
1006	1007	1.0654205986858765
1005	1007	2.5918526789332543
1004	1007	2.939830264422981
1003	1007	2.6934708451473224
1002	1007	3.041448430637049
1001	1007	3.3894260161267757
1000	1007	3.7374036016165024
1010	1010	2.352073971255906
1009	1009	0.8904749585878734
=========================

Tempo:315018.03466666664
Destinazione	 NEXTHOP	 Costo
1007	1007	0.6645287301434523
1006	1006	2.027180988673108
1005	1007	2.5918526789332543
1004	1007	2.939830264422981
1003	1007	2.6934708451473224
1002	1007	3.041448430637049
1001	1007	3.3894260161267757
1000	1007	3.7374036016165024
1010	1010	2.352073971255906
1009	1009	0.8904749585878734
=========================

Tempo:315018.03466666664
Destinazione	 NEXTHOP	 Costo
1007	1007	1.0352777542246665
1006	1007	1.4866635426967885
1005	1007	2.5918526789332543
1004	1007	2.939830264422981
1003	1007	2.6934708451473224
1002	1007	3.041448430637049
1001	1007	3.3894260161267757
1000	1007	3.7374036016165024
1010	1010	2.352073971255906
1009	1009	0.8904749585878734
=========================

Tempo:315018.03466666664
Destinazione	 NEXTHOP	 Costo
1007	1007	1.0352777542246665
1006	1007	1.4866635426967885
1005	1007	2.5918526789332543
1004	1007	2.939830264422981
1003	1007	2.6934708451473224
1002	1007	3.041448430637049
1001	1007	3.3894260161267757
1000	1007	3.7374036016165024
1010	1009	2.254082495333356
1009	1009	0.9580122351642002
=========================

Tempo:315018.03466666664
Destinazione	 NEXTHOP	 Costo
1007	1007	1.0352777542246665
1006	1007	1.4866635426967885
1005	1007	2.5918526789332543
1004	1007	2.939830264422981
1003	1007	2.6934708451473224
1002	1007	3.041448430637049
1001	1007	3.3894260161267757
1000	1007	3.7374036016165024
1010	1010	1.9299892428178058
1009	1009	0.9580122351642002
=========================

Tempo:320018.03466666664
Destinazione	 NEXTHOP	 Costo
1007	1007	1.0352777542246665
1006	1006	2.2682600940291002
1005	1007	2.5918526789332543
1004	1007	2.939830264422981
1003	1007	2.6934708451473224
1002	1007	3.041448430637049
1001	1007	3.3894260161267757
1000	1007	3.7374036016165024
1010	1010	1.9299892428178058
1009	1009	0.9580122351642002
=========================

Tempo:320018.03466666664
Destinazione	 NEXTHOP	 Costo
1007	1007	1.4738583987361746
1006	1007	2.159664963205673
1005	1007	2.5918526789332543
1004	1007	2.939830264422981
1003	1007	2.6934708451473224
1002	1007	3.041448430637049
1001	1007	3.3894260161267757
1000	1007	3.7374036016165024
1010	1010	1.9299892428178058
1009	1009	0.9580122351642002
=========================

Tempo:320018.03466666664
Destinazione	 NEXTHOP	 Costo
1007	1007	1.4738583987361746
1006	1007	2.159664963205673
1005	1007	2.5918526789332543
1004	1007	2.939830264422981
1003	1007	2.6934708451473224
1002	1007	3.041448430637049
1001	1007	3.3894260161267757
1000	1007	3.7374036016165024
1010	1009	1.630458156375986
1009	1009	0.7825546740509008
=========================

Tempo:320018.03466666664
Destinazione	 NEXTHOP	 Costo
1007	1007	1.4738583987361746
1006	1007	2.159664963205673
1005	1007	2.5918526789332543
1004	1007	2.939830264422981
1003	1007	2.6934708451473224
1002	1007	3.041448430637049
1001	1007	3.3894260161267757
1000	1007	3.7374036016165024
1010	1010	1.5288923519274802
1009	1009	0.7825546740509008
=========================

Tempo:325018.03466666664
Destinazione	 NEXTHOP	 Costo
1007	1007	1.4738583987361746
1006	1006	2.200434093013356
1005	1007	2.5918526789332543
1004	1007	2.939830264422981
1003	1007	2.6934708451473224
1002	1007	3.041448430637049
1001	1007	3.3894260161267757
1000	1007	3.7374036016165024
1010	1010	1.5288923519274802
1009	1009	0.7825546740509008
=========================

Tempo:325018.03466666664
Destinazione	 NEXTHOP	 Costo
1007	1007	1.2381566885231394
1006	1006	2.200434093013356
1005	1007	2.5918526789332543
1004	1007	2.939830264422981
1003	1007	2.6934708451473224
1002	1007	3.041448430637049
1001	1007	3.3894260161267757
1000	1007	3.7374036016165024
1010	1010	1.5288923519274802
1009	1009	0.7825546740509008
=========================

Tempo:325018.03466666664
Destinazione	 NEXTHOP	 Costo
1007	1007	1.2381566885231394
1006	1009	2.006580491324901
1005	1007	2.5918526789332543
1004	1007	2.939830264422981
1003	1007	2.6934708451473224
1002	1007	3.041448430637049
1001	1007	3.3894260161267757
1000	1007	3.7374036016165024
1010	1009	1.0234035370228696
1009	1009	0.4831474283812745
=========================

Tempo:325018.03466666664
Destinazione	 NEXTHOP	 Costo
1007	1007	1.2381566885231394
1006	1009	2.006580491324901
1005	1007	2.5918526789332543
1004	1007	2.939830264422981
1003	1007	2.6934708451473224
1002	1007	3.041448430637049
1001	1007	3.3894260161267757
1000	1007	3.7374036016165024
1010	1010	1.4662671018256728
1009	1009	0.4831474283812745
=========================

Tempo:330018.03466666664
Destinazione	 NEXTHOP	 Costo
1007	1007	1.2381566885231394
1006	1006	2.2413437810294967
1005	1007	2.5918526789332543
1004	1007	2.939830264422981
1003	1007	2.6934708451473224
1002	1007	3.041448430637049
1001	1007	3.3894260161267757
1000	1007	3.7374036016165024
1010	1010	1.4662671018256728
1009	1009	0.4831474283812745
=========================

Tempo:330018.03466666664
Destinazione	 NEXTHOP	 Costo
1007	1007	0.8250167424233913
1006	1006	2.2413437810294967
1005	1007	2.5918526789332543
1004	1007	2.939830264422981
1003	1007	2.6934708451473224
1002	1007	3.041448430637049
1001	1007	3.3894260161267757
1000	1007	3.7374036016165024
1010	1010	1.4662671018256728
1009	1009	0.4831474283812745
=========================

Tempo:330018.03466666664
Destinazione	 NEXTHOP	 Costo
1007	1007	0.8250167424233913
1006	1006	2.2413437810294967
1005	1007	2.5918526789332543
1004	1007	2.939830264422981
1003	1007	2.6934708451473224
1002	1007	3.041448430637049
1001	1007	3.3894260161267757
1000	1007	3.7374036016165024
1010	1009	0.7483617839731613
1009	1009	0.3648646206871366
=========================

Tempo:330018.03466666664
Destinazione	 NEXTHOP	 Costo
1007	1007	0.8250167424233913
1006	1006	2.2413437810294967
1005	1007	2.5918526789332543
1004	1007	2.939830264422981
1003	1007	2.6934708451473224
1002	1007	3.041448430637049
1001	1007	3.3894260161267757
1000	1007	3.7374036016165024
1010	1010	1.4922282447247068
1009	1009	0.3648646206871366
=========================

Tempo:335018.03466666664
Destinazione	 NEXTHOP	 Costo
1007	1007	0.8250167424233913
1006	1006	2.5005361141553313
1005	1007	2.5918526789332543
1004	1007	2.939830264422981
1003	1007	2.6934708451473224
1002	1007	3.041448430637049
1001	1007	3.3894260161267757
1000	1007	3.7374036016165024
1010	1010	1.4922282447247068
1009	1009	0.3648646206871366
=========================

Tempo:335018.03466666664
Destinazione	 NEXTHOP	 Costo
1007	1007	0.5276276701614876
1006	1007	2.166970633662301
1005	1007	2.5688509505877515
1004	1007	2.939830264422981
1003	1007	2.6934708451473224
1002	1007	3.041448430637049
1001	1007	3.3894260161267757
1000	1007	3.7374036016165024
1010	1010	1.4922282447247068
1009	1009	0.3648646206871366
=========================

Tempo:335018.03466666664
Destinazione	 NEXTHOP	 Costo
1007	1007	0.5276276701614876
1006	1007	2.166970633662301
1005	1007	2.5688509505877515
1004	1007	2.939830264422981
1003	1007	2.6934708451473224
1002	1007	3.041448430637049
1001	1007	3.3894260161267757
1000	1007	3.7374036016165024
1010	1009	0.809736984615421
1009	1009	0.4256392788120495
=========================

Tempo:335018.03466666664
Destinazione	 NEXTHOP	 Costo
1007	1007	0.5276276701614876
1006	1007	2.166970633662301
1005	1007	2.5688509505877515
1004	1007	2.939830264422981
1003	1007	2.6934708451473224
1002	1007	3.041448430637049
1001	1007	3.3894260161267757
1000	1007	3.7374036016165024
1011	1010	3.0785898602458284
1010	1010	1.5225025216101051
1009	1009	0.4256392788120495
=========================

Tempo:340018.03466666664
Destinazione	 NEXTHOP	 Costo
1007	1007	0.5276276701614876
1006	1007	2.166970633662301
1005	1007	2.5688509505877515
1004	1007	2.939830264422981
1003	1007	2.6934708451473224
1002	1007	3.041448430637049
1001	1007	3.3894260161267757
1000	1007	3.7374036016165024
1011	1010	3.0785898602458284
1010	1010	1.5225025216101051
1009	1009	0.4256392788120495
=========================

Tempo:340018.03466666664
Destinazione	 NEXTHOP	 Costo
1007	1007	0.4008918685424242
1006	1007	2.041223280426264
1005	1007	2.4421151489686883
1004	1007	2.8430070175111126
1003	1007	2.6934708451473224
1002	1007	3.041448430637049
1001	1007	3.3894260161267757
1000	1007	3.7374036016165024
1011	1010	3.0785898602458284
1010	1010	1.5225025216101051
1009	1009	0.4256392788120495
=========================

Tempo:340018.03466666664
Destinazione	 NEXTHOP	 Costo
1007	1007	0.4008918685424242
1006	1007	2.041223280426264
1005	1007	2.4421151489686883
1004	1007	2.8430070175111126
1003	1007	2.6934708451473224
1002	1007	3.041448430637049
1001	1007	3.3894260161267757
1000	1007	3.7374036016165024
1011	1010	3.0785898602458284
1010	1009	1.237383109318412
1009	1009	0.6778782340635107
=========================

Tempo:340018.03466666664
Destinazione	 NEXTHOP	 Costo
1007	1007	0.4008918685424242
1006	1007	2.041223280426264
1005	1007	2.4421151489686883
1004	1007	2.8430070175111126
1003	1007	2.6934708451473224
1002	1007	3.041448430637049
1001	1007	3.3894260161267757
1000	1007	3.7374036016165024
1011	1010	3.0785898602458284
1010	1010	1.6630338351116867
1009	1009	0.6778782340635107
=========================

Tempo:345018.03466666664
Destinazione	 NEXTHOP	 Costo
1007	1007	0.4513857884721221
1006	1007	2.041223280426264
1005	1007	2.4421151489686883
1004	1007	2.8430070175111126
1003	1007	2.6934708451473224
1002	1007	3.041448430637049
1001	1007	3.3894260161267757
1000	1007	3.7374036016165024
1011	1010	3.0785898602458284
1010	1010	1.6630338351116867
1009	1009	0.6778782340635107
=========================

Tempo:345018.03466666664
Destinazione	 NEXTHOP	 Costo
1007	1007	0.4513857884721221
1006	1007	2.041223280426264
1005	1007	2.4421151489686883
1004	1007	2.8430070175111126
1003	1007	2.6934708451473224
1002	1007	3.041448430637049
1001	1007	3.3894260161267757
1000	1007	3.7374036016165024
1011	1010	3.0785898602458284
1010	1010	1.6630338351116867
1009	1009	1.0894597206323018
=========================

Tempo:345018.03466666664
Destinazione	 NEXTHOP	 Costo
1007	1007	0.4513857884721221
1006	1007	2.041223280426264
1005	1007	2.4421151489686883
1004	1007	2.8430070175111126
1003	1007	2.6934708451473224
1002	1007	3.041448430637049
1001	1007	3.3894260161267757
1000	1007	3.7374036016165024
1011	1010	3.0785898602458284
1010	1010	2.0819058461460846
1009	1009	1.0894597206323018
=========================

Tempo:350018.03466666664
Destinazione	 NEXTHOP	 Costo
1007	1007	0.685806564469498
1006	1007	2.041223280426264
1005	1007	2.4421151489686883
1004	1007	2.8430070175111126
1003	1007	2.6934708451473224
1002	1007	3.041448430637049
1001	1007	3.3894260161267757
1000	1007	3.7374036016165024
1011	1010	3.0785898602458284
1010	1010	2.0819058461460846
1009	1009	1.0894597206323018
=========================

Tempo:350018.03466666664
Destinazione	 NEXTHOP	 Costo
1007	1007	0.685806564469498
1006	1007	2.041223280426264
1005	1007	2.4421151489686883
1004	1007	2.8430070175111126
1003	1007	2.6934708451473224
1002	1007	3.041448430637049
1001	1007	3.3894260161267757
1000	1007	3.7374036016165024
1011	1010	3.0785898602458284
1010	1010	2.0819058461460846
1009	1009	1.5815287399519495
=========================

Tempo:350018.03466666664
Destinazione	 NEXTHOP	 Costo
1007	1007	0.685806564469498
1006	1007	2.041223280426264
1005	1007	2.4421151489686883
1004	1007	2.8430070175111126
1003	1007	2.6934708451473224
1002	1007	3.041448430637049
1001	1007	3.3894260161267757
1000	1007	3.7374036016165024
1011	1010	3.0785898602458284
1010	1010	2.398529047743253
1009	1009	1.5815287399519495
=========================

Tempo:355018.03466666664
Destinazione	 NEXTHOP	 Costo
1007	1007	1.0739795440211573
1006	1007	2.041223280426264
1005	1007	2.4421151489686883
1004	1007	2.8430070175111126
1003	1007	2.6934708451473224
1002	1007	3.041448430637049
1001	1007	3.3894260161267757
1000	1007	3.7374036016165024
1011	1010	3.0785898602458284
1010	1010	2.398529047743253
1009	1009	1.5815287399519495
=========================

Tempo:355018.03466666664
Destinazione	 NEXTHOP	 Costo
1007	1007	1.0739795440211573
1006	1007	2.041223280426264
1005	1007	2.4421151489686883
1004	1007	2.8430070175111126
1003	1007	2.6934708451473224
1002	1007	3.041448430637049
1001	1007	3.3894260161267757
1000	1007	3.7374036016165024
1011	1009	2.860757195922311
1010	1009	2.1144195180457315
1009	1009	1.3318648439948306
=========================

Tempo:355018.03466666664
Destinazione	 NEXTHOP	 Costo
1007	1007	1.0739795440211573
1006	1007	2.041223280426264
1005	1007	2.4421151489686883
1004	1007	2.8430070175111126
1003	1007	2.6934708451473224
1002	1007	3.041448430637049
1001	1007	3.3894260161267757
1000	1007	3.7374036016165024
1011	1010	2.764777336252496
1010	1010	2.224521227610901
1009	1009	1.3318648439948306
=========================

Tempo:360018.03466666664
Destinazione	 NEXTHOP	 Costo
1007	1007	1.545457048499447
1006	1007	2.041223280426264
1005	1007	2.4421151489686883
1004	1007	2.8430070175111126
1003	1007	2.6934708451473224
1002	1007	3.041448430637049
1001	1007	3.3894260161267757
1000	1007	3.7374036016165024
1011	1010	2.764777336252496
1010	1010	2.224521227610901
1009	1009	1.3318648439948306
=========================

Tempo:360018.03466666664
Destinazione	 NEXTHOP	 Costo
1007	1007	1.545457048499447
1006	1007	2.041223280426264
1005	1007	2.4421151489686883
1004	1007	2.8430070175111126
1003	1007	2.6934708451473224
1002	1007	3.041448430637049
1001	1007	3.3894260161267757
1000	1007	3.7374036016165024
1011	1009	2.33869953774391
1010	1009	1.3555798642995118
1009	1009	0.8724324359182374
=========================

Tempo:360018.03466666664
Destinazione	 NEXTHOP	 Costo
1007	1007	1.545457048499447
1006	1007	2.041223280426264
1005	1007	2.4421151489686883
1004	1007	2.8430070175111126
1003	1007	2.6934708451473224
1002	1007	3.041448430637049
1001	1007	3.3894260161267757
1000	1007	3.7374036016165024
1011	1009	2.33869953774391
1010	1010	1.9571366608451795
1009	1009	0.8724324359182374
=========================

Tempo:365018.03466666664
Destinazione	 NEXTHOP	 Costo
1007	1007	1.6393429635008132
1006	1007	2.041223280426264
1005	1007	2.4421151489686883
1004	1007	2.8430070175111126
1003	1007	2.6934708451473224
1002	1007	3.041448430637049
1001	1007	3.3894260161267757
1000	1007	3.7374036016165024
1011	1009	2.33869953774391
1010	1010	1.9571366608451795
1009	1009	0.8724324359182374
=========================

Tempo:365018.03466666664
Destinazione	 NEXTHOP	 Costo
1007	1007	1.6393429635008132
1006	1007	2.041223280426264
1005	1007	2.4421151489686883
1004	1007	2.8430070175111126
1003	1007	2.6934708451473224
1002	1007	3.041448430637049
1001	1007	3.3894260161267757
1000	1007	3.7374036016165024
1011	1009	2.03459449737568
1010	1009	0.9072308733381098
1009	1009	0.5423662526509733
=========================

Tempo:365018.03466666664
Destinazione	 NEXTHOP	 Costo
1007	1007	1.6393429635008132
1006	1007	2.041223280426264
1005	1007	2.4421151489686883
1004	1007	2.8430070175111126
1003	1007	2.6934708451473224
1002	1007	3.041448430637049
1001	1007	3.3894260161267757
1000	1007	3.7374036016165024
1011	1009	2.03459449737568
1010	1010	1.733081486442804
1009	1009	0.5423662526509733
=========================

Tempo:365018.03466666664
Destinazione	 NEXTHOP	 Costo
1007	1007	1.6393429635008132
1006	1007	2.041223280426264
1005	1007	2.4421151489686883
1004	1007	2.8430070175111126
1003	1007	2.6934708451473224
1002	1007	3.041448430637049
1001	1007	3.3894260161267757
1000	1007	3.7374036016165024
1011	1009	2.03459449737568
1010	1010	1.733081486442804
1009	1009	0.5423662526509733
=========================

Tempo:370018.03466666664
Destinazione	 NEXTHOP	 Costo
1007	1007	1.6403314118838397
1006	1007	2.041223280426264
1005	1007	2.4421151489686883
1004	1007	2.8430070175111126
1003	1007	2.6934708451473224
1002	1007	3.041448430637049
1001	1007	3.3894260161267757
1012	1007	5.35660600985375
1000	1007	3.7374036016165024
1011	1009	2.03459449737568
1010	1010	1.733081486442804
1009	1009	0.5423662526509733
=========================

Tempo:370018.03466666664
Destinazione	 NEXTHOP	 Costo
1007	1007	1.6403314118838397
1006	1007	2.041223280426264
1005	1007	2.4421151489686883
1004	1007	2.8430070175111126
1003	1007	2.6934708451473224
1002	1007	3.041448430637049
1001	1007	3.3894260161267757
1012	1009	3.4785533983834744
1000	1007	3.7374036016165024
1011	1009	1.922466059747751
1010	1009	0.8256028169496954
1009	1009	0.3999635381376459
=========================

Tempo:370018.03466666664
Destinazione	 NEXTHOP	 Costo
1007	1007	1.6403314118838397
1006	1007	2.041223280426264
1005	1007	2.4421151489686883
1004	1007	2.8430070175111126
1003	1007	2.6934708451473224
1002	1007	3.041448430637049
1001	1007	3.3894260161267757
1012	1009	3.4785533983834744
1000	1007	3.7374036016165024
1011	1009	1.922466059747751
1010	1010	1.843970557286094
1009	1009	0.3999635381376459
=========================

Tempo:370018.03466666664
Destinazione	 NEXTHOP	 Costo
1007	1007	1.6403314118838397
1006	1007	2.041223280426264
1005	1007	2.4421151489686883
1004	1007	2.8430070175111126
1003	1007	2.6934708451473224
1002	1007	3.041448430637049
1001	1007	3.3894260161267757
1012	1009	3.4785533983834744
1000	1007	3.7374036016165024
1011	1011	2.081718364178026
1010	1010	1.843970557286094
1009	1009	0.3999635381376459
=========================

Tempo:375018.03466666664
Destinazione	 NEXTHOP	 Costo
1007	1007	1.643686866618403
1006	1007	2.041223280426264
1005	1007	2.4421151489686883
1004	1007	2.8430070175111126
1003	1007	2.6934708451473224
1002	1007	3.041448430637049
1001	1007	3.3894260161267757
1012	1009	3.4785533983834744
1000	1007	3.7374036016165024
1011	1011	2.081718364178026
1010	1010	1.843970557286094
1009	1009	0.3999635381376459
=========================

Tempo:375018.03466666664
Destinazione	 NEXTHOP	 Costo
1007	1007	1.643686866618403
1006	1007	2.041223280426264
1005	1007	2.4421151489686883
1004	1007	2.8430070175111126
1003	1007	2.6934708451473224
1002	1007	3.041448430637049
1001	1007	3.3894260161267757
1012	1009	3.4785533983834744
1000	1007	3.7374036016165024
1011	1011	2.081718364178026
1010	1009	1.1193679114722737
1009	1009	0.44148967740876294
=========================

Tempo:375018.03466666664
Destinazione	 NEXTHOP	 Costo
1007	1007	1.643686866618403
1006	1007	2.041223280426264
1005	1007	2.4421151489686883
1004	1007	2.8430070175111126
1003	1007	2.6934708451473224
1002	1007	3.041448430637049
1001	1007	3.3894260161267757
1012	1009	3.4785533983834744
1000	1007	3.7374036016165024
1011	1011	2.081718364178026
1010	1010	2.0757404237344987
1009	1009	0.44148967740876294
=========================

Tempo:375018.03466666664
Destinazione	 NEXTHOP	 Costo
1007	1007	1.643686866618403
1006	1007	2.041223280426264
1005	1007	2.4421151489686883
1004	1007	2.8430070175111126
1003	1007	2.6934708451473224
1002	1007	3.041448430637049
1001	1007	3.3894260161267757
1012	1011	3.153553517396439
1000	1007	3.7374036016165024
1011	1011	1.8574832572272835
1010	1010	2.0757404237344987
1009	1009	0.44148967740876294
=========================

Tempo:380018.03466666664
Destinazione	 NEXTHOP	 Costo
1007	1007	1.6425000015891547
1006	1007	2.041223280426264
1005	1007	2.4421151489686883
1004	1007	2.8430070175111126
1003	1007	2.6934708451473224
1002	1007	3.041448430637049
1001	1007	3.3894260161267757
1012	1011	3.153553517396439
1000	1007	3.7374036016165024
1011	1011	1.8574832572272835
1010	1010	2.0757404237344987
1009	1009	0.44148967740876294
=========================

Tempo:380018.03466666664
Destinazione	 NEXTHOP	 Costo
1007	1007	1.6425000015891547
1006	1007	2.041223280426264
1005	1007	2.4421151489686883
1004	1007	2.8430070175111126
1003	1007	2.6934708451473224
1002	1007	3.041448430637049
1001	1007	3.3894260161267757
1012	1011	3.153553517396439
1000	1007	3.7374036016165024
1011	1011	1.8574832572272835
1010	1009	1.7552844590515349
1009	1009	0.6658247384192331
=========================

Tempo:380018.03466666664
Destinazione	 NEXTHOP	 Costo
1007	1007	1.6425000015891547
1006	1007	2.041223280426264
1005	1007	2.4421151489686883
1004	1007	2.8430070175111126
1003	1007	2.6934708451473224
1002	1007	3.041448430637049
1001	1007	3.3894260161267757
1012	1011	3.153553517396439
1000	1007	3.7374036016165024
1011	1011	1.8574832572272835
1010	1010	2.346290832763184
1009	1009	0.6658247384192331
=========================

Tempo:380018.03466666664
Destinazione	 NEXTHOP	 Costo
1007	1007	1.6425000015891547
1006	1007	2.041223280426264
1005	1007	2.4421151489686883
1004	1007	2.8430070175111126
1003	1007	2.6934708451473224
1002	1007	3.041448430637049
1001	1007	3.3894260161267757
1012	1011	2.5368117485323096
1000	1007	3.7374036016165024
1011	1011	1.6889082662072248
1010	1010	2.346290832763184
1009	1009	0.6658247384192331
=========================

Tempo:385018.03466666664
Destinazione	 NEXTHOP	 Costo
1007	1007	1.628129833165582
1006	1007	2.041223280426264
1005	1007	2.4421151489686883
1004	1007	2.8430070175111126
1003	1007	2.6934708451473224
1002	1007	3.041448430637049
1001	1007	3.3894260161267757
1012	1011	2.5368117485323096
1000	1007	3.7374036016165024
1011	1011	1.6889082662072248
1010	1010	2.346290832763184
1009	1009	0.6658247384192331
=========================

Tempo:385018.03466666664
Destinazione	 NEXTHOP	 Costo
1007	1007	1.628129833165582
1006	1007	2.041223280426264
1005	1007	2.4421151489686883
1004	1007	2.8430070175111126
1003	1007	2.6934708451473224
1002	1007	3.041448430637049
1001	1007	3.3894260161267757
1012	1011	2.5368117485323096
1000	1007	3.7374036016165024
1011	1011	1.6889082662072248
1010	1010	2.346290832763184
1009	1009	1.041583062293714
=========================

Tempo:385018.03466666664
Destinazione	 NEXTHOP	 Costo
1007	1007	1.628129833165582
1006	1007	2.041223280426264
1005	1007	2.4421151489686883
1004	1007	2.8430070175111126
1003	1007	2.6934708451473224
1002	1007	3.041448430637049
1001	1007	3.3894260161267757
1012	1011	2.5368117485323096
1000	1007	3.7374036016165024
1011	1011	1.6889082662072248
1010	1010	2.282336268866487
1009	1009	1.041583062293714
=========================

Tempo:385018.03466666664
Destinazione	 NEXTHOP	 Costo
1007	1007	1.628129833165582
1006	1007	2.041223280426264
1005	1007	2.4421151489686883
1004	1007	2.8430070175111126
1003	1007	2.6934708451473224
1002	1007	3.041448430637049
1001	1007	3.3894260161267757
1012	1011	2.300004626288157
1000	1007	3.7374036016165024
1011	1011	1.7597485176465615
1010	1011	2.1959659009989663
1009	1009	1.041583062293714
=========================

Tempo:390018.03466666664
Destinazione	 NEXTHOP	 Costo
1007	1007	1.6055552846462637
1006	1007	2.041223280426264
1005	1007	2.4421151489686883
1004	1007	2.8430070175111126
1003	1007	2.6934708451473224
1002	1007	3.041448430637049
1001	1007	3.3894260161267757
1012	1011	2.300004626288157
1000	1007	3.7374036016165024
1011	1011	1.7597485176465615
1010	1011	2.1959659009989663
1009	1009	1.041583062293714
=========================

Tempo:390018.03466666664
Destinazione	 NEXTHOP	 Costo
1007	1007	1.6055552846462637
1006	1007	2.041223280426264
1005	1007	2.4421151489686883
1004	1007	2.8430070175111126
1003	1007	2.6934708451473224
1002	1007	3.041448430637049
1001	1007	3.3894260161267757
1012	1011	2.300004626288157
1000	1007	3.7374036016165024
1011	1011	1.7597485176465615
1010	1011	2.1959659009989663
1009	1009	1.495491617755486
=========================

Tempo:390018.03466666664
Destinazione	 NEXTHOP	 Costo
1007	1007	1.6055552846462637
1006	1007	2.041223280426264
1005	1007	2.4421151489686883
1004	1007	2.8430070175111126
1003	1007	2.6934708451473224
1002	1007	3.041448430637049
1001	1007	3.3894260161267757
1012	1011	2.300004626288157
1000	1007	3.7374036016165024
1011	1011	1.7597485176465615
1010	1010	2.285022432179787
1009	1009	1.495491617755486
=========================

Tempo:390018.03466666664
Destinazione	 NEXTHOP	 Costo
1007	1007	1.6055552846462637
1006	1007	2.041223280426264
1005	1007	2.4421151489686883
1004	1007	2.8430070175111126
1003	1007	2.6934708451473224
1002	1007	3.041448430637049
1001	1007	3.3894260161267757
1012	1011	2.300004626288157
1000	1007	3.7374036016165024
1011	1011	2.174262471138134
1010	1010	2.285022432179787
1009	1009	1.495491617755486
=========================

Tempo:390018.03466666664
Destinazione	 NEXTHOP	 Costo
1007	1007	1.6055552846462637
1006	1007	2.041223280426264
1005	1007	2.4421151489686883
1004	1007	2.8430070175111126
1003	1007	2.6934708451473224
1002	1007	3.041448430637049
1001	1007	3.3894260161267757
1012	1011	2.300004626288157
1000	1007	3.7374036016165024
1011	1011	2.174262471138134
1010	1010	2.285022432179787
1009	1009	1.495491617755486
=========================

Tempo:395018.03466666664
Destinazione	 NEXTHOP	 Costo
1007	1007	1.5781994014530396
1006	1007	2.041223280426264
1005	1007	2.4421151489686883
1004	1007	2.8430070175111126
1003	1007	2.6934708451473224
1002	1007	3.041448430637049
1001	1007	3.3894260161267757
1012	1011	2.300004626288157
1000	1007	3.7374036016165024
1011	1011	2.174262471138134
1010	1010	2.285022432179787
1009	1009	1.495491617755486
=========================

Tempo:395018.03466666664
Destinazione	 NEXTHOP	 Costo
1007	1007	1.5781994014530396
1006	1007	2.041223280426264
1005	1007	2.4421151489686883
1004	1007	2.8430070175111126
1003	1007	2.6934708451473224
1002	1007	3.041448430637049
1001	1007	3.3894260161267757
1012	1011	2.300004626288157
1000	1007	3.7374036016165024
1011	1011	2.174262471138134
1010	1010	2.285022432179787
1009	1009	1.5728457032914374
=========================

Tempo:395018.03466666664
Destinazione	 NEXTHOP	 Costo
1007	1007	1.5781994014530396
1006	1007	2.041223280426264
1005	1007	2.4421151489686883
1004	1007	2.8430070175111126
1003	1007	2.6934708451473224
1002	1007	3.041448430637049
1001	1007	3.3894260161267757
1012	1011	2.300004626288157
1000	1007	3.7374036016165024
1011	1011	2.174262471138134
1010	1010	2.4619091382746525
1009	1009	1.5728457032914374
=========================

Tempo:395018.03466666664
Destinazione	 NEXTHOP	 Costo
1007	1007	1.5781994014530396
1006	1007	2.041223280426264
1005	1007	2.4421151489686883
1004	1007	2.8430070175111126
1003	1007	2.6934708451473224
1002	1007	3.041448430637049
1001	1007	3.3894260161267757
1000	1007	3.7374036016165024
1010	1010	2.4619091382746525
1009	1009	1.5728457032914374
=========================

Tempo:395018.03466666664
Destinazione	 NEXTHOP	 Costo
1000	1007	3.7374036016165024
1011	1012	2.6828871563715917
1010	1010	2.4619091382746525
1007	1007	1.5781994014530396
1006	1007	2.041223280426264
1005	1007	2.4421151489686883
1004	1007	2.8430070175111126
1003	1007	2.6934708451473224
1002	1007	3.041448430637049
1013	1012	3.7162745979699103
1001	1007	3.3894260161267757
1012	1012	2.1601872593341875
1009	1009	1.5728457032914374
=========================

Tempo:400018.03466666664
Destinazione	 NEXTHOP	 Costo
1000	1007	3.7374036016165024
1011	1012	2.6828871563715917
1010	1010	2.4619091382746525
1007	1007	1.5515611631753783
1006	1007	2.041223280426264
1005	1007	2.4421151489686883
1004	1007	2.8430070175111126
1003	1007	2.6934708451473224
1002	1007	3.041448430637049
1013	1012	3.7162745979699103
1001	1007	3.3894260161267757
1012	1012	2.1601872593341875
1009	1009	1.5728457032914374
=========================

Tempo:400018.03466666664
Destinazione	 NEXTHOP	 Costo
1000	1007	3.7374036016165024
1011	1012	2.6828871563715917
1010	1009	2.089002762583714
1007	1007	1.5515611631753783
1006	1007	2.041223280426264
1005	1007	2.4421151489686883
1004	1007	2.8430070175111126
1003	1007	2.6934708451473224
1002	1007	3.041448430637049
1013	1012	3.7162745979699103
1001	1007	3.3894260161267757
1012	1012	2.1601872593341875
1009	1009	1.546636509932741
=========================

Tempo:400018.03466666664
Destinazione	 NEXTHOP	 Costo
1000	1007	3.7374036016165024
1011	1012	2.6828871563715917
1010	1009	2.089002762583714
1007	1007	1.5515611631753783
1006	1007	2.041223280426264
1005	1007	2.4421151489686883
1004	1007	2.8430070175111126
1003	1007	2.6934708451473224
1002	1007	3.041448430637049
1013	1012	3.7162745979699103
1001	1007	3.3894260161267757
1012	1012	2.1601872593341875
1009	1009	1.546636509932741
=========================

Tempo:400018.03466666664
Destinazione	 NEXTHOP	 Costo
1000	1007	3.7374036016165024
1011	1012	2.6828871563715917
1010	1009	2.089002762583714
1007	1007	1.5515611631753783
1006	1007	2.041223280426264
1005	1007	2.4421151489686883
1004	1007	2.8430070175111126
1003	1007	2.6934708451473224
1002	1007	3.041448430637049
1013	1012	3.5111755599301957
1001	1007	3.3894260161267757
1012	1012	1.9794701162485233
1009	1009	1.546636509932741
=========================

Tempo:405018.03466666664
Destinazione	 NEXTHOP	 Costo
1000	1007	3.7374036016165024
1011	1012	2.6828871563715917
1010	1009	2.089002762583714
1007	1007	1.5350981667064068
1006	1007	2.041223280426264
1005	1007	2.4421151489686883
1004	1007	2.8430070175111126
1003	1007	2.6934708451473224
1002	1007	3.041448430637049
1013	1012	3.5111755599301957
1001	1007	3.3894260161267757
1012	1012	1.9794701162485233
1009	1009	1.546636509932741
=========================

Tempo:405018.03466666664
Destinazione	 NEXTHOP	 Costo
1000	1007	3.7374036016165024
1011	1012	2.6828871563715917
1010	1009	1.9304086773074751
1007	1007	1.5350981667064068
1006	1007	2.041223280426264
1005	1007	2.4421151489686883
1004	1007	2.8430070175111126
1003	1007	2.6934708451473224
1002	1007	3.041448430637049
1013	1012	3.5111755599301957
1001	1007	3.3894260161267757
1012	1012	1.9794701162485233
1009	1009	1.5304451391698293
=========================

Tempo:405018.03466666664
Destinazione	 NEXTHOP	 Costo
1000	1007	3.7374036016165024
1011	1012	2.6828871563715917
1010	1009	1.9304086773074751
1007	1007	1.5350981667064068
1006	1007	2.041223280426264
1005	1007	2.4421151489686883
1004	1007	2.8430070175111126
1003	1007	2.6934708451473224
1002	1007	3.041448430637049
1013	1012	3.5111755599301957
1001	1007	3.3894260161267757
1012	1012	2.2602788737962003
1009	1009	1.5304451391698293
=========================

Tempo:410018.03466666664
Destinazione	 NEXTHOP	 Costo
1000	1007	3.7374036016165024
1011	1012	2.6828871563715917
1010	1009	1.9304086773074751
1007	1007	1.5185899869332697
1006	1007	2.041223280426264
1005	1007	2.4421151489686883
1004	1007	2.8430070175111126
1003	1007	2.6934708451473224
1002	1007	3.041448430637049
1013	1012	3.5111755599301957
1001	1007	3.3894260161267757
1012	1012	2.2602788737962003
1009	1009	1.5304451391698293
=========================

Tempo:410018.03466666664
Destinazione	 NEXTHOP	 Costo
1000	1007	3.7374036016165024
1011	1012	2.6828871563715917
1010	1009	1.9304086773074751
1007	1007	1.5185899869332697
1006	1007	2.041223280426264
1005	1007	2.4421151489686883
1004	1007	2.8430070175111126
1003	1007	2.6934708451473224
1002	1007	3.041448430637049
1013	1012	3.5111755599301957
1001	1007	3.3894260161267757
1012	1012	2.2602788737962003
1009	1009	1.51419515653553
=========================

Tempo:410018.03466666664
Destinazione	 NEXTHOP	 Costo
1000	1007	3.7374036016165024
1010	1009	1.9304086773074751
1007	1007	1.5185899869332697
1006	1007	2.041223280426264
1005	1007	2.4421151489686883
1004	1007	2.8430070175111126
1003	1007	2.6934708451473224
1002	1007	3.041448430637049
1001	1007	3.3894260161267757
1009	1009	1.51419515653553
=========================

Tempo:415018.03466666664
Destinazione	 NEXTHOP	 Costo
1000	1007	3.7374036016165024
1011	1007	4.704407692300713
1010	1009	1.9304086773074751
1007	1007	1.5098741888335507
1006	1007	2.041223280426264
1005	1007	2.4421151489686883
1004	1007	2.8430070175111126
1003	1007	2.6934708451473224
1002	1007	3.041448430637049
1013	1007	6.531437001242349
1001	1007	3.3894260161267757
1012	1007	4.999731557560676
1009	1009	1.51419515653553
=========================

Tempo:415018.03466666664
Destinazione	 NEXTHOP	 Costo
1000	1007	3.7374036016165024
1011	1009	3.8519160700231216
1010	1009	1.9304086773074751
1007	1007	1.5098741888335507
1006	1007	2.041223280426264
1005	1007	2.4421151489686883
1004	1007	2.8430070175111126
1003	1007	2.6934708451473224
1002	1007	3.041448430637049
1013	1009	4.042436985792247
1001	1007	3.3894260161267757
1012	1009	3.1945335034671625
1009	1009	1.5056252372599377
=========================

Tempo:420018.03466666664
Destinazione	 NEXTHOP	 Costo
1000	1007	3.7374036016165024
1011	1009	3.8519160700231216
1010	1009	1.9304086773074751
1007	1007	1.0980626870926657
1006	1007	2.041223280426264
1005	1007	2.4421151489686883
1004	1007	2.8430070175111126
1003	1007	2.6934708451473224
1002	1007	3.041448430637049
1013	1009	4.042436985792247
1001	1007	3.3894260161267757
1012	1009	3.1945335034671625
1009	1009	1.5056252372599377
=========================

Tempo:420018.03466666664
Destinazione	 NEXTHOP	 Costo
1000	1007	3.7374036016165024
1011	1009	3.6963361788539597
1010	1009	1.9304086773074751
1007	1007	1.0980626870926657
1006	1007	2.041223280426264
1005	1007	2.4421151489686883
1004	1007	2.8430070175111126
1003	1007	2.6934708451473224
1002	1007	3.041448430637049
1013	1009	3.8003749041431503
1001	1007	3.3894260161267757
1012	1009	3.1945335034671625
1009	1009	1.5003702778549937
=========================

Tempo:425018.03466666664
Destinazione	 NEXTHOP	 Costo
1000	1007	3.7374036016165024
1011	1009	3.6963361788539597
1010	1009	1.9304086773074751
1007	1007	0.7118220111048512
1006	1007	2.041223280426264
1005	1007	2.4421151489686883
1004	1007	2.8430070175111126
1003	1007	2.6934708451473224
1002	1007	3.041448430637049
1013	1009	3.8003749041431503
1001	1007	3.3894260161267757
1012	1009	3.1945335034671625
1009	1009	1.5003702778549937
=========================

Tempo:425018.03466666664
Destinazione	 NEXTHOP	 Costo
1000	1007	3.7374036016165024
1011	1009	3.6963361788539597
1010	1009	1.9304086773074751
1007	1007	0.7118220111048512
1006	1007	2.041223280426264
1005	1007	2.4421151489686883
1004	1007	2.8430070175111126
1003	1007	2.6934708451473224
1002	1007	3.041448430637049
1013	1009	3.8003749041431503
1001	1007	3.3894260161267757
1012	1009	3.1945335034671625
1009	1009	1.501290163108551
=========================

Tempo:430018.03466666664
Destinazione	 NEXTHOP	 Costo
1000	1007	3.7374036016165024
1011	1009	3.6963361788539597
1010	1009	1.9304086773074751
1007	1007	0.6042655327521798
1006	1007	2.041223280426264
1005	1007	2.4421151489686883
1004	1007	2.8430070175111126
1003	1007	2.6934708451473224
1002	1007	3.041448430637049
1013	1009	3.8003749041431503
1001	1007	3.3894260161267757
1012	1009	3.1945335034671625
1009	1009	1.501290163108551
=========================

Tempo:430018.03466666664
Destinazione	 NEXTHOP	 Costo
1000	1007	3.7374036016165024
1011	1009	3.6963361788539597
1010	1009	1.9304086773074751
1007	1007	0.6042655327521798
1006	1007	2.041223280426264
1005	1007	2.4421151489686883
1004	1007	2.8430070175111126
1003	1007	2.6934708451473224
1014	1009	5.221494114863284
1002	1007	3.041448430637049
1013	1009	3.6654067762275613
1001	1007	3.3894260161267757
1012	1009	3.1945335034671625
1009	1009	1.5052195168933737
=========================

Tempo:435018.03466666664
Destinazione	 NEXTHOP	 Costo
1000	1007	3.7374036016165024
1011	1009	3.6963361788539597
1010	1009	1.9304086773074751
1007	1007	0.5667879941987448
1006	1007	2.041223280426264
1005	1007	2.4421151489686883
1004	1007	2.8430070175111126
1003	1007	2.6934708451473224
1014	1009	5.221494114863284
1002	1007	3.041448430637049
1013	1009	3.6654067762275613
1001	1007	3.3894260161267757
1012	1009	3.1945335034671625
1009	1009	1.5052195168933737
=========================

Tempo:435018.03466666664
Destinazione	 NEXTHOP	 Costo
1000	1007	3.7374036016165024
1011	1009	3.599390015062317
1010	1009	1.9304086773074751
1007	1007	0.5667879941987448
1006	1007	2.041223280426264
1005	1007	2.4421151489686883
1004	1007	2.8430070175111126
1003	1007	2.6934708451473224
1014	1009	5.021562812408798
1002	1007	3.041448430637049
1013	1009	3.489857368727126
1001	1007	3.3894260161267757
1012	1009	3.1945335034671625
1009	1009	1.5103872524786026
=========================

Tempo:440018.03466666664
Destinazione	 NEXTHOP	 Costo
1000	1007	3.7374036016165024
1011	1009	3.599390015062317
1010	1009	1.9304086773074751
1007	1007	0.5990317303166448
1006	1007	2.041223280426264
1005	1007	2.4421151489686883
1004	1007	2.8430070175111126
1003	1007	2.6934708451473224
1014	1009	5.021562812408798
1002	1007	3.041448430637049
1013	1009	3.489857368727126
1001	1007	3.3894260161267757
1012	1009	3.1945335034671625
1009	1009	1.5103872524786026
=========================

Tempo:440018.03466666664
Destinazione	 NEXTHOP	 Costo
1000	1007	3.7374036016165024
1011	1009	3.444748707608846
1010	1009	1.9304086773074751
1007	1007	0.5990317303166448
1006	1007	2.041223280426264
1005	1007	2.4421151489686883
1004	1007	2.8430070175111126
1003	1007	2.6934708451473224
1014	1009	5.021562812408798
1002	1007	3.041448430637049
1013	1009	3.489857368727126
1001	1007	3.3894260161267757
1012	1009	3.1945335034671625
1009	1009	1.5143400303013708
=========================

Tempo:445018.03466666664
Destinazione	 NEXTHOP	 Costo
1000	1007	3.7374036016165024
1011	1009	3.444748707608846
1010	1009	1.9304086773074751
1007	1007	0.7006874842453902
1006	1007	2.041223280426264
1005	1007	2.4421151489686883
1004	1007	2.8430070175111126
1003	1007	2.6934708451473224
1014	1009	5.021562812408798
1002	1007	3.041448430637049
1013	1009	3.489857368727126
1001	1007	3.3894260161267757
1012	1009	3.1945335034671625
1009	1009	1.5143400303013708
=========================

Tempo:445018.03466666664
Destinazione	 NEXTHOP	 Costo
1000	1007	3.7374036016165024
1011	1009	3.444748707608846
1010	1009	1.9304086773074751
1007	1007	0.7006874842453902
1006	1007	2.041223280426264
1005	1007	2.4421151489686883
1004	1007	2.8430070175111126
1003	1007	2.6934708451473224
1014	1009	5.021562812408798
1002	1007	3.041448430637049
1013	1009	3.489857368727126
1001	1007	3.3894260161267757
1012	1009	3.1945335034671625
1009	1009	1.5153981005559558
=========================

Tempo:450018.03466666664
Destinazione	 NEXTHOP	 Costo
1000	1007	3.7374036016165024
1011	1009	3.444748707608846
1010	1009	1.9304086773074751
1007	1007	1.0519661094057453
1006	1007	2.041223280426264
1005	1007	2.4421151489686883
1004	1007	2.8430070175111126
1003	1007	2.6934708451473224
1014	1009	5.021562812408798
1002	1007	3.041448430637049
1013	1009	3.489857368727126
1001	1007	3.3894260161267757
1012	1009	3.1945335034671625
1009	1009	1.5153981005559558
=========================

Tempo:450018.03466666664
Destinazione	 NEXTHOP	 Costo
1000	1007	3.7374036016165024
1011	1009	3.035219468213303
1010	1009	1.9304086773074751
1007	1007	1.0519661094057453
1006	1007	2.041223280426264
1005	1007	2.4421151489686883
1004	1007	2.8430070175111126
1003	1007	2.6934708451473224
1014	1009	5.021562812408798
1002	1007	3.041448430637049
1013	1009	3.489857368727126
1001	1007	3.3894260161267757
1012	1009	3.1945335034671625
1009	1009	1.1048107909058278
=========================

Tempo:455018.03466666664
Destinazione	 NEXTHOP	 Costo
1000	1007	3.7374036016165024
1011	1009	3.035219468213303
1010	1009	1.9304086773074751
1007	1007	1.50994588667041
1006	1007	2.041223280426264
1005	1007	2.4421151489686883
1004	1007	2.8430070175111126
1003	1007	2.6934708451473224
1014	1009	5.021562812408798
1002	1007	3.041448430637049
1013	1009	3.489857368727126
1001	1007	3.3894260161267757
1012	1009	3.1945335034671625
1009	1009	1.1048107909058278
=========================

Tempo:455018.03466666664
Destinazione	 NEXTHOP	 Costo
1000	1007	3.7374036016165024
1011	1009	2.6464994939778275
1010	1009	1.9304086773074751
1007	1007	1.50994588667041
1006	1007	2.041223280426264
1005	1007	2.4421151489686883
1004	1007	2.8430070175111126
1003	1007	2.6934708451473224
1014	1009	4.516465720813502
1002	1007	3.041448430637049
1013	1009	3.489857368727126
1001	1007	3.3894260161267757
1012	1009	3.1945335034671625
1009	1009	0.7160908166703523
=========================

Tempo:460018.03466666664
Destinazione	 NEXTHOP	 Costo
1000	1007	3.7374036016165024
1011	1009	2.6464994939778275
1010	1009	1.9304086773074751
1007	1007	1.5106386936325287
1006	1007	2.041223280426264
1005	1007	2.4421151489686883
1004	1007	2.8430070175111126
1003	1007	2.6934708451473224
1014	1009	4.516465720813502
1002	1007	3.041448430637049
1013	1009	3.489857368727126
1001	1007	3.3894260161267757
1012	1009	3.1945335034671625
1009	1009	0.7160908166703523
=========================

Tempo:460018.03466666664
Destinazione	 NEXTHOP	 Costo
1000	1007	3.7374036016165024
1011	1009	2.5380893351501608
1010	1009	1.9304086773074751
1007	1007	1.5106386936325287
1006	1007	2.041223280426264
1005	1007	2.4421151489686883
1004	1007	2.8430070175111126
1003	1007	2.6934708451473224
1014	1009	4.408055561985836
1002	1007	3.041448430637049
1013	1009	3.489857368727126
1001	1007	3.3894260161267757
1012	1009	3.1945335034671625
1009	1009	0.6076806578426857
=========================

Tempo:465018.03466666664
Destinazione	 NEXTHOP	 Costo
1000	1007	3.7374036016165024
1011	1009	2.5380893351501608
1010	1009	1.9304086773074751
1007	1007	1.5140660426673478
1006	1007	2.032322866963577
1005	1007	2.4421151489686883
1004	1007	2.8430070175111126
1003	1007	2.6934708451473224
1014	1009	4.408055561985836
1002	1007	3.041448430637049
1013	1009	3.489857368727126
1001	1007	3.3894260161267757
1012	1009	3.1945335034671625
1009	1009	0.6076806578426857
=========================

Tempo:465018.03466666664
Destinazione	 NEXTHOP	 Costo
1000	1007	3.7374036016165024
1011	1009	2.500164699440921
1010	1009	1.9304086773074751
1007	1007	1.5140660426673478
1006	1007	2.032322866963577
1005	1007	2.4421151489686883
1004	1007	2.8430070175111126
1015	1009	5.79125013699673
1003	1007	2.6934708451473224
1014	1009	4.235162798361007
1002	1007	3.041448430637049
1013	1009	3.489857368727126
1001	1007	3.3894260161267757
1012	1009	3.1945335034671625
1009	1009	0.569756022133446
=========================

Tempo:470018.03466666664
Destinazione	 NEXTHOP	 Costo
1000	1007	3.7374036016165024
1011	1009	2.500164699440921
1010	1009	1.9304086773074751
1007	1007	1.5186318377266481
1006	1007	2.006209913742973
1005	1007	2.4421151489686883
1004	1007	2.8430070175111126
1015	1009	5.79125013699673
1003	1007	2.6934708451473224
1014	1009	4.235162798361007
1002	1007	3.041448430637049
1013	1009	3.489857368727126
1001	1007	3.3894260161267757
1012	1009	3.1945335034671625
1009	1009	0.569756022133446
=========================

Tempo:470018.03466666664
Destinazione	 NEXTHOP	 Costo
1000	1007	3.7374036016165024
1011	1009	2.500164699440921
1010	1009	1.9304086773074751
1007	1007	1.5186318377266481
1006	1007	2.006209913742973
1005	1007	2.4421151489686883
1004	1007	2.8430070175111126
1015	1009	5.623537621237245
1003	1007	2.6934708451473224
1014	1009	4.091832177555572
1002	1007	3.041448430637049
1013	1009	3.489857368727126
1001	1007	3.3894260161267757
1012	1009	3.1945335034671625
1009	1009	0.6019748088284467
=========================

Tempo:475018.03466666664
Destinazione	 NEXTHOP	 Costo
1000	1007	3.7374036016165024
1011	1009	2.500164699440921
1010	1009	1.9304086773074751
1007	1007	1.5186318377266481
1006	1007	2.006209913742973
1005	1007	2.4421151489686883
1004	1007	2.8430070175111126
1015	1009	5.623537621237245
1003	1007	2.6934708451473224
1014	1009	4.091832177555572
1002	1007	3.041448430637049
1013	1009	3.489857368727126
1001	1007	3.3894260161267757
1012	1009	3.1945335034671625
1009	1009	0.6019748088284467
=========================

Tempo:475018.03466666664
Destinazione	 NEXTHOP	 Costo
1000	1007	3.7374036016165024
1011	1009	2.500164699440921
1010	1009	1.9304086773074751
1007	1007	1.5221099632263952
1006	1007	2.006209913742973
1005	1007	2.4421151489686883
1004	1007	2.8430070175111126
1015	1009	5.623537621237245
1003	1007	2.6934708451473224
1014	1009	4.091832177555572
1002	1007	3.041448430637049
1013	1009	3.489857368727126
1001	1007	3.3894260161267757
1012	1009	3.1945335034671625
1009	1009	0.6019748088284467
=========================

Tempo:475018.03466666664
Destinazione	 NEXTHOP	 Costo
1000	1007	3.7374036016165024
1011	1009	2.500164699440921
1010	1009	1.9304086773074751
1007	1007	1.5221099632263952
1006	1007	2.006209913742973
1005	1007	2.4421151489686883
1004	1007	2.8430070175111126
1015	1009	5.623537621237245
1003	1007	2.6934708451473224
1014	1009	4.091832177555572
1002	1007	3.041448430637049
1013	1009	3.489857368727126
1001	1007	3.3894260161267757
1012	1009	3.1945335034671625
1009	1009	0.7040380906004547
=========================

Tempo:480018.03466666664
Destinazione	 NEXTHOP	 Costo
1000	1007	3.7374036016165024
1011	1009	2.500164699440921
1010	1009	1.9304086773074751
1007	1007	1.5221099632263952
1006	1007	2.006209913742973
1005	1007	2.4421151489686883
1004	1007	2.8430070175111126
1015	1009	5.623537621237245
1003	1007	2.6934708451473224
1014	1009	4.091832177555572
1002	1007	3.041448430637049
1013	1009	3.489857368727126
1001	1007	3.3894260161267757
1012	1009	3.1945335034671625
1009	1009	0.7040380906004547
=========================

Tempo:480018.03466666664
Destinazione	 NEXTHOP	 Costo
1000	1007	3.7374036016165024
1011	1009	2.500164699440921
1010	1009	1.9304086773074751
1007	1007	1.4428586371771703
1006	1007	2.006209913742973
1005	1007	2.4421151489686883
1004	1007	2.8430070175111126
1015	1009	5.623537621237245
1003	1007	2.6934708451473224
1014	1009	4.091832177555572
1002	1007	3.041448430637049
1013	1009	3.489857368727126
1001	1007	3.3894260161267757
1012	1009	3.1945335034671625
1009	1009	0.7040380906004547
=========================

Tempo:480018.03466666664
Destinazione	 NEXTHOP	 Costo
1000	1007	3.7374036016165024
1011	1009	2.500164699440921
1010	1009	1.9304086773074751
1007	1007	1.4428586371771703
1006	1007	2.006209913742973
1005	1007	2.4421151489686883
1004	1007	2.8430070175111126
1015	1009	5.623537621237245
1003	1007	2.6934708451473224
1014	1009	4.091832177555572
1002	1007	3.041448430637049
1013	1009	3.489857368727126
1001	1007	3.3894260161267757
1012	1009	3.1945335034671625
1009	1009	1.0574859999071289
=========================

Tempo:485018.03466666664
Destinazione	 NEXTHOP	 Costo
1000	1007	3.7374036016165024
1011	1009	2.500164699440921
1010	1009	1.9304086773074751
1007	1007	1.4428586371771703
1006	1007	2.006209913742973
1005	1007	2.4421151489686883
1004	1007	2.8430070175111126
1015	1009	5.623537621237245
1003	1007	2.6934708451473224
1014	1009	4.091832177555572
1002	1007	3.041448430637049
1013	1009	3.489857368727126
1001	1007	3.3894260161267757
1012	1009	3.1945335034671625
1009	1009	1.0574859999071289
=========================

Tempo:485018.03466666664
Destinazione	 NEXTHOP	 Costo
1000	1007	3.7374036016165024
1011	1009	2.500164699440921
1010	1009	1.9304086773074751
1007	1007	0.9906802106272912
1006	1007	2.006209913742973
1005	1007	2.4421151489686883
1004	1007	2.8430070175111126
1015	1009	5.623537621237245
1003	1007	2.6934708451473224
1014	1009	4.091832177555572
1002	1007	3.041448430637049
1013	1009	3.489857368727126
1001	1007	3.3894260161267757
1012	1009	3.1945335034671625
1009	1009	1.0574859999071289
=========================

Tempo:485018.03466666664
Destinazione	 NEXTHOP	 Costo
1000	1007	3.7374036016165024
1011	1009	2.500164699440921
1010	1009	1.9304086773074751
1007	1007	0.9906802106272912
1006	1007	2.006209913742973
1005	1007	2.4421151489686883
1004	1007	2.8430070175111126
1015	1009	5.623537621237245
1003	1007	2.6934708451473224
1014	1009	4.091832177555572
1002	1007	3.041448430637049
1013	1009	3.489857368727126
1001	1007	3.3894260161267757
1012	1009	3.1945335034671625
1009	1009	1.5193450068082726
=========================

Tempo:490018.03466666664
Destinazione	 NEXTHOP	 Costo
1000	1007	3.7374036016165024
1011	1009	2.500164699440921
1010	1009	1.9304086773074751
1007	1007	0.9906802106272912
1006	1007	2.006209913742973
1005	1007	2.4421151489686883
1004	1007	2.8430070175111126
1015	1009	5.623537621237245
1003	1007	2.6934708451473224
1014	1009	4.091832177555572
1002	1007	3.041448430637049
1013	1009	3.489857368727126
1001	1007	3.3894260161267757
1012	1009	3.1945335034671625
1009	1009	1.5193450068082726
=========================

Tempo:490018.03466666664
Destinazione	 NEXTHOP	 Costo
1000	1007	3.7374036016165024
1011	1009	2.500164699440921
1010	1009	1.9304086773074751
1007	1007	0.6516943340949551
1006	1007	2.006209913742973
1005	1007	2.4421151489686883
1004	1007	2.8430070175111126
1015	1009	5.623537621237245
1003	1007	2.6934708451473224
1014	1009	4.091832177555572
1002	1007	3.041448430637049
1013	1009	3.489857368727126
1001	1007	3.3894260161267757
1012	1009	3.1945335034671625
1009	1009	1.5193450068082726
=========================

Tempo:490018.03466666664
Destinazione	 NEXTHOP	 Costo
1000	1007	3.7374036016165024
1011	1009	2.500164699440921
1010	1009	1.9304086773074751
1007	1007	0.6516943340949551
1006	1007	2.006209913742973
1005	1007	2.4421151489686883
1004	1007	2.8430070175111126
1015	1009	5.623537621237245
1003	1007	2.6934708451473224
1014	1009	4.091832177555572
1002	1007	3.041448430637049
1013	1009	3.489857368727126
1001	1007	3.3894260161267757
1012	1009	3.1945335034671625
1009	1009	1.5213525825696255
=========================

Tempo:495018.03466666664
Destinazione	 NEXTHOP	 Costo
1000	1007	3.7374036016165024
1011	1009	2.500164699440921
1010	1009	1.9304086773074751
1007	1007	0.5182568242962293
1006	1007	2.006209913742973
1005	1007	2.4421151489686883
1004	1007	2.8430070175111126
1015	1009	5.623537621237245
1003	1007	2.6934708451473224
1014	1009	4.091832177555572
1002	1007	3.041448430637049
1013	1009	3.489857368727126
1001	1007	3.3894260161267757
1012	1009	3.1945335034671625
1009	1009	1.5213525825696255
=========================

Tempo:495018.03466666664
Destinazione	 NEXTHOP	 Costo
1000	1007	3.7374036016165024
1011	1009	2.500164699440921
1010	1009	1.9304086773074751
1007	1007	0.5182568242962293
1006	1007	2.006209913742973
1005	1007	2.4421151489686883
1004	1007	2.8430070175111126
1015	1009	5.623537621237245
1003	1007	2.6934708451473224
1014	1009	4.091832177555572
1002	1007	3.041448430637049
1013	1009	3.489857368727126
1001	1007	3.3894260161267757
1012	1009	3.1945335034671625
1009	1009	1.5273467816048079
=========================

Tempo:500018.03466666664
Destinazione	 NEXTHOP	 Costo
1000	1007	3.7374036016165024
1011	1009	2.500164699440921
1010	1009	1.9304086773074751
1007	1007	0.4875780760163247
1006	1007	2.006209913742973
1005	1007	2.4421151489686883
1004	1007	2.8430070175111126
1015	1009	5.623537621237245
1003	1007	2.6934708451473224
1014	1009	4.091832177555572
1002	1007	3.041448430637049
1013	1009	3.489857368727126
1001	1007	3.3894260161267757
1012	1009	3.1945335034671625
1009	1009	1.5273467816048079
=========================

Tempo:500018.03466666664
Destinazione	 NEXTHOP	 Costo
1000	1007	3.7374036016165024
1011	1009	2.500164699440921
1010	1009	1.9304086773074751
1007	1007	0.4875780760163247
1006	1007	2.006209913742973
1005	1007	2.4421151489686883
1016	1009	7.325737394781515
1004	1007	2.8430070175111126
1015	1009	5.623537621237245
1003	1007	2.6934708451473224
1014	1009	4.091832177555572
1002	1007	3.041448430637049
1013	1009	3.489857368727126
1001	1007	3.3894260161267757
1012	1009	3.1945335034671625
1009	1009	1.5344872577847852
=========================

Tempo:505018.03466666664
Destinazione	 NEXTHOP	 Costo
1000	1007	3.7374036016165024
1011	1009	2.500164699440921
1010	1009	1.9304086773074751
1007	1007	0.5596082775148508
1006	1007	2.006209913742973
1005	1007	2.4421151489686883
1016	1009	7.325737394781515
1004	1007	2.8430070175111126
1015	1009	5.623537621237245
1003	1007	2.6934708451473224
1014	1009	4.091832177555572
1002	1007	3.041448430637049
1013	1009	3.489857368727126
1001	1007	3.3894260161267757
1012	1009	3.1945335034671625
1009	1009	1.5344872577847852
=========================

Tempo:505018.03466666664
Destinazione	 NEXTHOP	 Costo
1000	1007	3.7374036016165024
1011	1009	2.500164699440921
1010	1009	1.9304086773074751
1007	1007	0.5596082775148508
1006	1007	2.006209913742973
1005	1007	2.4421151489686883
1016	1009	7.162429903369539
1004	1007	2.8430070175111126
1015	1009	5.623537621237245
1003	1007	2.6934708451473224
1014	1009	4.091832177555572
1002	1007	3.041448430637049
1013	1009	3.489857368727126
1001	1007	3.3894260161267757
1012	1009	3.1945335034671625
1009	1009	1.5388922821322935
=========================

Tempo:510018.03466666664
Destinazione	 NEXTHOP	 Costo
1000	1007	3.7374036016165024
1011	1009	2.500164699440921
1010	1009	1.9304086773074751
1007	1007	0.7556237327782936
1006	1007	2.006209913742973
1005	1007	2.4421151489686883
1016	1009	7.162429903369539
1004	1007	2.8430070175111126
1015	1009	5.623537621237245
1003	1007	2.6934708451473224
1014	1009	4.091832177555572
1002	1007	3.041448430637049
1013	1009	3.489857368727126
1001	1007	3.3894260161267757
1012	1009	3.1945335034671625
1009	1009	1.5388922821322935
=========================

Tempo:510018.03466666664
Destinazione	 NEXTHOP	 Costo
1000	1007	3.7374036016165024
1011	1009	2.500164699440921
1010	1009	1.9304086773074751
1007	1007	0.7556237327782936
1006	1007	2.006209913742973
1005	1007	2.4421151489686883
1016	1009	7.081229417734637
1004	1007	2.8430070175111126
1015	1009	5.549523974052963
1003	1007	2.6934708451473224
1014	1009	4.091832177555572
1002	1007	3.041448430637049
1013	1009	3.489857368727126
1001	1007	3.3894260161267757
1012	1009	3.1945335034671625
1009	1009	1.4576917964973917
=========================

Tempo:515018.03466666664
Destinazione	 NEXTHOP	 Costo
1000	1007	3.7374036016165024
1011	1009	2.500164699440921
1010	1009	1.9304086773074751
1007	1007	1.1549876173698435
1006	1007	2.006209913742973
1005	1007	2.4421151489686883
1016	1009	7.081229417734637
1004	1007	2.8430070175111126
1015	1009	5.549523974052963
1003	1007	2.6934708451473224
1014	1009	4.091832177555572
1002	1007	3.041448430637049
1013	1009	3.489857368727126
1001	1007	3.3894260161267757
1012	1009	3.1945335034671625
1009	1009	1.4576917964973917
=========================

Tempo:515018.03466666664
Destinazione	 NEXTHOP	 Costo
1000	1007	3.7374036016165024
1011	1009	2.500164699440921
1010	1009	1.9304086773074751
1007	1007	1.1549876173698435
1006	1007	2.006209913742973
1005	1007	2.4421151489686883
1016	1009	6.623861513893999
1004	1007	2.8430070175111126
1015	1009	5.092156070212326
1003	1007	2.6934708451473224
1014	1009	4.091832177555572
1002	1007	3.041448430637049
1013	1009	3.489857368727126
1001	1007	3.3894260161267757
1012	1009	3.1945335034671625
1009	1009	1.000323892656754
=========================

Tempo:520018.03466666664
Destinazione	 NEXTHOP	 Costo
1000	1007	3.7374036016165024
1011	1009	2.500164699440921
1010	1009	1.9304086773074751
1007	1007	1.5343625106705268
1006	1007	2.006209913742973
1005	1007	2.4421151489686883
1016	1009	6.623861513893999
1004	1007	2.8430070175111126
1015	1009	5.092156070212326
1003	1007	2.6934708451473224
1014	1009	4.091832177555572
1002	1007	3.041448430637049
1013	1009	3.489857368727126
1001	1007	3.3894260161267757
1012	1009	3.1945335034671625
1009	1009	1.000323892656754
=========================

Tempo:520018.03466666664
Destinazione	 NEXTHOP	 Costo
1000	1007	3.7374036016165024
1011	1009	2.500164699440921
1010	1009	1.9304086773074751
1007	1007	1.5343625106705268
1006	1007	2.006209913742973
1005	1007	2.4421151489686883
1016	1009	6.281421695219253
1004	1007	2.8430070175111126
1015	1009	4.7497162515375795
1003	1007	2.6934708451473224
1014	1009	4.091832177555572
1002	1007	3.041448430637049
1013	1009	3.489857368727126
1001	1007	3.3894260161267757
1012	1009	3.1580487734229283
1009	1009	0.6578840739820074
=========================

Tempo:525018.0346666666
Destinazione	 NEXTHOP	 Costo
1000	1007	3.7374036016165024
1011	1009	2.500164699440921
1010	1009	1.9304086773074751
1007	1007	1.5360257091765293
1006	1007	2.006209913742973
1005	1007	2.4421151489686883
1016	1009	6.281421695219253
1004	1007	2.8430070175111126
1015	1009	4.7497162515375795
1003	1007	2.6934708451473224
1014	1009	4.091832177555572
1002	1007	3.041448430637049
1013	1009	3.489857368727126
1001	1007	3.3894260161267757
1012	1009	3.1580487734229283
1009	1009	0.6578840739820074
=========================

Tempo:525018.0346666666
Destinazione	 NEXTHOP	 Costo
1000	1007	3.7374036016165024
1011	1009	2.4533481351953657
1010	1009	1.9304086773074751
1007	1007	1.5360257091765293
1006	1007	2.006209913742973
1005	1007	2.4421151489686883
1016	1009	6.146477079125136
1004	1007	2.8430070175111126
1015	1009	4.6147716354434625
1003	1007	2.6934708451473224
1014	1009	4.012796826615016
1002	1007	3.041448430637049
1013	1009	3.489857368727126
1001	1007	3.3894260161267757
1012	1009	3.0231041573288113
1009	1009	0.5229394578878905
=========================

Tempo:530018.0346666666
Destinazione	 NEXTHOP	 Costo
1000	1007	3.7374036016165024
1011	1009	2.4533481351953657
1010	1009	1.9304086773074751
1007	1007	1.5413697819046135
1006	1007	2.006209913742973
1005	1007	2.4421151489686883
1016	1009	6.146477079125136
1004	1007	2.8430070175111126
1015	1009	4.6147716354434625
1003	1007	2.6934708451473224
1014	1009	4.012796826615016
1002	1007	3.041448430637049
1013	1009	3.489857368727126
1001	1007	3.3894260161267757
1012	1009	3.0231041573288113
1009	1009	0.5229394578878905
=========================

Tempo:530018.0346666666
Destinazione	 NEXTHOP	 Costo
1000	1007	3.7374036016165024
1011	1009	2.4221416024885034
1010	1009	1.9304086773074751
1007	1007	1.5413697819046135
1006	1007	2.006209913742973
1005	1007	2.4421151489686883
1016	1009	6.115270546418274
1004	1007	2.8430070175111126
1015	1009	4.583565102736601
1003	1007	2.6934708451473224
1014	1009	3.9815902939081544
1002	1007	3.041448430637049
1013	1009	3.489857368727126
1001	1007	3.3894260161267757
1012	1009	2.9918976246219495
1009	1009	0.4917329251810285
=========================

Tempo:535018.0346666666
Destinazione	 NEXTHOP	 Costo
1000	1007	3.7374036016165024
1011	1009	2.4221416024885034
1010	1009	1.9304086773074751
1007	1007	1.5413697819046135
1006	1007	2.006209913742973
1005	1007	2.4421151489686883
1016	1009	6.115270546418274
1004	1007	2.8430070175111126
1015	1009	4.583565102736601
1003	1007	2.6934708451473224
1014	1009	3.9815902939081544
1002	1007	3.041448430637049
1013	1009	3.489857368727126
1001	1007	3.3894260161267757
1012	1009	2.9918976246219495
1009	1009	0.4917329251810285
=========================

Tempo:535018.0346666666
Destinazione	 NEXTHOP	 Costo
1000	1007	3.7374036016165024
1011	1009	2.4221416024885034
1010	1009	1.9304086773074751
1007	1007	1.54778647251011
1006	1007	2.006209913742973
1005	1007	2.4421151489686883
1016	1009	6.115270546418274
1004	1007	2.8430070175111126
1015	1009	4.583565102736601
1003	1007	2.6934708451473224
1014	1009	3.9815902939081544
1002	1007	3.041448430637049
1013	1009	3.489857368727126
1001	1007	3.3894260161267757
1012	1009	2.9918976246219495
1009	1009	0.4917329251810285
=========================

Tempo:535018.0346666666
Destinazione	 NEXTHOP	 Costo
1000	1007	3.7374036016165024
1011	1009	2.4221416024885034
1010	1009	1.9304086773074751
1007	1007	1.54778647251011
1006	1007	2.006209913742973
1017	1009	7.889920937601441
1005	1007	2.4421151489686883
1016	1009	6.115270546418274
1004	1007	2.8430070175111126
1015	1009	4.583565102736601
1003	1007	2.6934708451473224
1014	1009	3.9815902939081544
1002	1007	3.041448430637049
1013	1009	3.489857368727126
1001	1007	3.3894260161267757
1012	1009	2.9918976246219495
1009	1009	0.5641835428199261
=========================

Tempo:535018.0346666666
Destinazione	 NEXTHOP	 Costo
1000	1007	3.7374036016165024
1011	1009	2.4221416024885034
1010	1009	1.9304086773074751
1007	1007	1.54778647251011
1006	1007	2.006209913742973
1017	1009	7.889920937601441
1005	1007	2.4421151489686883
1016	1009	6.115270546418274
1004	1007	2.8430070175111126
1015	1009	4.583565102736601
1003	1007	2.6934708451473224
1014	1009	3.9815902939081544
1002	1007	3.041448430637049
1013	1009	3.489857368727126
1001	1007	3.3894260161267757
1012	1009	2.9918976246219495
1009	1009	0.5641835428199261
=========================
