
Tempo:180018.03466666667
Destinazione	 NEXTHOP	 Costo
=========================

Tempo:180018.03466666667
Destinazione	 NEXTHOP	 Costo
1005	1005	1.0
1004	1005	1.3830123783884272
1003	1005	1.7309899638781538
1002	1005	2.5785695511546045
1001	1005	2.8667731710930546
1000	1005	3.6934708451473224
=========================

Tempo:185018.03466666667
Destinazione	 NEXTHOP	 Costo
1005	1005	1.0
1004	1004	1.2825969756739009
1003	1004	1.7074790209448545
1002	1004	2.2489385327513127
1001	1005	2.8667731710930546
1000	1005	3.6934708451473224
=========================

Tempo:185018.03466666667
Destinazione	 NEXTHOP	 Costo
1005	1005	0.8796328189101617
1004	1004	1.2825969756739009
1003	1004	1.7074790209448545
1002	1004	2.2489385327513127
1001	1005	2.8667731710930546
1000	1005	3.5731036640574843
=========================

Tempo:190018.03466666667
Destinazione	 NEXTHOP	 Costo
1005	1005	0.8796328189101617
1004	1004	1.1985807641241477
1003	1004	1.7074790209448545
1002	1004	2.2489385327513127
1001	1005	2.8667731710930546
1000	1005	3.5731036640574843
=========================

Tempo:190018.03466666667
Destinazione	 NEXTHOP	 Costo
1005	1005	0.8002330416965865
1004	1004	1.1985807641241477
1003	1004	1.7074790209448545
1002	1004	2.2489385327513127
1001	1005	2.718253280195104
1000	1005	3.493703886843909
=========================

Tempo:195018.03466666667
Destinazione	 NEXTHOP	 Costo
1005	1005	0.8002330416965865
1004	1004	1.0582094744126986
1003	1004	1.7074790209448545
1002	1004	2.2489385327513127
1001	1005	2.718253280195104
1000	1005	3.493703886843909
=========================

Tempo:195018.03466666667
Destinazione	 NEXTHOP	 Costo
1005	1005	0.6038711480816
1004	1004	1.0582094744126986
1003	1004	1.7074790209448545
1002	1005	2.166189520993192
1001	1005	2.6934708451473224
1000	1005	3.2973419932289225
=========================

Tempo:200018.03466666667
Destinazione	 NEXTHOP	 Costo
1005	1005	0.6038711480816
1004	1004	0.9633763372721189
1003	1004	1.7074790209448545
1002	1005	2.166189520993192
1001	1005	2.6934708451473224
1000	1005	3.2973419932289225
=========================

Tempo:200018.03466666667
Destinazione	 NEXTHOP	 Costo
1005	1005	0.4492124024743753
1004	1004	0.9633763372721189
1003	1004	1.7074790209448545
1002	1005	1.8667731710930544
1001	1005	2.6934708451473224
1000	1005	3.1426832476216977
=========================

Tempo:205018.03466666667
Destinazione	 NEXTHOP	 Costo
1005	1005	0.4492124024743753
1004	1004	1.081860867232073
1003	1004	1.7074790209448545
1002	1005	1.8667731710930544
1001	1005	2.6934708451473224
1000	1005	3.1426832476216977
=========================

Tempo:205018.03466666667
Destinazione	 NEXTHOP	 Costo
1005	1005	0.36127371839970424
1004	1005	0.7974911017521089
1003	1004	1.7074790209448545
1002	1005	1.8667731710930544
1001	1005	2.6934708451473224
1000	1005	3.0547445635470267
=========================

Tempo:210018.03466666667
Destinazione	 NEXTHOP	 Costo
1005	1005	0.36127371839970424
1004	1005	0.7974911017521089
1003	1004	1.7074790209448545
1002	1005	1.8667731710930544
1001	1005	2.6934708451473224
1000	1005	3.0547445635470267
=========================

Tempo:210018.03466666667
Destinazione	 NEXTHOP	 Costo
1005	1005	0.36127371839970424
1004	1004	1.288027101658079
1003	1004	1.7074790209448545
1002	1005	1.8667731710930544
1001	1005	2.6934708451473224
1000	1005	3.0547445635470267
=========================

Tempo:210018.03466666667
Destinazione	 NEXTHOP	 Costo
1005	1005	0.3830123783884272
1004	1005	0.7309899638781537
1003	1005	1.556006706301545
1002	1005	1.8667731710930544
1001	1005	2.6934708451473224
1000	1005	3.0547445635470267
=========================

Tempo:210018.03466666667
Destinazione	 NEXTHOP	 Costo
1007	1007	1.556087338635723
1005	1005	0.3830123783884272
1004	1005	0.7309899638781537
1003	1005	1.556006706301545
1002	1005	1.8667731710930544
1001	1005	2.6934708451473224
1000	1005	3.0547445635470267
=========================

Tempo:215018.03466666667
Destinazione	 NEXTHOP	 Costo
1007	1007	1.556087338635723
1005	1005	0.3830123783884272
1004	1005	0.7309899638781537
1003	1005	1.556006706301545
1002	1002	2.0822093316722596
1001	1005	2.6934708451473224
1000	1005	3.0547445635470267
=========================

Tempo:215018.03466666667
Destinazione	 NEXTHOP	 Costo
1007	1007	1.556087338635723
1005	1005	0.3830123783884272
1004	1005	0.7309899638781537
1003	1005	1.556006706301545
1002	1002	2.0822093316722596
1001	1005	2.6934708451473224
1000	1005	3.0547445635470267
=========================

Tempo:215018.03466666667
Destinazione	 NEXTHOP	 Costo
1007	1007	1.556087338635723
1005	1005	0.3830123783884272
1004	1004	1.3713522949670665
1003	1005	1.556006706301545
1002	1002	2.0822093316722596
1001	1005	2.6934708451473224
1000	1005	3.0547445635470267
=========================

Tempo:215018.03466666667
Destinazione	 NEXTHOP	 Costo
1007	1007	1.556087338635723
1005	1005	0.5226998970374043
1004	1005	0.9475819423083578
1003	1005	1.4752096124698455
1002	1002	2.0822093316722596
1001	1005	2.6934708451473224
1000	1005	3.0547445635470267
=========================

Tempo:215018.03466666667
Destinazione	 NEXTHOP	 Costo
1007	1007	1.5317054436816724
1005	1005	0.5226998970374043
1004	1005	0.9475819423083578
1003	1005	1.4752096124698455
1002	1002	2.0822093316722596
1001	1005	2.6934708451473224
1000	1005	3.0547445635470267
=========================

Tempo:220018.03466666667
Destinazione	 NEXTHOP	 Costo
1007	1007	1.5317054436816724
1005	1005	0.5226998970374043
1004	1005	0.9475819423083578
1003	1005	1.4752096124698455
1002	1002	1.9180202384985172
1001	1005	2.6934708451473224
1000	1005	3.0547445635470267
=========================

Tempo:220018.03466666667
Destinazione	 NEXTHOP	 Costo
1007	1007	1.5317054436816724
1005	1005	0.5226998970374043
1004	1005	0.9475819423083578
1003	1003	1.8373882009739497
1002	1002	1.9180202384985172
1001	1005	2.6934708451473224
1000	1005	3.0547445635470267
=========================

Tempo:220018.03466666667
Destinazione	 NEXTHOP	 Costo
1007	1007	1.5317054436816724
1005	1005	0.5226998970374043
1004	1004	1.4253612873132613
1003	1004	1.8262531558556856
1002	1002	1.9180202384985172
1001	1005	2.6934708451473224
1000	1005	3.0547445635470267
=========================

Tempo:220018.03466666667
Destinazione	 NEXTHOP	 Costo
1007	1007	1.5317054436816724
1005	1005	0.7824262397962366
1004	1004	1.4253612873132613
1003	1004	1.8262531558556856
1002	1002	1.9180202384985172
1001	1005	2.6934708451473224
1000	1005	3.0547445635470267
=========================

Tempo:220018.03466666667
Destinazione	 NEXTHOP	 Costo
1007	1007	1.2960702601691556
1005	1005	0.7824262397962366
1004	1004	1.4253612873132613
1003	1004	1.8262531558556856
1002	1002	1.9180202384985172
1001	1005	2.6934708451473224
1000	1005	3.0547445635470267
=========================

Tempo:225018.03466666667
Destinazione	 NEXTHOP	 Costo
1007	1007	1.2960702601691556
1005	1005	0.7824262397962366
1004	1004	1.4253612873132613
1003	1004	1.8262531558556856
1002	1002	2.0895996970657222
1001	1005	2.6934708451473224
1000	1005	3.0547445635470267
=========================

Tempo:225018.03466666667
Destinazione	 NEXTHOP	 Costo
1007	1007	1.2960702601691556
1005	1005	0.7824262397962366
1004	1004	1.4253612873132613
1003	1003	1.5623183729115917
1002	1002	2.0895996970657222
1001	1005	2.6934708451473224
1000	1005	3.0547445635470267
=========================

Tempo:225018.03466666667
Destinazione	 NEXTHOP	 Costo
1007	1007	1.2960702601691556
1005	1005	0.7824262397962366
1004	1004	1.6814358422243425
1003	1003	1.5623183729115917
1002	1002	2.0895996970657222
1001	1005	2.6934708451473224
1000	1005	3.0547445635470267
=========================

Tempo:225018.03466666667
Destinazione	 NEXTHOP	 Costo
1007	1007	1.2960702601691556
1005	1005	0.8148812149100593
1004	1004	1.6814358422243425
1003	1003	1.5623183729115917
1002	1002	2.0895996970657222
1001	1005	2.6934708451473224
1000	1005	3.0547445635470267
=========================

Tempo:225018.03466666667
Destinazione	 NEXTHOP	 Costo
1007	1007	0.847903482325085
1005	1005	0.8148812149100593
1004	1004	1.6814358422243425
1003	1003	1.5623183729115917
1002	1002	2.0895996970657222
1001	1005	2.6934708451473224
1000	1005	3.0547445635470267
=========================

Tempo:230018.03466666667
Destinazione	 NEXTHOP	 Costo
1007	1007	0.847903482325085
1005	1005	0.8148812149100593
1004	1004	1.6814358422243425
1003	1003	1.5623183729115917
1001	1005	2.6934708451473224
1000	1005	3.0547445635470267
=========================

Tempo:230018.03466666667
Destinazione	 NEXTHOP	 Costo
1007	1007	0.847903482325085
1005	1005	0.8148812149100593
1004	1004	1.6814358422243425
1003	1003	1.417560768618679
1002	1003	3.0900084482178
1001	1005	2.6934708451473224
1000	1005	3.0547445635470267
=========================

Tempo:230018.03466666667
Destinazione	 NEXTHOP	 Costo
1007	1007	0.847903482325085
1005	1005	0.8148812149100593
1004	1004	1.927195395331645
1003	1003	1.417560768618679
1002	1003	3.0900084482178
1001	1005	2.6934708451473224
1000	1005	3.0547445635470267
=========================

Tempo:230018.03466666667
Destinazione	 NEXTHOP	 Costo
1007	1007	0.847903482325085
1005	1005	0.6768971255781955
1004	1004	1.927195395331645
1003	1003	1.417560768618679
1002	1003	3.0900084482178
1001	1005	2.6934708451473224
1000	1005	3.0547445635470267
=========================

Tempo:230018.03466666667
Destinazione	 NEXTHOP	 Costo
1007	1007	0.5402561086415951
1005	1005	0.6768971255781955
1004	1004	1.927195395331645
1003	1003	1.417560768618679
1002	1003	3.0900084482178
1001	1005	2.6934708451473224
1000	1005	3.0547445635470267
=========================

Tempo:235018.03466666667
Destinazione	 NEXTHOP	 Costo
1007	1007	0.5402561086415951
1005	1005	0.6768971255781955
1004	1004	1.927195395331645
1003	1003	1.5234330629436263
1002	1003	3.0900084482178
1001	1005	2.6934708451473224
1000	1005	3.0547445635470267
=========================

Tempo:235018.03466666667
Destinazione	 NEXTHOP	 Costo
1007	1007	0.5402561086415951
1005	1005	0.6768971255781955
1004	1004	1.8426600574799419
1003	1003	1.5234330629436263
1002	1003	3.0900084482178
1001	1005	2.6934708451473224
1000	1005	3.0547445635470267
=========================

Tempo:235018.03466666667
Destinazione	 NEXTHOP	 Costo
1007	1007	0.5402561086415951
1005	1005	0.4362173833524047
1004	1005	1.674374071875544
1003	1003	1.5234330629436263
1002	1005	3.0619677815776574
1001	1005	2.6934708451473224
1000	1005	3.0547445635470267
=========================

Tempo:235018.03466666667
Destinazione	 NEXTHOP	 Costo
1007	1007	0.3834971632860247
1005	1005	0.4362173833524047
1004	1005	1.674374071875544
1003	1003	1.5234330629436263
1002	1005	3.0619677815776574
1001	1005	2.6934708451473224
1000	1005	3.0547445635470267
=========================

Tempo:240018.03466666667
Destinazione	 NEXTHOP	 Costo
1007	1007	0.3834971632860247
1005	1005	0.4362173833524047
1004	1005	1.674374071875544
1003	1003	2.029779150696812
1002	1005	3.0619677815776574
1001	1005	2.6934708451473224
1000	1005	3.0547445635470267
=========================

Tempo:240018.03466666667
Destinazione	 NEXTHOP	 Costo
1007	1007	0.3834971632860247
1005	1005	0.4362173833524047
1004	1004	1.736845926500608
1003	1003	2.029779150696812
1002	1005	3.0619677815776574
1001	1005	2.6934708451473224
1000	1005	3.0547445635470267
=========================

Tempo:240018.03466666667
Destinazione	 NEXTHOP	 Costo
1007	1007	0.3834971632860247
1005	1005	0.3479775854897265
1004	1005	1.1729943279131179
1003	1003	2.029779150696812
1002	1005	2.9737279837149795
1001	1005	2.6934708451473224
1000	1005	3.041448430637049
=========================

Tempo:240018.03466666667
Destinazione	 NEXTHOP	 Costo
1007	1007	0.38409770580337144
1005	1005	0.3479775854897265
1004	1005	1.1729943279131179
1003	1003	2.029779150696812
1002	1005	2.9737279837149795
1001	1005	2.6934708451473224
1000	1005	3.041448430637049
=========================

Tempo:240018.03466666667
Destinazione	 NEXTHOP	 Costo
1007	1007	0.38409770580337144
1005	1005	0.3479775854897265
1004	1005	1.1729943279131179
1003	1003	2.029779150696812
1002	1005	2.9737279837149795
1001	1005	2.6934708451473224
1000	1005	3.041448430637049
=========================

Tempo:245018.03466666667
Destinazione	 NEXTHOP	 Costo
1007	1007	0.38409770580337144
1005	1005	0.3479775854897265
1004	1005	1.1729943279131179
1002	1005	2.9737279837149795
1001	1005	2.6934708451473224
1000	1005	3.041448430637049
=========================

Tempo:245018.03466666667
Destinazione	 NEXTHOP	 Costo
1007	1007	0.38409770580337144
1005	1005	0.3479775854897265
1004	1004	1.669659117834646
1003	1004	3.3090020813354593
1002	1005	2.9737279837149795
1001	1005	2.6934708451473224
1000	1005	3.041448430637049
=========================

Tempo:245018.03466666667
Destinazione	 NEXTHOP	 Costo
1007	1007	0.38409770580337144
1005	1005	0.4248820452709536
1004	1005	0.9525097154324411
1003	1005	2.5918526789332543
1002	1005	2.9737279837149795
1001	1005	2.6934708451473224
1000	1005	3.041448430637049
=========================

Tempo:245018.03466666667
Destinazione	 NEXTHOP	 Costo
1008	1007	2.1155922138906242
1007	1007	0.5595048752549013
1005	1005	0.4248820452709536
1004	1005	0.9525097154324411
1003	1005	2.5918526789332543
1002	1005	2.9737279837149795
1001	1005	2.6934708451473224
1000	1005	3.041448430637049
=========================

Tempo:245018.03466666667
Destinazione	 NEXTHOP	 Costo
1008	1008	2.5818401504999966
1007	1007	0.5595048752549013
1005	1005	0.4248820452709536
1004	1005	0.9525097154324411
1003	1005	2.5918526789332543
1002	1005	2.9737279837149795
1001	1005	2.6934708451473224
1000	1005	3.041448430637049
=========================

Tempo:250018.03466666667
Destinazione	 NEXTHOP	 Costo
1008	1008	2.5818401504999966
1007	1007	0.5595048752549013
1005	1005	0.4248820452709536
1004	1004	1.813332677060013
1003	1005	2.5918526789332543
1002	1005	2.9737279837149795
1001	1005	2.6934708451473224
1000	1005	3.041448430637049
=========================

Tempo:250018.03466666667
Destinazione	 NEXTHOP	 Costo
1008	1008	2.5818401504999966
1007	1007	0.5595048752549013
1005	1005	0.6645287301434523
1004	1005	1.0654205986858765
1003	1005	2.5918526789332543
1002	1005	2.9737279837149795
1001	1005	2.6934708451473224
1000	1005	3.041448430637049
=========================

Tempo:250018.03466666667
Destinazione	 NEXTHOP	 Costo
1008	1007	2.4221804022695457
1007	1007	0.8904749585878734
1005	1005	0.6645287301434523
1004	1005	1.0654205986858765
1003	1005	2.5918526789332543
1002	1005	2.9737279837149795
1001	1005	2.6934708451473224
1000	1005	3.041448430637049
=========================

Tempo:250018.03466666667
Destinazione	 NEXTHOP	 Costo
1008	1008	2.352073971255906
1007	1007	0.8904749585878734
1005	1005	0.6645287301434523
1004	1005	1.0654205986858765
1003	1005	2.5918526789332543
1002	1005	2.9737279837149795
1001	1005	2.6934708451473224
1000	1005	3.041448430637049
=========================

Tempo:255018.03466666667
Destinazione	 NEXTHOP	 Costo
1008	1008	2.352073971255906
1007	1007	0.8904749585878734
1005	1005	0.6645287301434523
1004	1004	2.027180988673108
1003	1005	2.5918526789332543
1002	1005	2.9737279837149795
1001	1005	2.6934708451473224
1000	1005	3.041448430637049
=========================

Tempo:255018.03466666667
Destinazione	 NEXTHOP	 Costo
1008	1008	2.352073971255906
1007	1007	0.8904749585878734
1005	1005	1.0352777542246665
1004	1005	1.4866635426967885
1003	1005	2.5918526789332543
1002	1005	2.9737279837149795
1001	1005	2.6934708451473224
1000	1005	3.041448430637049
=========================

Tempo:255018.03466666667
Destinazione	 NEXTHOP	 Costo
1008	1007	2.254082495333356
1007	1007	0.9580122351642002
1005	1005	1.0352777542246665
1004	1005	1.4866635426967885
1003	1005	2.5918526789332543
1002	1005	2.9737279837149795
1001	1005	2.6934708451473224
1000	1005	3.041448430637049
=========================

Tempo:255018.03466666667
Destinazione	 NEXTHOP	 Costo
1008	1008	1.9299892428178058
1007	1007	0.9580122351642002
1005	1005	1.0352777542246665
1004	1005	1.4866635426967885
1003	1005	2.5918526789332543
1002	1005	2.9737279837149795
1001	1005	2.6934708451473224
1000	1005	3.041448430637049
=========================

Tempo:260018.03466666667
Destinazione	 NEXTHOP	 Costo
1008	1008	1.9299892428178058
1007	1007	0.9580122351642002
1005	1005	1.0352777542246665
1004	1004	2.2682600940291002
1003	1005	2.5918526789332543
1002	1005	2.9737279837149795
1001	1005	2.6934708451473224
1000	1005	3.041448430637049
=========================

Tempo:260018.03466666667
Destinazione	 NEXTHOP	 Costo
1008	1008	1.9299892428178058
1007	1007	0.9580122351642002
1005	1005	1.4738583987361746
1004	1005	2.159664963205673
1003	1005	2.5918526789332543
1002	1005	2.9737279837149795
1001	1005	2.6934708451473224
1000	1005	3.041448430637049
=========================

Tempo:260018.03466666667
Destinazione	 NEXTHOP	 Costo
1008	1007	1.630458156375986
1007	1007	0.7825546740509008
1005	1005	1.4738583987361746
1004	1005	2.159664963205673
1003	1005	2.5918526789332543
1002	1005	2.9737279837149795
1001	1005	2.6934708451473224
1000	1005	3.041448430637049
=========================

Tempo:260018.03466666667
Destinazione	 NEXTHOP	 Costo
1008	1008	1.5288923519274802
1007	1007	0.7825546740509008
1005	1005	1.4738583987361746
1004	1005	2.159664963205673
1003	1005	2.5918526789332543
1002	1005	2.9737279837149795
1001	1005	2.6934708451473224
1000	1005	3.041448430637049
=========================

Tempo:265018.03466666664
Destinazione	 NEXTHOP	 Costo
1008	1008	1.5288923519274802
1007	1007	0.7825546740509008
1005	1005	1.4738583987361746
1004	1004	2.200434093013356
1003	1005	2.5918526789332543
1002	1005	2.9737279837149795
1001	1005	2.6934708451473224
1000	1005	3.041448430637049
=========================

Tempo:265018.03466666664
Destinazione	 NEXTHOP	 Costo
1008	1008	1.5288923519274802
1007	1007	0.7825546740509008
1005	1005	1.2381566885231394
1004	1004	2.200434093013356
1003	1005	2.5918526789332543
1002	1005	2.9737279837149795
1001	1005	2.6934708451473224
1000	1005	3.041448430637049
=========================

Tempo:265018.03466666664
Destinazione	 NEXTHOP	 Costo
1008	1007	1.0234035370228696
1007	1007	0.4831474283812745
1005	1005	1.2381566885231394
1004	1007	2.006580491324901
1003	1005	2.5918526789332543
1002	1005	2.9737279837149795
1001	1005	2.6934708451473224
1000	1005	3.041448430637049
=========================

Tempo:265018.03466666664
Destinazione	 NEXTHOP	 Costo
1008	1008	1.4662671018256728
1007	1007	0.4831474283812745
1005	1005	1.2381566885231394
1004	1007	2.006580491324901
1003	1005	2.5918526789332543
1002	1005	2.9737279837149795
1001	1005	2.6934708451473224
1000	1005	3.041448430637049
=========================

Tempo:270018.03466666664
Destinazione	 NEXTHOP	 Costo
1008	1008	1.4662671018256728
1007	1007	0.4831474283812745
1005	1005	1.2381566885231394
1004	1004	2.2413437810294967
1003	1005	2.5918526789332543
1002	1005	2.9737279837149795
1001	1005	2.6934708451473224
1000	1005	3.041448430637049
=========================

Tempo:270018.03466666664
Destinazione	 NEXTHOP	 Costo
1008	1008	1.4662671018256728
1007	1007	0.4831474283812745
1005	1005	0.8250167424233913
1004	1004	2.2413437810294967
1003	1005	2.5918526789332543
1002	1005	2.9737279837149795
1001	1005	2.6934708451473224
1000	1005	3.041448430637049
=========================

Tempo:270018.03466666664
Destinazione	 NEXTHOP	 Costo
1008	1007	0.7483617839731613
1007	1007	0.3648646206871366
1005	1005	0.8250167424233913
1004	1004	2.2413437810294967
1003	1005	2.5918526789332543
1002	1005	2.9737279837149795
1001	1005	2.6934708451473224
1000	1005	3.041448430637049
=========================

Tempo:270018.03466666664
Destinazione	 NEXTHOP	 Costo
1008	1008	1.4922282447247068
1007	1007	0.3648646206871366
1005	1005	0.8250167424233913
1004	1004	2.2413437810294967
1003	1005	2.5918526789332543
1002	1005	2.9737279837149795
1001	1005	2.6934708451473224
1000	1005	3.041448430637049
=========================

Tempo:275018.03466666664
Destinazione	 NEXTHOP	 Costo
1008	1008	1.4922282447247068
1007	1007	0.3648646206871366
1005	1005	0.8250167424233913
1004	1004	2.5005361141553313
1003	1005	2.5918526789332543
1002	1005	2.9737279837149795
1001	1005	2.6934708451473224
1000	1005	3.041448430637049
=========================

Tempo:275018.03466666664
Destinazione	 NEXTHOP	 Costo
1008	1008	1.4922282447247068
1007	1007	0.3648646206871366
1005	1005	0.5276276701614876
1004	1005	2.166970633662301
1003	1005	2.5688509505877515
1002	1005	2.9737279837149795
1001	1005	2.6934708451473224
1000	1005	3.041448430637049
=========================

Tempo:275018.03466666664
Destinazione	 NEXTHOP	 Costo
1008	1007	0.809736984615421
1007	1007	0.4256392788120495
1005	1005	0.5276276701614876
1004	1005	2.166970633662301
1003	1005	2.5688509505877515
1002	1005	2.9737279837149795
1001	1005	2.6934708451473224
1000	1005	3.041448430637049
=========================

Tempo:275018.03466666664
Destinazione	 NEXTHOP	 Costo
1008	1008	1.5225025216101051
1007	1007	0.4256392788120495
1005	1005	0.5276276701614876
1004	1005	2.166970633662301
1003	1005	2.5688509505877515
1002	1005	2.9737279837149795
1001	1005	2.6934708451473224
1000	1005	3.041448430637049
1009	1008	3.0785898602458284
=========================

Tempo:280018.03466666664
Destinazione	 NEXTHOP	 Costo
1008	1008	1.5225025216101051
1007	1007	0.4256392788120495
1005	1005	0.5276276701614876
1004	1005	2.166970633662301
1003	1005	2.5688509505877515
1002	1005	2.9737279837149795
1001	1005	2.6934708451473224
1000	1005	3.041448430637049
1009	1008	3.0785898602458284
=========================

Tempo:280018.03466666664
Destinazione	 NEXTHOP	 Costo
1008	1008	1.5225025216101051
1007	1007	0.4256392788120495
1005	1005	0.4008918685424242
1004	1005	2.041223280426264
1003	1005	2.4421151489686883
1002	1005	2.875729405699219
1001	1005	2.6934708451473224
1000	1005	3.041448430637049
1009	1008	3.0785898602458284
=========================

Tempo:280018.03466666664
Destinazione	 NEXTHOP	 Costo
1008	1007	1.237383109318412
1007	1007	0.6778782340635107
1005	1005	0.4008918685424242
1004	1005	2.041223280426264
1003	1005	2.4421151489686883
1002	1005	2.875729405699219
1001	1005	2.6934708451473224
1000	1005	3.041448430637049
1009	1008	3.0785898602458284
=========================

Tempo:280018.03466666664
Destinazione	 NEXTHOP	 Costo
1008	1008	1.6630338351116867
1007	1007	0.6778782340635107
1005	1005	0.4008918685424242
1004	1005	2.041223280426264
1003	1005	2.4421151489686883
1002	1005	2.875729405699219
1001	1005	2.6934708451473224
1000	1005	3.041448430637049
1009	1008	3.0785898602458284
=========================

Tempo:285018.03466666664
Destinazione	 NEXTHOP	 Costo
1008	1008	1.6630338351116867
1007	1007	0.6778782340635107
1005	1005	0.4513857884721221
1004	1005	2.041223280426264
1003	1005	2.4421151489686883
1002	1005	2.875729405699219
1001	1005	2.6934708451473224
1000	1005	3.041448430637049
1009	1008	3.0785898602458284
=========================

Tempo:285018.03466666664
Destinazione	 NEXTHOP	 Costo
1008	1008	1.6630338351116867
1007	1007	1.0894597206323018
1005	1005	0.4513857884721221
1004	1005	2.041223280426264
1003	1005	2.4421151489686883
1002	1005	2.875729405699219
1001	1005	2.6934708451473224
1000	1005	3.041448430637049
1009	1008	3.0785898602458284
=========================

Tempo:285018.03466666664
Destinazione	 NEXTHOP	 Costo
1008	1008	2.0819058461460846
1007	1007	1.0894597206323018
1005	1005	0.4513857884721221
1004	1005	2.041223280426264
1003	1005	2.4421151489686883
1002	1005	2.875729405699219
1001	1005	2.6934708451473224
1000	1005	3.041448430637049
1009	1008	3.0785898602458284
=========================

Tempo:290018.03466666664
Destinazione	 NEXTHOP	 Costo
1008	1008	2.0819058461460846
1007	1007	1.0894597206323018
1005	1005	0.685806564469498
1004	1005	2.041223280426264
1003	1005	2.4421151489686883
1002	1005	2.875729405699219
1001	1005	2.6934708451473224
1000	1005	3.041448430637049
1009	1008	3.0785898602458284
=========================

Tempo:290018.03466666664
Destinazione	 NEXTHOP	 Costo
1008	1008	2.0819058461460846
1007	1007	1.5815287399519495
1005	1005	0.685806564469498
1004	1005	2.041223280426264
1003	1005	2.4421151489686883
1002	1005	2.875729405699219
1001	1005	2.6934708451473224
1000	1005	3.041448430637049
1009	1008	3.0785898602458284
=========================

Tempo:290018.03466666664
Destinazione	 NEXTHOP	 Costo
1008	1008	2.398529047743253
1007	1007	1.5815287399519495
1005	1005	0.685806564469498
1004	1005	2.041223280426264
1003	1005	2.4421151489686883
1002	1005	2.875729405699219
1001	1005	2.6934708451473224
1000	1005	3.041448430637049
1009	1008	3.0785898602458284
=========================

Tempo:295018.03466666664
Destinazione	 NEXTHOP	 Costo
1008	1008	2.398529047743253
1007	1007	1.5815287399519495
1005	1005	1.0739795440211573
1004	1005	2.041223280426264
1003	1005	2.4421151489686883
1002	1005	2.875729405699219
1001	1005	2.6934708451473224
1000	1005	3.041448430637049
1009	1008	3.0785898602458284
=========================

Tempo:295018.03466666664
Destinazione	 NEXTHOP	 Costo
1008	1007	2.1144195180457315
1007	1007	1.3318648439948306
1005	1005	1.0739795440211573
1004	1005	2.041223280426264
1003	1005	2.4421151489686883
1002	1005	2.875729405699219
1001	1005	2.6934708451473224
1000	1005	3.041448430637049
1009	1007	2.860757195922311
=========================

Tempo:295018.03466666664
Destinazione	 NEXTHOP	 Costo
1008	1008	2.224521227610901
1007	1007	1.3318648439948306
1005	1005	1.0739795440211573
1004	1005	2.041223280426264
1003	1005	2.4421151489686883
1002	1005	2.875729405699219
1001	1005	2.6934708451473224
1000	1005	3.041448430637049
1009	1008	2.764777336252496
=========================

Tempo:300018.03466666664
Destinazione	 NEXTHOP	 Costo
1008	1008	2.224521227610901
1007	1007	1.3318648439948306
1005	1005	1.545457048499447
1004	1005	2.041223280426264
1003	1005	2.4421151489686883
1002	1005	2.875729405699219
1001	1005	2.6934708451473224
1000	1005	3.041448430637049
1009	1008	2.764777336252496
=========================

Tempo:300018.03466666664
Destinazione	 NEXTHOP	 Costo
1008	1007	1.3555798642995118
1007	1007	0.8724324359182374
1005	1005	1.545457048499447
1004	1005	2.041223280426264
1003	1005	2.4421151489686883
1002	1005	2.875729405699219
1001	1005	2.6934708451473224
1000	1005	3.041448430637049
1009	1007	2.33869953774391
=========================

Tempo:300018.03466666664
Destinazione	 NEXTHOP	 Costo
1008	1008	1.9571366608451795
1007	1007	0.8724324359182374
1005	1005	1.545457048499447
1004	1005	2.041223280426264
1003	1005	2.4421151489686883
1002	1005	2.875729405699219
1001	1005	2.6934708451473224
1000	1005	3.041448430637049
1009	1007	2.33869953774391
=========================

Tempo:305018.03466666664
Destinazione	 NEXTHOP	 Costo
1008	1008	1.9571366608451795
1007	1007	0.8724324359182374
1005	1005	1.6393429635008132
1004	1005	2.041223280426264
1003	1005	2.4421151489686883
1002	1005	2.875729405699219
1001	1005	2.6934708451473224
1000	1005	3.041448430637049
1009	1007	2.33869953774391
=========================

Tempo:305018.03466666664
Destinazione	 NEXTHOP	 Costo
1008	1007	0.9072308733381098
1007	1007	0.5423662526509733
1005	1005	1.6393429635008132
1004	1005	2.041223280426264
1003	1005	2.4421151489686883
1002	1005	2.875729405699219
1001	1005	2.6934708451473224
1000	1005	3.041448430637049
1009	1007	2.03459449737568
=========================

Tempo:305018.03466666664
Destinazione	 NEXTHOP	 Costo
1008	1008	1.733081486442804
1007	1007	0.5423662526509733
1005	1005	1.6393429635008132
1004	1005	2.041223280426264
1003	1005	2.4421151489686883
1002	1005	2.875729405699219
1001	1005	2.6934708451473224
1000	1005	3.041448430637049
1009	1007	2.03459449737568
=========================

Tempo:305018.03466666664
Destinazione	 NEXTHOP	 Costo
1008	1008	1.733081486442804
1007	1007	0.5423662526509733
1005	1005	1.6393429635008132
1004	1005	2.041223280426264
1003	1005	2.4421151489686883
1002	1005	2.875729405699219
1001	1005	2.6934708451473224
1000	1005	3.041448430637049
1009	1007	2.03459449737568
=========================

Tempo:310018.03466666664
Destinazione	 NEXTHOP	 Costo
1008	1008	1.733081486442804
1007	1007	0.5423662526509733
1005	1005	1.6403314118838397
1004	1005	2.041223280426264
1003	1005	2.4421151489686883
1002	1005	2.875729405699219
1001	1005	2.6934708451473224
1000	1005	3.041448430637049
1010	1005	5.35660600985375
1009	1007	2.03459449737568
=========================

Tempo:310018.03466666664
Destinazione	 NEXTHOP	 Costo
1008	1007	0.8256028169496954
1007	1007	0.3999635381376459
1005	1005	1.6403314118838397
1004	1005	2.041223280426264
1003	1005	2.4421151489686883
1002	1005	2.875729405699219
1001	1005	2.6934708451473224
1000	1005	3.041448430637049
1010	1007	3.4785533983834744
1009	1007	1.922466059747751
=========================

Tempo:310018.03466666664
Destinazione	 NEXTHOP	 Costo
1008	1008	1.843970557286094
1007	1007	0.3999635381376459
1005	1005	1.6403314118838397
1004	1005	2.041223280426264
1003	1005	2.4421151489686883
1002	1005	2.875729405699219
1001	1005	2.6934708451473224
1000	1005	3.041448430637049
1010	1007	3.4785533983834744
1009	1007	1.922466059747751
=========================

Tempo:310018.03466666664
Destinazione	 NEXTHOP	 Costo
1008	1008	1.843970557286094
1007	1007	0.3999635381376459
1005	1005	1.6403314118838397
1004	1005	2.041223280426264
1003	1005	2.4421151489686883
1002	1005	2.875729405699219
1001	1005	2.6934708451473224
1000	1005	3.041448430637049
1010	1007	3.4785533983834744
1009	1009	2.081718364178026
=========================

Tempo:315018.03466666664
Destinazione	 NEXTHOP	 Costo
1008	1008	1.843970557286094
1007	1007	0.3999635381376459
1005	1005	1.643686866618403
1004	1005	2.041223280426264
1003	1005	2.4421151489686883
1002	1005	2.875729405699219
1001	1005	2.6934708451473224
1000	1005	3.041448430637049
1010	1007	3.4785533983834744
1009	1009	2.081718364178026
=========================

Tempo:315018.03466666664
Destinazione	 NEXTHOP	 Costo
1008	1007	1.1193679114722737
1007	1007	0.44148967740876294
1005	1005	1.643686866618403
1004	1005	2.041223280426264
1003	1005	2.4421151489686883
1002	1005	2.875729405699219
1001	1005	2.6934708451473224
1000	1005	3.041448430637049
1010	1007	3.4785533983834744
1009	1009	2.081718364178026
=========================

Tempo:315018.03466666664
Destinazione	 NEXTHOP	 Costo
1008	1008	2.0757404237344987
1007	1007	0.44148967740876294
1005	1005	1.643686866618403
1004	1005	2.041223280426264
1003	1005	2.4421151489686883
1002	1005	2.875729405699219
1001	1005	2.6934708451473224
1000	1005	3.041448430637049
1010	1007	3.4785533983834744
1009	1009	2.081718364178026
=========================

Tempo:315018.03466666664
Destinazione	 NEXTHOP	 Costo
1008	1008	2.0757404237344987
1007	1007	0.44148967740876294
1005	1005	1.643686866618403
1004	1005	2.041223280426264
1003	1005	2.4421151489686883
1002	1005	2.875729405699219
1001	1005	2.6934708451473224
1000	1005	3.041448430637049
1010	1009	3.153553517396439
1009	1009	1.8574832572272835
=========================

Tempo:320018.03466666664
Destinazione	 NEXTHOP	 Costo
1008	1008	2.0757404237344987
1007	1007	0.44148967740876294
1005	1005	1.6425000015891547
1004	1005	2.041223280426264
1003	1005	2.4421151489686883
1002	1005	2.875729405699219
1001	1005	2.6934708451473224
1000	1005	3.041448430637049
1010	1009	3.153553517396439
1009	1009	1.8574832572272835
=========================

Tempo:320018.03466666664
Destinazione	 NEXTHOP	 Costo
1008	1007	1.7552844590515349
1007	1007	0.6658247384192331
1005	1005	1.6425000015891547
1004	1005	2.041223280426264
1003	1005	2.4421151489686883
1002	1005	2.875729405699219
1001	1005	2.6934708451473224
1000	1005	3.041448430637049
1010	1009	3.153553517396439
1009	1009	1.8574832572272835
=========================

Tempo:320018.03466666664
Destinazione	 NEXTHOP	 Costo
1008	1008	2.346290832763184
1007	1007	0.6658247384192331
1005	1005	1.6425000015891547
1004	1005	2.041223280426264
1003	1005	2.4421151489686883
1002	1005	2.875729405699219
1001	1005	2.6934708451473224
1000	1005	3.041448430637049
1010	1009	3.153553517396439
1009	1009	1.8574832572272835
=========================

Tempo:320018.03466666664
Destinazione	 NEXTHOP	 Costo
1008	1008	2.346290832763184
1007	1007	0.6658247384192331
1005	1005	1.6425000015891547
1004	1005	2.041223280426264
1003	1005	2.4421151489686883
1002	1005	2.875729405699219
1001	1005	2.6934708451473224
1000	1005	3.041448430637049
1010	1009	2.5368117485323096
1009	1009	1.6889082662072248
=========================

Tempo:325018.03466666664
Destinazione	 NEXTHOP	 Costo
1008	1008	2.346290832763184
1007	1007	0.6658247384192331
1005	1005	1.628129833165582
1004	1005	2.041223280426264
1003	1005	2.4421151489686883
1002	1005	2.875729405699219
1001	1005	2.6934708451473224
1000	1005	3.041448430637049
1010	1009	2.5368117485323096
1009	1009	1.6889082662072248
=========================

Tempo:325018.03466666664
Destinazione	 NEXTHOP	 Costo
1008	1008	2.346290832763184
1007	1007	1.041583062293714
1005	1005	1.628129833165582
1004	1005	2.041223280426264
1003	1005	2.4421151489686883
1002	1005	2.875729405699219
1001	1005	2.6934708451473224
1000	1005	3.041448430637049
1010	1009	2.5368117485323096
1009	1009	1.6889082662072248
=========================

Tempo:325018.03466666664
Destinazione	 NEXTHOP	 Costo
1008	1008	2.282336268866487
1007	1007	1.041583062293714
1005	1005	1.628129833165582
1004	1005	2.041223280426264
1003	1005	2.4421151489686883
1002	1005	2.875729405699219
1001	1005	2.6934708451473224
1000	1005	3.041448430637049
1010	1009	2.5368117485323096
1009	1009	1.6889082662072248
=========================

Tempo:325018.03466666664
Destinazione	 NEXTHOP	 Costo
1008	1009	2.1959659009989663
1007	1007	1.041583062293714
1005	1005	1.628129833165582
1004	1005	2.041223280426264
1003	1005	2.4421151489686883
1002	1005	2.875729405699219
1001	1005	2.6934708451473224
1000	1005	3.041448430637049
1010	1009	2.300004626288157
1009	1009	1.7597485176465615
=========================

Tempo:330018.03466666664
Destinazione	 NEXTHOP	 Costo
1008	1009	2.1959659009989663
1007	1007	1.041583062293714
1005	1005	1.6055552846462637
1004	1005	2.041223280426264
1003	1005	2.4421151489686883
1002	1005	2.875729405699219
1001	1005	2.6934708451473224
1000	1005	3.041448430637049
1010	1009	2.300004626288157
1009	1009	1.7597485176465615
=========================

Tempo:330018.03466666664
Destinazione	 NEXTHOP	 Costo
1008	1009	2.1959659009989663
1007	1007	1.495491617755486
1005	1005	1.6055552846462637
1004	1005	2.041223280426264
1003	1005	2.4421151489686883
1002	1005	2.875729405699219
1001	1005	2.6934708451473224
1000	1005	3.041448430637049
1010	1009	2.300004626288157
1009	1009	1.7597485176465615
=========================

Tempo:330018.03466666664
Destinazione	 NEXTHOP	 Costo
1008	1008	2.285022432179787
1007	1007	1.495491617755486
1005	1005	1.6055552846462637
1004	1005	2.041223280426264
1003	1005	2.4421151489686883
1002	1005	2.875729405699219
1001	1005	2.6934708451473224
1000	1005	3.041448430637049
1010	1009	2.300004626288157
1009	1009	1.7597485176465615
=========================

Tempo:330018.03466666664
Destinazione	 NEXTHOP	 Costo
1008	1008	2.285022432179787
1007	1007	1.495491617755486
1005	1005	1.6055552846462637
1004	1005	2.041223280426264
1003	1005	2.4421151489686883
1002	1005	2.875729405699219
1001	1005	2.6934708451473224
1000	1005	3.041448430637049
1010	1009	2.300004626288157
1009	1009	2.174262471138134
=========================

Tempo:330018.03466666664
Destinazione	 NEXTHOP	 Costo
1008	1008	2.285022432179787
1007	1007	1.495491617755486
1005	1005	1.6055552846462637
1004	1005	2.041223280426264
1003	1005	2.4421151489686883
1002	1005	2.875729405699219
1001	1005	2.6934708451473224
1000	1005	3.041448430637049
1010	1009	2.300004626288157
1009	1009	2.174262471138134
=========================

Tempo:335018.03466666664
Destinazione	 NEXTHOP	 Costo
1008	1008	2.285022432179787
1007	1007	1.495491617755486
1005	1005	1.5781994014530396
1004	1005	2.041223280426264
1003	1005	2.4421151489686883
1002	1005	2.875729405699219
1001	1005	2.6934708451473224
1000	1005	3.041448430637049
1010	1009	2.300004626288157
1009	1009	2.174262471138134
=========================

Tempo:335018.03466666664
Destinazione	 NEXTHOP	 Costo
1008	1008	2.285022432179787
1007	1007	1.5728457032914374
1005	1005	1.5781994014530396
1004	1005	2.041223280426264
1003	1005	2.4421151489686883
1002	1005	2.875729405699219
1001	1005	2.6934708451473224
1000	1005	3.041448430637049
1010	1009	2.300004626288157
1009	1009	2.174262471138134
=========================

Tempo:335018.03466666664
Destinazione	 NEXTHOP	 Costo
1008	1008	2.4619091382746525
1007	1007	1.5728457032914374
1005	1005	1.5781994014530396
1004	1005	2.041223280426264
1003	1005	2.4421151489686883
1002	1005	2.875729405699219
1001	1005	2.6934708451473224
1000	1005	3.041448430637049
1010	1009	2.300004626288157
1009	1009	2.174262471138134
=========================

Tempo:335018.03466666664
Destinazione	 NEXTHOP	 Costo
1008	1008	2.4619091382746525
1007	1007	1.5728457032914374
1005	1005	1.5781994014530396
1004	1005	2.041223280426264
1003	1005	2.4421151489686883
1002	1005	2.875729405699219
1001	1005	2.6934708451473224
1000	1005	3.041448430637049
=========================

Tempo:335018.03466666664
Destinazione	 NEXTHOP	 Costo
1008	1008	2.4619091382746525
1007	1007	1.5728457032914374
1005	1005	1.5781994014530396
1004	1005	2.041223280426264
1003	1005	2.4421151489686883
1002	1005	2.875729405699219
1001	1005	2.6934708451473224
1000	1005	3.041448430637049
1011	1010	3.7162745979699103
1010	1010	2.1601872593341875
1009	1010	2.6828871563715917
=========================

Tempo:340018.03466666664
Destinazione	 NEXTHOP	 Costo
1008	1008	2.4619091382746525
1007	1007	1.5728457032914374
1005	1005	1.5515611631753783
1004	1005	2.041223280426264
1003	1005	2.4421151489686883
1002	1005	2.875729405699219
1001	1005	2.6934708451473224
1000	1005	3.041448430637049
1011	1010	3.7162745979699103
1010	1010	2.1601872593341875
1009	1010	2.6828871563715917
=========================

Tempo:340018.03466666664
Destinazione	 NEXTHOP	 Costo
1008	1007	2.089002762583714
1007	1007	1.546636509932741
1005	1005	1.5515611631753783
1004	1005	2.041223280426264
1003	1005	2.4421151489686883
1002	1005	2.875729405699219
1001	1005	2.6934708451473224
1000	1005	3.041448430637049
1011	1010	3.7162745979699103
1010	1010	2.1601872593341875
1009	1010	2.6828871563715917
=========================

Tempo:340018.03466666664
Destinazione	 NEXTHOP	 Costo
1008	1007	2.089002762583714
1007	1007	1.546636509932741
1005	1005	1.5515611631753783
1004	1005	2.041223280426264
1003	1005	2.4421151489686883
1002	1005	2.875729405699219
1001	1005	2.6934708451473224
1000	1005	3.041448430637049
1011	1010	3.7162745979699103
1010	1010	2.1601872593341875
1009	1010	2.6828871563715917
=========================

Tempo:340018.03466666664
Destinazione	 NEXTHOP	 Costo
1008	1007	2.089002762583714
1007	1007	1.546636509932741
1005	1005	1.5515611631753783
1004	1005	2.041223280426264
1003	1005	2.4421151489686883
1002	1005	2.875729405699219
1001	1005	2.6934708451473224
1000	1005	3.041448430637049
1011	1010	3.5111755599301957
1010	1010	1.9794701162485233
1009	1010	2.6828871563715917
=========================

Tempo:345018.03466666664
Destinazione	 NEXTHOP	 Costo
1008	1007	2.089002762583714
1007	1007	1.546636509932741
1005	1005	1.5350981667064068
1004	1005	2.041223280426264
1003	1005	2.4421151489686883
1002	1005	2.875729405699219
1001	1005	2.6934708451473224
1000	1005	3.041448430637049
1011	1010	3.5111755599301957
1010	1010	1.9794701162485233
1009	1010	2.6828871563715917
=========================

Tempo:345018.03466666664
Destinazione	 NEXTHOP	 Costo
1008	1007	1.9304086773074751
1007	1007	1.5304451391698293
1005	1005	1.5350981667064068
1004	1005	2.041223280426264
1003	1005	2.4421151489686883
1002	1005	2.875729405699219
1001	1005	2.6934708451473224
1000	1005	3.041448430637049
1011	1010	3.5111755599301957
1010	1010	1.9794701162485233
1009	1010	2.6828871563715917
=========================

Tempo:345018.03466666664
Destinazione	 NEXTHOP	 Costo
1008	1007	1.9304086773074751
1007	1007	1.5304451391698293
1005	1005	1.5350981667064068
1004	1005	2.041223280426264
1003	1005	2.4421151489686883
1002	1005	2.875729405699219
1001	1005	2.6934708451473224
1000	1005	3.041448430637049
1011	1010	3.5111755599301957
1010	1010	2.2602788737962003
1009	1010	2.6828871563715917
=========================

Tempo:350018.03466666664
Destinazione	 NEXTHOP	 Costo
1008	1007	1.9304086773074751
1007	1007	1.5304451391698293
1005	1005	1.5185899869332697
1004	1005	2.041223280426264
1003	1005	2.4421151489686883
1002	1005	2.875729405699219
1001	1005	2.6934708451473224
1000	1005	3.041448430637049
1011	1010	3.5111755599301957
1010	1010	2.2602788737962003
1009	1010	2.6828871563715917
=========================

Tempo:350018.03466666664
Destinazione	 NEXTHOP	 Costo
1008	1007	1.9304086773074751
1007	1007	1.51419515653553
1005	1005	1.5185899869332697
1004	1005	2.041223280426264
1003	1005	2.4421151489686883
1002	1005	2.875729405699219
1001	1005	2.6934708451473224
1000	1005	3.041448430637049
1011	1010	3.5111755599301957
1010	1010	2.2602788737962003
1009	1010	2.6828871563715917
=========================

Tempo:350018.03466666664
Destinazione	 NEXTHOP	 Costo
1008	1007	1.9304086773074751
1007	1007	1.51419515653553
1005	1005	1.5185899869332697
1004	1005	2.041223280426264
1003	1005	2.4421151489686883
1002	1005	2.875729405699219
1001	1005	2.6934708451473224
1000	1005	3.041448430637049
=========================

Tempo:355018.03466666664
Destinazione	 NEXTHOP	 Costo
1008	1007	1.9304086773074751
1007	1007	1.51419515653553
1005	1005	1.5098741888335507
1004	1005	2.041223280426264
1003	1005	2.4421151489686883
1002	1005	2.875729405699219
1001	1005	2.6934708451473224
1000	1005	3.041448430637049
1011	1005	6.531437001242349
1010	1005	4.999731557560676
1009	1005	4.704407692300713
=========================

Tempo:355018.03466666664
Destinazione	 NEXTHOP	 Costo
1008	1007	1.9304086773074751
1007	1007	1.5056252372599377
1005	1005	1.5098741888335507
1004	1005	2.041223280426264
1003	1005	2.4421151489686883
1002	1005	2.875729405699219
1001	1005	2.6934708451473224
1000	1005	3.041448430637049
1011	1007	4.042436985792247
1010	1007	3.1945335034671625
1009	1007	3.8519160700231216
=========================

Tempo:360018.03466666664
Destinazione	 NEXTHOP	 Costo
1008	1007	1.9304086773074751
1007	1007	1.5056252372599377
1005	1005	1.0980626870926657
1004	1005	2.041223280426264
1003	1005	2.4421151489686883
1002	1005	2.875729405699219
1001	1005	2.6934708451473224
1000	1005	3.041448430637049
1011	1007	4.042436985792247
1010	1007	3.1945335034671625
1009	1007	3.8519160700231216
=========================

Tempo:360018.03466666664
Destinazione	 NEXTHOP	 Costo
1008	1007	1.9304086773074751
1007	1007	1.5003702778549937
1005	1005	1.0980626870926657
1004	1005	2.041223280426264
1003	1005	2.4421151489686883
1002	1005	2.875729405699219
1001	1005	2.6934708451473224
1000	1005	3.041448430637049
1011	1007	3.8003749041431503
1010	1007	3.1945335034671625
1009	1007	3.6963361788539597
=========================

Tempo:365018.03466666664
Destinazione	 NEXTHOP	 Costo
1008	1007	1.9304086773074751
1007	1007	1.5003702778549937
1005	1005	0.7118220111048512
1004	1005	2.041223280426264
1003	1005	2.4421151489686883
1002	1005	2.875729405699219
1001	1005	2.6934708451473224
1000	1005	3.041448430637049
1011	1007	3.8003749041431503
1010	1007	3.1945335034671625
1009	1007	3.6963361788539597
=========================

Tempo:365018.03466666664
Destinazione	 NEXTHOP	 Costo
1008	1007	1.9304086773074751
1007	1007	1.501290163108551
1005	1005	0.7118220111048512
1004	1005	2.041223280426264
1003	1005	2.4421151489686883
1002	1005	2.875729405699219
1001	1005	2.6934708451473224
1000	1005	3.041448430637049
1011	1007	3.8003749041431503
1010	1007	3.1945335034671625
1009	1007	3.6963361788539597
=========================

Tempo:370018.03466666664
Destinazione	 NEXTHOP	 Costo
1008	1007	1.9304086773074751
1007	1007	1.501290163108551
1005	1005	0.6042655327521798
1004	1005	2.041223280426264
1003	1005	2.4421151489686883
1002	1005	2.875729405699219
1001	1005	2.6934708451473224
1000	1005	3.041448430637049
1011	1007	3.8003749041431503
1010	1007	3.1945335034671625
1009	1007	3.6963361788539597
=========================

Tempo:370018.03466666664
Destinazione	 NEXTHOP	 Costo
1008	1007	1.9304086773074751
1007	1007	1.5052195168933737
1005	1005	0.6042655327521798
1004	1005	2.041223280426264
1003	1005	2.4421151489686883
1002	1005	2.875729405699219
1001	1005	2.6934708451473224
1012	1007	5.221494114863284
1000	1005	3.041448430637049
1011	1007	3.6654067762275613
1010	1007	3.1945335034671625
1009	1007	3.6963361788539597
=========================

Tempo:375018.03466666664
Destinazione	 NEXTHOP	 Costo
1008	1007	1.9304086773074751
1007	1007	1.5052195168933737
1005	1005	0.5667879941987448
1004	1005	2.041223280426264
1003	1005	2.4421151489686883
1002	1005	2.875729405699219
1001	1005	2.6934708451473224
1012	1007	5.221494114863284
1000	1005	3.041448430637049
1011	1007	3.6654067762275613
1010	1007	3.1945335034671625
1009	1007	3.6963361788539597
=========================

Tempo:375018.03466666664
Destinazione	 NEXTHOP	 Costo
1008	1007	1.9304086773074751
1007	1007	1.5103872524786026
1005	1005	0.5667879941987448
1004	1005	2.041223280426264
1003	1005	2.4421151489686883
1002	1005	2.875729405699219
1001	1005	2.6934708451473224
1012	1007	5.021562812408798
1000	1005	3.041448430637049
1011	1007	3.489857368727126
1010	1007	3.1945335034671625
1009	1007	3.599390015062317
=========================

Tempo:380018.03466666664
Destinazione	 NEXTHOP	 Costo
1008	1007	1.9304086773074751
1007	1007	1.5103872524786026
1005	1005	0.5990317303166448
1004	1005	2.041223280426264
1003	1005	2.4421151489686883
1002	1005	2.875729405699219
1001	1005	2.6934708451473224
1012	1007	5.021562812408798
1000	1005	3.041448430637049
1011	1007	3.489857368727126
1010	1007	3.1945335034671625
1009	1007	3.599390015062317
=========================

Tempo:380018.03466666664
Destinazione	 NEXTHOP	 Costo
1008	1007	1.9304086773074751
1007	1007	1.5143400303013708
1005	1005	0.5990317303166448
1004	1005	2.041223280426264
1003	1005	2.4421151489686883
1002	1005	2.875729405699219
1001	1005	2.6934708451473224
1012	1007	5.021562812408798
1000	1005	3.041448430637049
1011	1007	3.489857368727126
1010	1007	3.1945335034671625
1009	1007	3.444748707608846
=========================

Tempo:385018.03466666664
Destinazione	 NEXTHOP	 Costo
1008	1007	1.9304086773074751
1007	1007	1.5143400303013708
1005	1005	0.7006874842453902
1004	1005	2.041223280426264
1003	1005	2.4421151489686883
1002	1005	2.875729405699219
1001	1005	2.6934708451473224
1012	1007	5.021562812408798
1000	1005	3.041448430637049
1011	1007	3.489857368727126
1010	1007	3.1945335034671625
1009	1007	3.444748707608846
=========================

Tempo:385018.03466666664
Destinazione	 NEXTHOP	 Costo
1008	1007	1.9304086773074751
1007	1007	1.5153981005559558
1005	1005	0.7006874842453902
1004	1005	2.041223280426264
1003	1005	2.4421151489686883
1002	1005	2.875729405699219
1001	1005	2.6934708451473224
1012	1007	5.021562812408798
1000	1005	3.041448430637049
1011	1007	3.489857368727126
1010	1007	3.1945335034671625
1009	1007	3.444748707608846
=========================

Tempo:390018.03466666664
Destinazione	 NEXTHOP	 Costo
1008	1007	1.9304086773074751
1007	1007	1.5153981005559558
1005	1005	1.0519661094057453
1004	1005	2.041223280426264
1003	1005	2.4421151489686883
1002	1005	2.875729405699219
1001	1005	2.6934708451473224
1012	1007	5.021562812408798
1000	1005	3.041448430637049
1011	1007	3.489857368727126
1010	1007	3.1945335034671625
1009	1007	3.444748707608846
=========================

Tempo:390018.03466666664
Destinazione	 NEXTHOP	 Costo
1008	1007	1.9304086773074751
1007	1007	1.1048107909058278
1005	1005	1.0519661094057453
1004	1005	2.041223280426264
1003	1005	2.4421151489686883
1002	1005	2.875729405699219
1001	1005	2.6934708451473224
1012	1007	5.021562812408798
1000	1005	3.041448430637049
1011	1007	3.489857368727126
1010	1007	3.1945335034671625
1009	1007	3.035219468213303
=========================

Tempo:395018.03466666664
Destinazione	 NEXTHOP	 Costo
1008	1007	1.9304086773074751
1007	1007	1.1048107909058278
1005	1005	1.50994588667041
1004	1005	2.041223280426264
1003	1005	2.4421151489686883
1002	1005	2.875729405699219
1001	1005	2.6934708451473224
1012	1007	5.021562812408798
1000	1005	3.041448430637049
1011	1007	3.489857368727126
1010	1007	3.1945335034671625
1009	1007	3.035219468213303
=========================

Tempo:395018.03466666664
Destinazione	 NEXTHOP	 Costo
1008	1007	1.9304086773074751
1007	1007	0.7160908166703523
1005	1005	1.50994588667041
1004	1005	2.041223280426264
1003	1005	2.4421151489686883
1002	1005	2.875729405699219
1001	1005	2.6934708451473224
1012	1007	4.516465720813502
1000	1005	3.041448430637049
1011	1007	3.489857368727126
1010	1007	3.1945335034671625
1009	1007	2.6464994939778275
=========================

Tempo:400018.03466666664
Destinazione	 NEXTHOP	 Costo
1008	1007	1.9304086773074751
1007	1007	0.7160908166703523
1005	1005	1.5106386936325287
1004	1005	2.041223280426264
1003	1005	2.4421151489686883
1002	1005	2.875729405699219
1001	1005	2.6934708451473224
1012	1007	4.516465720813502
1000	1005	3.041448430637049
1011	1007	3.489857368727126
1010	1007	3.1945335034671625
1009	1007	2.6464994939778275
=========================

Tempo:400018.03466666664
Destinazione	 NEXTHOP	 Costo
1008	1007	1.9304086773074751
1007	1007	0.6076806578426857
1005	1005	1.5106386936325287
1004	1005	2.041223280426264
1003	1005	2.4421151489686883
1002	1005	2.875729405699219
1001	1005	2.6934708451473224
1012	1007	4.408055561985836
1000	1005	3.041448430637049
1011	1007	3.489857368727126
1010	1007	3.1945335034671625
1009	1007	2.5380893351501608
=========================

Tempo:405018.03466666664
Destinazione	 NEXTHOP	 Costo
1008	1007	1.9304086773074751
1007	1007	0.6076806578426857
1005	1005	1.5140660426673478
1004	1005	2.032322866963577
1003	1005	2.4421151489686883
1002	1005	2.875729405699219
1001	1005	2.6934708451473224
1012	1007	4.408055561985836
1000	1005	3.041448430637049
1011	1007	3.489857368727126
1010	1007	3.1945335034671625
1009	1007	2.5380893351501608
=========================

Tempo:405018.03466666664
Destinazione	 NEXTHOP	 Costo
1000	1005	3.041448430637049
1011	1007	3.489857368727126
1010	1007	3.1945335034671625
1008	1007	1.9304086773074751
1007	1007	0.569756022133446
1005	1005	1.5140660426673478
1004	1005	2.032322866963577
1003	1005	2.4421151489686883
1002	1005	2.875729405699219
1013	1007	5.79125013699673
1001	1005	2.6934708451473224
1012	1007	4.235162798361007
1009	1007	2.500164699440921
=========================

Tempo:410018.03466666664
Destinazione	 NEXTHOP	 Costo
1000	1005	3.041448430637049
1011	1007	3.489857368727126
1010	1007	3.1945335034671625
1008	1007	1.9304086773074751
1007	1007	0.569756022133446
1005	1005	1.5186318377266481
1004	1005	2.006209913742973
1003	1005	2.4421151489686883
1002	1005	2.875729405699219
1013	1007	5.79125013699673
1001	1005	2.6934708451473224
1012	1007	4.235162798361007
1009	1007	2.500164699440921
=========================

Tempo:410018.03466666664
Destinazione	 NEXTHOP	 Costo
1000	1005	3.041448430637049
1011	1007	3.489857368727126
1010	1007	3.1945335034671625
1008	1007	1.9304086773074751
1007	1007	0.6019748088284467
1005	1005	1.5186318377266481
1004	1005	2.006209913742973
1003	1005	2.4421151489686883
1002	1005	2.875729405699219
1013	1007	5.623537621237245
1001	1005	2.6934708451473224
1012	1007	4.091832177555572
1009	1007	2.500164699440921
=========================

Tempo:415018.03466666664
Destinazione	 NEXTHOP	 Costo
1000	1005	3.041448430637049
1011	1007	3.489857368727126
1010	1007	3.1945335034671625
1008	1007	1.9304086773074751
1007	1007	0.6019748088284467
1005	1005	1.5186318377266481
1004	1005	2.006209913742973
1003	1005	2.4421151489686883
1002	1005	2.875729405699219
1013	1007	5.623537621237245
1001	1005	2.6934708451473224
1012	1007	4.091832177555572
1009	1007	2.500164699440921
=========================

Tempo:415018.03466666664
Destinazione	 NEXTHOP	 Costo
1000	1005	3.041448430637049
1011	1007	3.489857368727126
1010	1007	3.1945335034671625
1008	1007	1.9304086773074751
1007	1007	0.6019748088284467
1005	1005	1.5221099632263952
1004	1005	2.006209913742973
1003	1005	2.4421151489686883
1002	1005	2.875729405699219
1013	1007	5.623537621237245
1001	1005	2.6934708451473224
1012	1007	4.091832177555572
1009	1007	2.500164699440921
=========================

Tempo:415018.03466666664
Destinazione	 NEXTHOP	 Costo
1000	1005	3.041448430637049
1011	1007	3.489857368727126
1010	1007	3.1945335034671625
1008	1007	1.9304086773074751
1007	1007	0.7040380906004547
1005	1005	1.5221099632263952
1004	1005	2.006209913742973
1003	1005	2.4421151489686883
1002	1005	2.875729405699219
1013	1007	5.623537621237245
1001	1005	2.6934708451473224
1012	1007	4.091832177555572
1009	1007	2.500164699440921
=========================

Tempo:420018.03466666664
Destinazione	 NEXTHOP	 Costo
1000	1005	3.041448430637049
1011	1007	3.489857368727126
1010	1007	3.1945335034671625
1008	1007	1.9304086773074751
1007	1007	0.7040380906004547
1005	1005	1.5221099632263952
1004	1005	2.006209913742973
1003	1005	2.4421151489686883
1002	1005	2.875729405699219
1013	1007	5.623537621237245
1001	1005	2.6934708451473224
1012	1007	4.091832177555572
1009	1007	2.500164699440921
=========================

Tempo:420018.03466666664
Destinazione	 NEXTHOP	 Costo
1000	1005	3.041448430637049
1011	1007	3.489857368727126
1010	1007	3.1945335034671625
1008	1007	1.9304086773074751
1007	1007	0.7040380906004547
1005	1005	1.4428586371771703
1004	1005	2.006209913742973
1003	1005	2.4421151489686883
1002	1005	2.875729405699219
1013	1007	5.623537621237245
1001	1005	2.6934708451473224
1012	1007	4.091832177555572
1009	1007	2.500164699440921
=========================

Tempo:420018.03466666664
Destinazione	 NEXTHOP	 Costo
1000	1005	3.041448430637049
1011	1007	3.489857368727126
1010	1007	3.1945335034671625
1008	1007	1.9304086773074751
1007	1007	1.0574859999071289
1005	1005	1.4428586371771703
1004	1005	2.006209913742973
1003	1005	2.4421151489686883
1002	1005	2.875729405699219
1013	1007	5.623537621237245
1001	1005	2.6934708451473224
1012	1007	4.091832177555572
1009	1007	2.500164699440921
=========================

Tempo:425018.03466666664
Destinazione	 NEXTHOP	 Costo
1000	1005	3.041448430637049
1011	1007	3.489857368727126
1010	1007	3.1945335034671625
1008	1007	1.9304086773074751
1007	1007	1.0574859999071289
1005	1005	1.4428586371771703
1004	1005	2.006209913742973
1003	1005	2.4421151489686883
1002	1005	2.875729405699219
1013	1007	5.623537621237245
1001	1005	2.6934708451473224
1012	1007	4.091832177555572
1009	1007	2.500164699440921
=========================

Tempo:425018.03466666664
Destinazione	 NEXTHOP	 Costo
1000	1005	3.041448430637049
1011	1007	3.489857368727126
1010	1007	3.1945335034671625
1008	1007	1.9304086773074751
1007	1007	1.0574859999071289
1005	1005	0.9906802106272912
1004	1005	2.006209913742973
1003	1005	2.4421151489686883
1002	1005	2.875729405699219
1013	1007	5.623537621237245
1001	1005	2.6934708451473224
1012	1007	4.091832177555572
1009	1007	2.500164699440921
=========================

Tempo:425018.03466666664
Destinazione	 NEXTHOP	 Costo
1000	1005	3.041448430637049
1011	1007	3.489857368727126
1010	1007	3.1945335034671625
1008	1007	1.9304086773074751
1007	1007	1.5193450068082726
1005	1005	0.9906802106272912
1004	1005	2.006209913742973
1003	1005	2.4421151489686883
1002	1005	2.875729405699219
1013	1007	5.623537621237245
1001	1005	2.6934708451473224
1012	1007	4.091832177555572
1009	1007	2.500164699440921
=========================

Tempo:430018.03466666664
Destinazione	 NEXTHOP	 Costo
1000	1005	3.041448430637049
1011	1007	3.489857368727126
1010	1007	3.1945335034671625
1008	1007	1.9304086773074751
1007	1007	1.5193450068082726
1005	1005	0.9906802106272912
1004	1005	2.006209913742973
1003	1005	2.4421151489686883
1002	1005	2.875729405699219
1013	1007	5.623537621237245
1001	1005	2.6934708451473224
1012	1007	4.091832177555572
1009	1007	2.500164699440921
=========================

Tempo:430018.03466666664
Destinazione	 NEXTHOP	 Costo
1000	1005	3.041448430637049
1011	1007	3.489857368727126
1010	1007	3.1945335034671625
1008	1007	1.9304086773074751
1007	1007	1.5193450068082726
1005	1005	0.6516943340949551
1004	1005	2.006209913742973
1003	1005	2.4421151489686883
1002	1005	2.875729405699219
1013	1007	5.623537621237245
1001	1005	2.6934708451473224
1012	1007	4.091832177555572
1009	1007	2.500164699440921
=========================

Tempo:430018.03466666664
Destinazione	 NEXTHOP	 Costo
1000	1005	3.041448430637049
1011	1007	3.489857368727126
1010	1007	3.1945335034671625
1008	1007	1.9304086773074751
1007	1007	1.5213525825696255
1005	1005	0.6516943340949551
1004	1005	2.006209913742973
1003	1005	2.4421151489686883
1002	1005	2.875729405699219
1013	1007	5.623537621237245
1001	1005	2.6934708451473224
1012	1007	4.091832177555572
1009	1007	2.500164699440921
=========================

Tempo:435018.03466666664
Destinazione	 NEXTHOP	 Costo
1000	1005	3.041448430637049
1011	1007	3.489857368727126
1010	1007	3.1945335034671625
1008	1007	1.9304086773074751
1007	1007	1.5213525825696255
1005	1005	0.5182568242962293
1004	1005	2.006209913742973
1003	1005	2.4421151489686883
1002	1005	2.875729405699219
1013	1007	5.623537621237245
1001	1005	2.6934708451473224
1012	1007	4.091832177555572
1009	1007	2.500164699440921
=========================

Tempo:435018.03466666664
Destinazione	 NEXTHOP	 Costo
1000	1005	3.041448430637049
1011	1007	3.489857368727126
1010	1007	3.1945335034671625
1008	1007	1.9304086773074751
1007	1007	1.5273467816048079
1005	1005	0.5182568242962293
1004	1005	2.006209913742973
1003	1005	2.4421151489686883
1002	1005	2.875729405699219
1013	1007	5.623537621237245
1001	1005	2.6934708451473224
1012	1007	4.091832177555572
1009	1007	2.500164699440921
=========================

Tempo:440018.03466666664
Destinazione	 NEXTHOP	 Costo
1000	1005	3.041448430637049
1011	1007	3.489857368727126
1010	1007	3.1945335034671625
1008	1007	1.9304086773074751
1007	1007	1.5273467816048079
1005	1005	0.4875780760163247
1004	1005	2.006209913742973
1003	1005	2.4421151489686883
1002	1005	2.875729405699219
1013	1007	5.623537621237245
1001	1005	2.6934708451473224
1012	1007	4.091832177555572
1009	1007	2.500164699440921
=========================

Tempo:440018.03466666664
Destinazione	 NEXTHOP	 Costo
1000	1005	3.041448430637049
1011	1007	3.489857368727126
1010	1007	3.1945335034671625
1008	1007	1.9304086773074751
1007	1007	1.5344872577847852
1005	1005	0.4875780760163247
1004	1005	2.006209913742973
1003	1005	2.4421151489686883
1014	1007	7.325737394781515
1002	1005	2.875729405699219
1013	1007	5.623537621237245
1001	1005	2.6934708451473224
1012	1007	4.091832177555572
1009	1007	2.500164699440921
=========================

Tempo:445018.03466666664
Destinazione	 NEXTHOP	 Costo
1000	1005	3.041448430637049
1011	1007	3.489857368727126
1010	1007	3.1945335034671625
1008	1007	1.9304086773074751
1007	1007	1.5344872577847852
1005	1005	0.5596082775148508
1004	1005	2.006209913742973
1003	1005	2.4421151489686883
1014	1007	7.325737394781515
1002	1005	2.875729405699219
1013	1007	5.623537621237245
1001	1005	2.6934708451473224
1012	1007	4.091832177555572
1009	1007	2.500164699440921
=========================

Tempo:445018.03466666664
Destinazione	 NEXTHOP	 Costo
1000	1005	3.041448430637049
1011	1007	3.489857368727126
1010	1007	3.1945335034671625
1008	1007	1.9304086773074751
1007	1007	1.5388922821322935
1005	1005	0.5596082775148508
1004	1005	2.006209913742973
1003	1005	2.4421151489686883
1014	1007	7.162429903369539
1002	1005	2.875729405699219
1013	1007	5.623537621237245
1001	1005	2.6934708451473224
1012	1007	4.091832177555572
1009	1007	2.500164699440921
=========================

Tempo:450018.03466666664
Destinazione	 NEXTHOP	 Costo
1000	1005	3.041448430637049
1011	1007	3.489857368727126
1010	1007	3.1945335034671625
1008	1007	1.9304086773074751
1007	1007	1.5388922821322935
1005	1005	0.7556237327782936
1004	1005	2.006209913742973
1003	1005	2.4421151489686883
1014	1007	7.162429903369539
1002	1005	2.875729405699219
1013	1007	5.623537621237245
1001	1005	2.6934708451473224
1012	1007	4.091832177555572
1009	1007	2.500164699440921
=========================

Tempo:450018.03466666664
Destinazione	 NEXTHOP	 Costo
1000	1005	3.041448430637049
1011	1007	3.489857368727126
1010	1007	3.1945335034671625
1008	1007	1.9304086773074751
1007	1007	1.4576917964973917
1005	1005	0.7556237327782936
1004	1005	2.006209913742973
1003	1005	2.4421151489686883
1014	1007	7.081229417734637
1002	1005	2.875729405699219
1013	1007	5.549523974052963
1001	1005	2.6934708451473224
1012	1007	4.091832177555572
1009	1007	2.500164699440921
=========================

Tempo:455018.03466666664
Destinazione	 NEXTHOP	 Costo
1000	1005	3.041448430637049
1011	1007	3.489857368727126
1010	1007	3.1945335034671625
1008	1007	1.9304086773074751
1007	1007	1.4576917964973917
1005	1005	1.1549876173698435
1004	1005	2.006209913742973
1003	1005	2.4421151489686883
1014	1007	7.081229417734637
1002	1005	2.875729405699219
1013	1007	5.549523974052963
1001	1005	2.6934708451473224
1012	1007	4.091832177555572
1009	1007	2.500164699440921
=========================

Tempo:455018.03466666664
Destinazione	 NEXTHOP	 Costo
1000	1005	3.041448430637049
1011	1007	3.489857368727126
1010	1007	3.1945335034671625
1008	1007	1.9304086773074751
1007	1007	1.000323892656754
1005	1005	1.1549876173698435
1004	1005	2.006209913742973
1003	1005	2.4421151489686883
1014	1007	6.623861513893999
1002	1005	2.875729405699219
1013	1007	5.092156070212326
1001	1005	2.6934708451473224
1012	1007	4.091832177555572
1009	1007	2.500164699440921
=========================

Tempo:460018.03466666664
Destinazione	 NEXTHOP	 Costo
1000	1005	3.041448430637049
1011	1007	3.489857368727126
1010	1007	3.1945335034671625
1008	1007	1.9304086773074751
1007	1007	1.000323892656754
1005	1005	1.5343625106705268
1004	1005	2.006209913742973
1003	1005	2.4421151489686883
1014	1007	6.623861513893999
1002	1005	2.875729405699219
1013	1007	5.092156070212326
1001	1005	2.6934708451473224
1012	1007	4.091832177555572
1009	1007	2.500164699440921
=========================

Tempo:460018.03466666664
Destinazione	 NEXTHOP	 Costo
1000	1005	3.041448430637049
1011	1007	3.489857368727126
1010	1007	3.1580487734229283
1008	1007	1.9304086773074751
1007	1007	0.6578840739820074
1005	1005	1.5343625106705268
1004	1005	2.006209913742973
1003	1005	2.4421151489686883
1014	1007	6.281421695219253
1002	1005	2.875729405699219
1013	1007	4.7497162515375795
1001	1005	2.6934708451473224
1012	1007	4.091832177555572
1009	1007	2.500164699440921
=========================

Tempo:465018.03466666664
Destinazione	 NEXTHOP	 Costo
1000	1005	3.041448430637049
1011	1007	3.489857368727126
1010	1007	3.1580487734229283
1008	1007	1.9304086773074751
1007	1007	0.6578840739820074
1005	1005	1.5360257091765293
1004	1005	2.006209913742973
1003	1005	2.4421151489686883
1014	1007	6.281421695219253
1002	1005	2.875729405699219
1013	1007	4.7497162515375795
1001	1005	2.6934708451473224
1012	1007	4.091832177555572
1009	1007	2.500164699440921
=========================

Tempo:465018.03466666664
Destinazione	 NEXTHOP	 Costo
1000	1005	3.041448430637049
1011	1007	3.489857368727126
1010	1007	3.0231041573288113
1008	1007	1.9304086773074751
1007	1007	0.5229394578878905
1005	1005	1.5360257091765293
1004	1005	2.006209913742973
1003	1005	2.4421151489686883
1014	1007	6.146477079125136
1002	1005	2.875729405699219
1013	1007	4.6147716354434625
1001	1005	2.6934708451473224
1012	1007	4.012796826615016
1009	1007	2.4533481351953657
=========================

Tempo:470018.03466666664
Destinazione	 NEXTHOP	 Costo
1000	1005	3.041448430637049
1011	1007	3.489857368727126
1010	1007	3.0231041573288113
1008	1007	1.9304086773074751
1007	1007	0.5229394578878905
1005	1005	1.5413697819046135
1004	1005	2.006209913742973
1003	1005	2.4421151489686883
1014	1007	6.146477079125136
1002	1005	2.875729405699219
1013	1007	4.6147716354434625
1001	1005	2.6934708451473224
1012	1007	4.012796826615016
1009	1007	2.4533481351953657
=========================

Tempo:470018.03466666664
Destinazione	 NEXTHOP	 Costo
1000	1005	3.041448430637049
1011	1007	3.489857368727126
1010	1007	2.9918976246219495
1008	1007	1.9304086773074751
1007	1007	0.4917329251810285
1005	1005	1.5413697819046135
1004	1005	2.006209913742973
1003	1005	2.4421151489686883
1014	1007	6.115270546418274
1002	1005	2.875729405699219
1013	1007	4.583565102736601
1001	1005	2.6934708451473224
1012	1007	3.9815902939081544
1009	1007	2.4221416024885034
=========================

Tempo:475018.03466666664
Destinazione	 NEXTHOP	 Costo
1000	1005	3.041448430637049
1011	1007	3.489857368727126
1010	1007	2.9918976246219495
1008	1007	1.9304086773074751
1007	1007	0.4917329251810285
1005	1005	1.5413697819046135
1004	1005	2.006209913742973
1003	1005	2.4421151489686883
1014	1007	6.115270546418274
1002	1005	2.875729405699219
1013	1007	4.583565102736601
1001	1005	2.6934708451473224
1012	1007	3.9815902939081544
1009	1007	2.4221416024885034
=========================

Tempo:475018.03466666664
Destinazione	 NEXTHOP	 Costo
1000	1005	3.041448430637049
1011	1007	3.489857368727126
1010	1007	2.9918976246219495
1008	1007	1.9304086773074751
1007	1007	0.4917329251810285
1005	1005	1.54778647251011
1004	1005	2.006209913742973
1003	1005	2.4421151489686883
1014	1007	6.115270546418274
1002	1005	2.875729405699219
1013	1007	4.583565102736601
1001	1005	2.6934708451473224
1012	1007	3.9815902939081544
1009	1007	2.4221416024885034
=========================

Tempo:475018.03466666664
Destinazione	 NEXTHOP	 Costo
1000	1005	3.041448430637049
1011	1007	3.489857368727126
1010	1007	2.9918976246219495
1008	1007	1.9304086773074751
1007	1007	0.5641835428199261
1005	1005	1.54778647251011
1004	1005	2.006209913742973
1015	1007	7.889920937601441
1003	1005	2.4421151489686883
1014	1007	6.115270546418274
1002	1005	2.875729405699219
1013	1007	4.583565102736601
1001	1005	2.6934708451473224
1012	1007	3.9815902939081544
1009	1007	2.4221416024885034
=========================

Tempo:475018.03466666664
Destinazione	 NEXTHOP	 Costo
1000	1005	3.041448430637049
1011	1007	3.489857368727126
1010	1007	2.9918976246219495
1008	1007	1.9304086773074751
1007	1007	0.5641835428199261
1005	1005	1.54778647251011
1004	1005	2.006209913742973
1015	1007	7.889920937601441
1003	1005	2.4421151489686883
1014	1007	6.115270546418274
1002	1005	2.875729405699219
1013	1007	4.583565102736601
1001	1005	2.6934708451473224
1012	1007	3.9815902939081544
1009	1007	2.4221416024885034
=========================

Tempo:480018.03466666664
Destinazione	 NEXTHOP	 Costo
1000	1005	3.041448430637049
1011	1007	3.489857368727126
1010	1007	2.9918976246219495
1008	1007	1.9304086773074751
1007	1007	0.5641835428199261
1005	1005	1.54778647251011
1004	1005	2.006209913742973
1015	1007	7.889920937601441
1003	1005	2.4421151489686883
1014	1007	6.115270546418274
1002	1005	2.875729405699219
1013	1007	4.583565102736601
1001	1005	2.6934708451473224
1012	1007	3.9815902939081544
1009	1007	2.4221416024885034
=========================

Tempo:480018.03466666664
Destinazione	 NEXTHOP	 Costo
1000	1005	3.041448430637049
1011	1007	3.489857368727126
1010	1007	2.9918976246219495
1008	1007	1.9304086773074751
1007	1007	0.5641835428199261
1005	1005	1.3607774791117562
1004	1005	2.006209913742973
1015	1007	7.889920937601441
1003	1005	2.4421151489686883
1014	1007	6.115270546418274
1002	1005	2.875729405699219
1013	1007	4.583565102736601
1001	1005	2.6934708451473224
1012	1007	3.9815902939081544
1009	1007	2.4221416024885034
=========================

Tempo:480018.03466666664
Destinazione	 NEXTHOP	 Costo
1000	1005	3.041448430637049
1011	1007	3.489857368727126
1010	1007	2.9918976246219495
1008	1007	1.9304086773074751
1007	1007	0.7621466595057296
1005	1005	1.3607774791117562
1004	1005	2.006209913742973
1015	1007	7.889920937601441
1003	1005	2.4421151489686883
1014	1007	6.115270546418274
1002	1005	2.875729405699219
1013	1007	4.583565102736601
1001	1005	2.6934708451473224
1012	1007	3.9815902939081544
1009	1007	2.4221416024885034
=========================

Tempo:480018.03466666664
Destinazione	 NEXTHOP	 Costo
1000	1005	3.041448430637049
1011	1007	3.489857368727126
1010	1007	2.9918976246219495
1008	1007	1.9304086773074751
1007	1007	0.7621466595057296
1005	1005	1.3607774791117562
1004	1005	2.006209913742973
1015	1007	7.889920937601441
1003	1005	2.4421151489686883
1014	1007	6.115270546418274
1002	1005	2.875729405699219
1013	1007	4.583565102736601
1001	1005	2.6934708451473224
1012	1007	3.9815902939081544
1009	1007	2.4221416024885034
=========================

Tempo:485018.03466666664
Destinazione	 NEXTHOP	 Costo
1000	1005	3.041448430637049
1011	1007	3.489857368727126
1010	1007	2.9918976246219495
1008	1007	1.9304086773074751
1007	1007	0.7621466595057296
1005	1005	1.3607774791117562
1004	1005	2.006209913742973
1015	1007	7.889920937601441
1003	1005	2.4421151489686883
1014	1007	6.115270546418274
1002	1005	2.875729405699219
1013	1007	4.583565102736601
1001	1005	2.6934708451473224
1012	1007	3.9815902939081544
1009	1007	2.4221416024885034
=========================

Tempo:485018.03466666664
Destinazione	 NEXTHOP	 Costo
1000	1005	3.041448430637049
1011	1007	3.489857368727126
1010	1007	2.9918976246219495
1008	1007	1.9304086773074751
1007	1007	0.7621466595057296
1005	1005	0.92156740841564
1004	1005	2.006209913742973
1015	1007	7.889920937601441
1003	1005	2.1690302298352186
1014	1007	6.115270546418274
1002	1005	2.6769307530448287
1013	1007	4.583565102736601
1001	1005	2.6934708451473224
1012	1007	3.9815902939081544
1009	1007	2.4221416024885034
=========================

Tempo:485018.03466666664
Destinazione	 NEXTHOP	 Costo
1000	1005	3.041448430637049
1011	1007	3.489857368727126
1010	1007	2.9918976246219495
1008	1007	1.9304086773074751
1007	1007	1.1678826368858946
1005	1005	0.92156740841564
1004	1005	2.006209913742973
1015	1007	7.889920937601441
1003	1005	2.1690302298352186
1014	1007	6.115270546418274
1002	1005	2.6769307530448287
1013	1007	4.583565102736601
1001	1005	2.6934708451473224
1012	1007	3.9815902939081544
1009	1007	2.4221416024885034
=========================

Tempo:485018.03466666664
Destinazione	 NEXTHOP	 Costo
1000	1005	3.041448430637049
1011	1007	3.489857368727126
1010	1007	2.9918976246219495
1008	1007	1.9304086773074751
1007	1007	1.1678826368858946
1005	1005	0.92156740841564
1004	1005	2.006209913742973
1015	1007	7.889920937601441
1003	1005	2.1690302298352186
1014	1007	6.115270546418274
1002	1005	2.6769307530448287
1013	1007	4.583565102736601
1001	1005	2.6934708451473224
1012	1007	3.9815902939081544
1009	1007	2.4221416024885034
=========================

Tempo:490018.03466666664
Destinazione	 NEXTHOP	 Costo
1000	1005	3.041448430637049
1011	1007	3.489857368727126
1010	1007	2.9918976246219495
1008	1007	1.9304086773074751
1007	1007	1.1678826368858946
1005	1005	0.92156740841564
1004	1005	2.006209913742973
1015	1007	7.889920937601441
1003	1005	2.1690302298352186
1014	1007	6.115270546418274
1002	1005	2.6769307530448287
1013	1007	4.583565102736601
1001	1005	2.6934708451473224
1012	1007	3.9815902939081544
1009	1007	2.4221416024885034
=========================

Tempo:490018.03466666664
Destinazione	 NEXTHOP	 Costo
1000	1005	3.041448430637049
1011	1007	3.489857368727126
1010	1007	2.9918976246219495
1008	1007	1.9304086773074751
1007	1007	1.1678826368858946
1005	1005	0.6252894857501046
1004	1005	2.006209913742973
1015	1007	7.889920937601441
1003	1005	1.8727523071696834
1014	1007	6.115270546418274
1002	1005	2.3806528303792938
1013	1007	4.583565102736601
1001	1005	2.6934708451473224
1012	1007	3.9815902939081544
1009	1007	2.4221416024885034
=========================

Tempo:490018.03466666664
Destinazione	 NEXTHOP	 Costo
1000	1005	3.041448430637049
1011	1007	3.489857368727126
1010	1007	2.9918976246219495
1008	1007	1.9304086773074751
1007	1007	1.5570893839101936
1005	1005	0.6252894857501046
1004	1005	2.006209913742973
1015	1007	7.889920937601441
1003	1005	1.8727523071696834
1014	1007	6.115270546418274
1002	1005	2.3806528303792938
1013	1007	4.583565102736601
1001	1005	2.6934708451473224
1012	1007	3.9815902939081544
1009	1007	2.4221416024885034
=========================

Tempo:490018.03466666664
Destinazione	 NEXTHOP	 Costo
1000	1005	3.041448430637049
1011	1007	3.489857368727126
1010	1007	2.9918976246219495
1008	1007	1.9304086773074751
1007	1007	1.5570893839101936
1005	1005	0.6252894857501046
1004	1005	2.006209913742973
1015	1007	7.889920937601441
1003	1005	1.8727523071696834
1014	1007	6.115270546418274
1002	1005	2.3806528303792938
1013	1007	4.583565102736601
1001	1005	2.6934708451473224
1012	1007	3.9815902939081544
1009	1007	2.4221416024885034
=========================

Tempo:495018.03466666664
Destinazione	 NEXTHOP	 Costo
1000	1005	3.041448430637049
1011	1007	3.489857368727126
1010	1007	2.9918976246219495
1008	1007	1.9304086773074751
1007	1007	1.5570893839101936
1005	1005	0.6252894857501046
1004	1005	2.006209913742973
1015	1007	7.889920937601441
1003	1005	1.8727523071696834
1014	1007	6.115270546418274
1002	1005	2.3806528303792938
1013	1007	4.583565102736601
1001	1005	2.6934708451473224
1012	1007	3.9815902939081544
1009	1007	2.4221416024885034
=========================

Tempo:495018.03466666664
Destinazione	 NEXTHOP	 Costo
1000	1005	3.041448430637049
1011	1007	3.489857368727126
1010	1007	2.9918976246219495
1008	1007	1.9304086773074751
1007	1007	1.5570893839101936
1005	1005	0.5133543554055359
1004	1005	1.7102220568548736
1015	1007	7.889920937601441
1003	1005	1.7608171768251148
1014	1007	6.115270546418274
1002	1005	2.268717700034725
1013	1007	4.583565102736601
1001	1005	2.6934708451473224
1012	1007	3.9815902939081544
1009	1007	2.4221416024885034
=========================

Tempo:495018.03466666664
Destinazione	 NEXTHOP	 Costo
1000	1005	3.041448430637049
1011	1007	3.489857368727126
1010	1007	2.9918976246219495
1008	1007	1.9304086773074751
1007	1007	1.5624053134169704
1005	1005	0.5133543554055359
1004	1005	1.7102220568548736
1015	1007	7.843827008636223
1003	1005	1.7608171768251148
1014	1007	6.115270546418274
1002	1005	2.268717700034725
1013	1007	4.583565102736601
1001	1005	2.6934708451473224
1012	1007	3.9815902939081544
1009	1007	2.4221416024885034
=========================

Tempo:500018.03466666664
Destinazione	 NEXTHOP	 Costo
1000	1005	3.041448430637049
1011	1007	3.489857368727126
1010	1007	2.9918976246219495
1008	1007	1.9304086773074751
1007	1007	1.5624053134169704
1005	1005	0.5133543554055359
1004	1004	2.4102263035313247
1015	1007	7.843827008636223
1003	1005	1.7608171768251148
1014	1007	6.115270546418274
1002	1005	2.268717700034725
1013	1007	4.583565102736601
1001	1005	2.6934708451473224
1012	1007	3.9815902939081544
1009	1007	2.4221416024885034
=========================

Tempo:500018.03466666664
Destinazione	 NEXTHOP	 Costo
1000	1005	3.041448430637049
1011	1007	3.489857368727126
1010	1007	2.9918976246219495
1008	1007	1.9304086773074751
1007	1007	1.5624053134169704
1005	1005	0.5022981086183917
1004	1005	1.2921431060441333
1015	1007	7.843827008636223
1003	1005	1.7497609300379706
1014	1007	6.115270546418274
1002	1005	2.2576614532475805
1013	1007	4.583565102736601
1001	1005	2.6934708451473224
1012	1007	3.9815902939081544
1009	1007	2.4221416024885034
=========================

Tempo:500018.03466666664
Destinazione	 NEXTHOP	 Costo
1000	1005	3.041448430637049
1011	1007	3.489857368727126
1010	1007	2.9918976246219495
1008	1007	1.9304086773074751
1007	1007	1.5628328919634806
1005	1005	0.5022981086183917
1004	1005	1.2921431060441333
1015	1007	7.709309971088617
1003	1005	1.7497609300379706
1014	1007	6.115270546418274
1002	1005	2.2576614532475805
1013	1007	4.583565102736601
1001	1005	2.6934708451473224
1012	1007	3.9815902939081544
1009	1007	2.4221416024885034
=========================

Tempo:505018.03466666664
Destinazione	 NEXTHOP	 Costo
1000	1005	3.041448430637049
1011	1007	3.489857368727126
1010	1007	2.9918976246219495
1008	1007	1.9304086773074751
1007	1007	1.5628328919634806
1005	1005	0.5022981086183917
1004	1004	2.4691727268038397
1015	1007	7.709309971088617
1003	1005	1.7497609300379706
1014	1007	6.115270546418274
1002	1005	2.2576614532475805
1013	1007	4.583565102736601
1001	1005	2.6934708451473224
1012	1007	3.9815902939081544
1009	1007	2.4221416024885034
=========================

Tempo:505018.03466666664
Destinazione	 NEXTHOP	 Costo
1000	1005	3.041448430637049
1011	1007	3.489857368727126
1010	1007	2.9918976246219495
1008	1007	1.9304086773074751
1007	1007	1.5628328919634806
1005	1005	0.5931263407517872
1004	1005	1.2474628214195789
1015	1007	7.709309971088617
1003	1005	1.7497609300379706
1014	1007	6.115270546418274
1002	1005	2.2576614532475805
1013	1007	4.583565102736601
1001	1005	2.6934708451473224
1012	1007	3.9815902939081544
1009	1007	2.4221416024885034
=========================

Tempo:505018.03466666664
Destinazione	 NEXTHOP	 Costo
1000	1005	3.041448430637049
1011	1007	3.489857368727126
1010	1007	2.9918976246219495
1008	1007	1.9304086773074751
1007	1007	1.5605173237417584
1005	1005	0.5931263407517872
1004	1005	1.2474628214195789
1015	1007	7.675787870160033
1003	1005	1.7497609300379706
1014	1007	6.115270546418274
1002	1005	2.2576614532475805
1013	1007	4.583565102736601
1001	1005	2.6934708451473224
1012	1007	3.9815902939081544
1009	1007	2.4221416024885034
=========================

Tempo:510018.03466666664
Destinazione	 NEXTHOP	 Costo
1000	1005	3.041448430637049
1011	1007	3.489857368727126
1010	1007	2.9918976246219495
1008	1007	1.9304086773074751
1007	1007	1.5605173237417584
1005	1005	0.5931263407517872
1004	1005	1.2474628214195789
1015	1007	7.675787870160033
1003	1005	1.7497609300379706
1014	1007	6.115270546418274
1002	1005	2.2576614532475805
1013	1007	4.583565102736601
1001	1005	2.6934708451473224
1012	1007	3.9815902939081544
1009	1007	2.4221416024885034
=========================

Tempo:510018.03466666664
Destinazione	 NEXTHOP	 Costo
1000	1005	3.041448430637049
1011	1007	3.489857368727126
1010	1007	2.9918976246219495
1008	1007	1.9304086773074751
1007	1007	1.5605173237417584
1005	1005	0.8400901640179921
1004	1005	1.2474628214195789
1015	1007	7.675787870160033
1003	1005	1.7497609300379706
1014	1007	6.115270546418274
1002	1005	2.2576614532475805
1013	1007	4.583565102736601
1001	1005	2.6934708451473224
1012	1007	3.9815902939081544
1009	1007	2.4221416024885034
=========================

Tempo:510018.03466666664
Destinazione	 NEXTHOP	 Costo
1000	1005	3.041448430637049
1011	1007	3.489857368727126
1010	1007	2.9918976246219495
1008	1007	1.9304086773074751
1007	1007	1.36720454723404
1005	1005	0.8400901640179921
1016	1007	9.25712548483548
1004	1005	1.2474628214195789
1015	1007	7.4824750936523134
1003	1005	1.7497609300379706
1014	1007	5.95076964997064
1002	1005	2.2576614532475805
1013	1007	4.583565102736601
1001	1005	2.6934708451473224
1012	1007	3.9815902939081544
1009	1007	2.4221416024885034
=========================

Tempo:515018.03466666664
Destinazione	 NEXTHOP	 Costo
1000	1005	3.041448430637049
1011	1007	3.489857368727126
1010	1007	2.9918976246219495
1008	1007	1.9304086773074751
1007	1007	1.36720454723404
1005	1005	1.262063794338328
1016	1007	9.25712548483548
1004	1005	1.2474628214195789
1015	1007	7.4824750936523134
1003	1005	1.7497609300379706
1014	1007	5.95076964997064
1002	1005	2.2576614532475805
1013	1007	4.583565102736601
1001	1005	2.6934708451473224
1012	1007	3.9815902939081544
1009	1007	2.4221416024885034
=========================

Tempo:515018.03466666664
Destinazione	 NEXTHOP	 Costo
1000	1005	3.041448430637049
1011	1007	3.489857368727126
1010	1007	2.9918976246219495
1008	1007	1.6852684390153945
1007	1007	0.923121779509665
1005	1005	1.262063794338328
1016	1007	8.813042717111106
1004	1005	1.2474628214195789
1015	1007	7.038392325927939
1003	1005	1.7497609300379706
1014	1007	5.506686882246266
1002	1005	2.2576614532475805
1013	1007	4.583565102736601
1001	1005	2.6934708451473224
1012	1007	3.9815902939081544
1009	1007	2.4221416024885034
=========================

Tempo:520018.03466666664
Destinazione	 NEXTHOP	 Costo
1000	1005	3.041448430637049
1011	1007	3.489857368727126
1010	1007	2.9918976246219495
1008	1007	1.6852684390153945
1007	1007	0.923121779509665
1005	1005	1.55581690779113
1016	1007	8.813042717111106
1004	1005	1.2474628214195789
1015	1007	7.038392325927939
1003	1005	1.7497609300379706
1014	1007	5.506686882246266
1002	1005	2.2576614532475805
1013	1007	4.583565102736601
1001	1005	2.6934708451473224
1012	1007	3.9815902939081544
1009	1007	2.4221416024885034
=========================

Tempo:520018.03466666664
Destinazione	 NEXTHOP	 Costo
1000	1005	3.041448430637049
1011	1007	3.489857368727126
1010	1007	2.9918976246219495
1008	1007	1.6852684390153945
1007	1007	0.6254917887381582
1005	1005	1.55581690779113
1016	1007	8.5154127263396
1004	1005	1.2474628214195789
1015	1007	6.7407623351564325
1003	1005	1.7497609300379706
1014	1007	5.209056891474759
1002	1005	2.2576614532475805
1013	1007	4.583565102736601
1001	1005	2.6934708451473224
1012	1007	3.9815902939081544
1009	1007	2.4221416024885034
=========================

Tempo:525018.0346666666
Destinazione	 NEXTHOP	 Costo
1000	1005	3.041448430637049
1011	1007	3.489857368727126
1010	1007	2.9918976246219495
1008	1007	1.6852684390153945
1007	1007	0.6254917887381582
1005	1005	1.1968677014493379
1016	1007	8.5154127263396
1004	1005	1.2474628214195789
1015	1007	6.7407623351564325
1003	1005	1.7497609300379706
1014	1007	5.209056891474759
1002	1005	2.2576614532475805
1013	1007	4.583565102736601
1001	1005	2.6934708451473224
1012	1007	3.9815902939081544
1009	1007	2.4221416024885034
=========================

Tempo:525018.0346666666
Destinazione	 NEXTHOP	 Costo
1000	1005	3.041448430637049
1011	1007	3.489857368727126
1010	1007	2.936045100153395
1008	1007	1.6852684390153945
1007	1007	0.5139034976648914
1005	1005	1.1968677014493379
1016	1007	8.403824435266332
1004	1005	1.2474628214195789
1015	1007	6.6291740440831655
1003	1005	1.7497609300379706
1014	1007	5.097468600401492
1002	1005	2.2576614532475805
1013	1007	4.495493791573046
1001	1005	2.6934708451473224
1012	1007	3.9815902939081544
1009	1007	2.4221416024885034
=========================

Tempo:530018.0346666666
Destinazione	 NEXTHOP	 Costo
1000	1005	3.041448430637049
1011	1007	3.489857368727126
1010	1007	2.936045100153395
1008	1007	1.6852684390153945
1007	1007	0.5139034976648914
1005	1005	0.7898449974257414
1016	1007	8.403824435266332
1004	1005	1.2474628214195789
1015	1007	6.6291740440831655
1003	1005	1.7497609300379706
1014	1007	5.097468600401492
1002	1005	2.2576614532475805
1013	1007	4.495493791573046
1001	1005	2.6934708451473224
1012	1007	3.9815902939081544
1009	1007	2.4221416024885034
=========================

Tempo:530018.0346666666
Destinazione	 NEXTHOP	 Costo
1000	1005	3.041448430637049
1011	1007	3.489857368727126
1010	1007	2.928147684859808
1008	1007	1.6852684390153945
1007	1007	0.5060060823713047
1005	1005	0.7898449974257414
1016	1007	8.349833091007529
1004	1005	1.2474628214195789
1015	1007	6.621276628789579
1003	1005	1.7497609300379706
1014	1007	5.089571185107905
1002	1005	2.2576614532475805
1013	1007	4.487596376279459
1001	1005	2.6934708451473224
1012	1007	3.9815902939081544
1009	1007	2.4221416024885034
=========================

Tempo:535018.0346666666
Destinazione	 NEXTHOP	 Costo
1000	1005	3.041448430637049
1011	1007	3.489857368727126
1010	1007	2.928147684859808
1008	1007	1.6852684390153945
1007	1007	0.5060060823713047
1005	1005	0.6543364806677917
1016	1007	8.349833091007529
1004	1005	1.2474628214195789
1015	1007	6.621276628789579
1003	1005	1.7497609300379706
1014	1007	5.089571185107905
1002	1005	2.2576614532475805
1013	1007	4.487596376279459
1001	1005	2.6934708451473224
1012	1007	3.9815902939081544
1009	1007	2.4221416024885034
=========================

Tempo:535018.0346666666
Destinazione	 NEXTHOP	 Costo
1000	1005	3.041448430637049
1011	1007	3.489857368727126
1010	1007	2.928147684859808
1008	1007	1.6852684390153945
1007	1007	0.6021271036043396
1005	1005	0.6543364806677917
1016	1007	8.311437074692957
1004	1005	1.2474628214195789
1015	1007	6.621276628789579
1003	1005	1.7497609300379706
1014	1007	5.089571185107905
1002	1005	2.2576614532475805
1013	1007	4.487596376279459
1001	1005	2.6934708451473224
1012	1007	3.9815902939081544
1009	1007	2.4221416024885034
=========================

Tempo:535018.0346666666
Destinazione	 NEXTHOP	 Costo
1000	1005	3.041448430637049
1011	1007	3.489857368727126
1010	1007	2.928147684859808
1008	1007	1.6852684390153945
1007	1007	0.6021271036043396
1005	1005	0.6543364806677917
1016	1007	8.311437074692957
1004	1005	1.2474628214195789
1015	1007	6.621276628789579
1003	1005	1.7497609300379706
1014	1007	5.089571185107905
1002	1005	2.2576614532475805
1013	1007	4.487596376279459
1001	1005	2.6934708451473224
1012	1007	3.9815902939081544
1009	1007	2.4221416024885034
=========================
