
Tempo:270018.03466666664
Destinazione	 NEXTHOP	 Costo
=========================

Tempo:270018.03466666664
Destinazione	 NEXTHOP	 Costo
1008	1008	1.0
1007	1008	1.3830123783884272
1006	1008	1.7309899638781538
1005	1008	2.5560067063015453
1004	1008	2.8667731710930546
1003	1008	3.6934708451473224
1002	1008	4.054744563547027
1001	1008	4.416018281946731
1000	1008	4.772438394515203
=========================

Tempo:275018.03466666664
Destinazione	 NEXTHOP	 Costo
1008	1008	1.0
1007	1007	1.2825969756739009
1006	1007	1.7074790209448545
1005	1007	2.235106691106342
1004	1008	2.8667731710930546
1003	1008	3.6934708451473224
1002	1007	3.976067820821223
1001	1007	4.32404540631095
1000	1007	4.672022991800676
=========================

Tempo:275018.03466666664
Destinazione	 NEXTHOP	 Costo
1008	1008	0.8796328189101617
1007	1007	1.2825969756739009
1006	1007	1.7074790209448545
1005	1007	2.235106691106342
1004	1008	2.8667731710930546
1003	1008	3.5731036640574843
1002	1008	3.934377382457188
1001	1008	4.295651100856893
1000	1008	4.652071213425365
=========================

Tempo:280018.03466666664
Destinazione	 NEXTHOP	 Costo
1008	1008	0.8796328189101617
1007	1007	1.1985807641241477
1006	1007	1.7074790209448545
1005	1007	2.235106691106342
1004	1008	2.8667731710930546
1003	1008	3.5731036640574843
1002	1007	3.89205160927147
1001	1007	4.240029194761197
1000	1007	4.5880067802509235
=========================

Tempo:280018.03466666664
Destinazione	 NEXTHOP	 Costo
1008	1008	0.8002330416965865
1007	1007	1.1985807641241477
1006	1007	1.7074790209448545
1005	1007	2.235106691106342
1004	1008	2.718253280195104
1003	1008	3.493703886843909
1002	1008	3.8549776052436133
1001	1008	4.216251323643317
1000	1008	4.572671436211789
=========================

Tempo:285018.03466666664
Destinazione	 NEXTHOP	 Costo
1008	1008	0.8002330416965865
1007	1007	1.0582094744126986
1006	1007	1.7074790209448545
1005	1007	2.235106691106342
1004	1008	2.718253280195104
1003	1008	3.493703886843909
1002	1007	3.751680319560021
1001	1007	4.099657905049748
1000	1007	4.447635490539474
=========================

Tempo:285018.03466666664
Destinazione	 NEXTHOP	 Costo
1008	1008	0.6038711480816
1007	1007	1.0582094744126986
1006	1007	1.7074790209448545
1005	1008	2.166189520993192
1004	1008	2.6934708451473224
1003	1008	3.2973419932289225
1002	1008	3.658615711628627
1001	1008	4.019889430028331
1000	1008	4.376309542596803
=========================

Tempo:290018.03466666664
Destinazione	 NEXTHOP	 Costo
1008	1008	0.6038711480816
1007	1007	0.9633763372721189
1006	1007	1.7074790209448545
1005	1008	2.166189520993192
1004	1008	2.6934708451473224
1003	1008	3.2973419932289225
1002	1007	3.6568471824194413
1001	1007	4.004824767909168
1000	1007	4.352802353398895
=========================

Tempo:290018.03466666664
Destinazione	 NEXTHOP	 Costo
1008	1008	0.4492124024743753
1007	1007	0.9633763372721189
1006	1007	1.7074790209448545
1005	1008	1.8667731710930544
1004	1008	2.6934708451473224
1003	1008	3.1426832476216977
1002	1008	3.503956966021402
1001	1008	3.8652306844211064
1000	1008	4.221650796989579
=========================

Tempo:295018.03466666664
Destinazione	 NEXTHOP	 Costo
1008	1008	0.4492124024743753
1007	1007	1.081860867232073
1006	1007	1.7074790209448545
1005	1008	1.8667731710930544
1004	1008	2.6934708451473224
1003	1008	3.1426832476216977
1002	1008	3.503956966021402
1001	1008	3.8652306844211064
1000	1008	4.221650796989579
=========================

Tempo:295018.03466666664
Destinazione	 NEXTHOP	 Costo
1008	1008	0.36127371839970424
1007	1008	0.7974911017521089
1006	1007	1.7074790209448545
1005	1008	1.8667731710930544
1004	1008	2.6934708451473224
1003	1008	3.0547445635470267
1002	1008	3.416018281946731
1001	1008	3.7772920003464354
1000	1008	4.133712112914907
=========================

Tempo:300018.03466666664
Destinazione	 NEXTHOP	 Costo
1008	1008	0.36127371839970424
1007	1008	0.7974911017521089
1006	1007	1.7074790209448545
1005	1008	1.8667731710930544
1004	1008	2.6934708451473224
1003	1008	3.0547445635470267
1002	1008	3.416018281946731
1001	1008	3.7772920003464354
1000	1008	4.133712112914907
=========================

Tempo:300018.03466666664
Destinazione	 NEXTHOP	 Costo
1008	1008	0.36127371839970424
1007	1007	1.288027101658079
1006	1007	1.7074790209448545
1005	1008	1.8667731710930544
1004	1008	2.6934708451473224
1003	1008	3.0547445635470267
1002	1008	3.416018281946731
1001	1008	3.7772920003464354
1000	1008	4.133712112914907
=========================

Tempo:300018.03466666664
Destinazione	 NEXTHOP	 Costo
1008	1008	0.3830123783884272
1007	1008	0.7309899638781537
1006	1008	1.556006706301545
1005	1008	1.8667731710930544
1004	1008	2.6934708451473224
1003	1008	3.0547445635470267
1002	1008	3.416018281946731
1001	1008	3.772438394515203
1000	1008	4.12041598000493
=========================

Tempo:300018.03466666664
Destinazione	 NEXTHOP	 Costo
1008	1008	0.3830123783884272
1007	1008	0.7309899638781537
1006	1008	1.556006706301545
1005	1008	1.8667731710930544
1004	1008	2.6934708451473224
1003	1008	3.0547445635470267
1002	1008	3.416018281946731
1001	1008	3.772438394515203
1000	1008	4.12041598000493
1010	1010	1.556087338635723
=========================

Tempo:305018.03466666664
Destinazione	 NEXTHOP	 Costo
1008	1008	0.3830123783884272
1007	1008	0.7309899638781537
1006	1008	1.556006706301545
1005	1005	2.0822093316722596
1004	1008	2.6934708451473224
1003	1008	3.0547445635470267
1002	1008	3.416018281946731
1001	1008	3.772438394515203
1000	1008	4.12041598000493
1010	1010	1.556087338635723
=========================

Tempo:305018.03466666664
Destinazione	 NEXTHOP	 Costo
1008	1008	0.3830123783884272
1007	1008	0.7309899638781537
1006	1008	1.556006706301545
1005	1005	2.0822093316722596
1004	1008	2.6934708451473224
1003	1008	3.0547445635470267
1002	1008	3.416018281946731
1001	1008	3.772438394515203
1000	1008	4.12041598000493
1010	1010	1.556087338635723
=========================

Tempo:305018.03466666664
Destinazione	 NEXTHOP	 Costo
1008	1008	0.3830123783884272
1007	1007	1.3713522949670665
1006	1008	1.556006706301545
1005	1005	2.0822093316722596
1004	1008	2.6934708451473224
1003	1008	3.0547445635470267
1002	1008	3.416018281946731
1001	1008	3.772438394515203
1000	1008	4.12041598000493
1010	1010	1.556087338635723
=========================

Tempo:305018.03466666664
Destinazione	 NEXTHOP	 Costo
1008	1008	0.5226998970374043
1007	1008	0.9475819423083578
1006	1008	1.4752096124698455
1005	1005	2.0822093316722596
1004	1008	2.6934708451473224
1003	1008	3.0547445635470267
1002	1008	3.416018281946731
1001	1008	3.772438394515203
1000	1008	4.12041598000493
1010	1010	1.556087338635723
=========================

Tempo:305018.03466666664
Destinazione	 NEXTHOP	 Costo
1008	1008	0.5226998970374043
1007	1008	0.9475819423083578
1006	1008	1.4752096124698455
1005	1005	2.0822093316722596
1004	1008	2.6934708451473224
1003	1008	3.0547445635470267
1002	1008	3.416018281946731
1001	1008	3.772438394515203
1000	1008	4.12041598000493
1010	1010	1.5317054436816724
=========================

Tempo:310018.03466666664
Destinazione	 NEXTHOP	 Costo
1008	1008	0.5226998970374043
1007	1008	0.9475819423083578
1006	1008	1.4752096124698455
1005	1005	1.9180202384985172
1004	1008	2.6934708451473224
1003	1008	3.0547445635470267
1002	1008	3.416018281946731
1001	1008	3.772438394515203
1000	1008	4.12041598000493
1010	1010	1.5317054436816724
=========================

Tempo:310018.03466666664
Destinazione	 NEXTHOP	 Costo
1008	1008	0.5226998970374043
1007	1008	0.9475819423083578
1006	1006	1.8373882009739497
1005	1005	1.9180202384985172
1004	1008	2.6934708451473224
1003	1008	3.0547445635470267
1002	1008	3.416018281946731
1001	1008	3.772438394515203
1000	1008	4.12041598000493
1010	1010	1.5317054436816724
=========================

Tempo:310018.03466666664
Destinazione	 NEXTHOP	 Costo
1008	1008	0.5226998970374043
1007	1007	1.4253612873132613
1006	1007	1.8262531558556856
1005	1005	1.9180202384985172
1004	1008	2.6934708451473224
1003	1008	3.0547445635470267
1002	1008	3.416018281946731
1001	1008	3.772438394515203
1000	1008	4.12041598000493
1010	1010	1.5317054436816724
=========================

Tempo:310018.03466666664
Destinazione	 NEXTHOP	 Costo
1008	1008	0.7824262397962366
1007	1007	1.4253612873132613
1006	1007	1.8262531558556856
1005	1005	1.9180202384985172
1004	1008	2.6934708451473224
1003	1008	3.0547445635470267
1002	1008	3.416018281946731
1001	1008	3.772438394515203
1000	1008	4.12041598000493
1010	1010	1.5317054436816724
=========================

Tempo:310018.03466666664
Destinazione	 NEXTHOP	 Costo
1008	1008	0.7824262397962366
1007	1007	1.4253612873132613
1006	1007	1.8262531558556856
1005	1005	1.9180202384985172
1004	1008	2.6934708451473224
1003	1008	3.0547445635470267
1002	1008	3.416018281946731
1001	1008	3.772438394515203
1000	1008	4.12041598000493
1010	1010	1.2960702601691556
=========================

Tempo:315018.03466666664
Destinazione	 NEXTHOP	 Costo
1008	1008	0.7824262397962366
1007	1007	1.4253612873132613
1006	1007	1.8262531558556856
1005	1005	2.0895996970657222
1004	1008	2.6934708451473224
1003	1008	3.0547445635470267
1002	1008	3.416018281946731
1001	1008	3.772438394515203
1000	1008	4.12041598000493
1010	1010	1.2960702601691556
=========================

Tempo:315018.03466666664
Destinazione	 NEXTHOP	 Costo
1008	1008	0.7824262397962366
1007	1007	1.4253612873132613
1006	1006	1.5623183729115917
1005	1005	2.0895996970657222
1004	1008	2.6934708451473224
1003	1008	3.0547445635470267
1002	1008	3.416018281946731
1001	1008	3.772438394515203
1000	1008	4.12041598000493
1010	1010	1.2960702601691556
=========================

Tempo:315018.03466666664
Destinazione	 NEXTHOP	 Costo
1008	1008	0.7824262397962366
1007	1007	1.6814358422243425
1006	1006	1.5623183729115917
1005	1005	2.0895996970657222
1004	1008	2.6934708451473224
1003	1008	3.0547445635470267
1002	1008	3.416018281946731
1001	1008	3.772438394515203
1000	1008	4.12041598000493
1010	1010	1.2960702601691556
=========================

Tempo:315018.03466666664
Destinazione	 NEXTHOP	 Costo
1008	1008	0.8148812149100593
1007	1007	1.6814358422243425
1006	1006	1.5623183729115917
1005	1005	2.0895996970657222
1004	1008	2.6934708451473224
1003	1008	3.0547445635470267
1002	1008	3.416018281946731
1001	1008	3.772438394515203
1000	1008	4.12041598000493
1010	1010	1.2960702601691556
=========================

Tempo:315018.03466666664
Destinazione	 NEXTHOP	 Costo
1008	1008	0.8148812149100593
1007	1007	1.6814358422243425
1006	1006	1.5623183729115917
1005	1005	2.0895996970657222
1004	1008	2.6934708451473224
1003	1008	3.0547445635470267
1002	1008	3.416018281946731
1001	1008	3.772438394515203
1000	1008	4.12041598000493
1010	1010	0.847903482325085
=========================

Tempo:320018.03466666664
Destinazione	 NEXTHOP	 Costo
1008	1008	0.8148812149100593
1007	1007	1.6814358422243425
1006	1006	1.5623183729115917
1004	1008	2.6934708451473224
1003	1008	3.0547445635470267
1002	1008	3.416018281946731
1001	1008	3.772438394515203
1000	1008	4.12041598000493
1010	1010	0.847903482325085
=========================

Tempo:320018.03466666664
Destinazione	 NEXTHOP	 Costo
1008	1008	0.8148812149100593
1007	1007	1.6814358422243425
1006	1006	1.417560768618679
1005	1006	3.0600607702078335
1004	1008	2.6934708451473224
1003	1008	3.0547445635470267
1002	1008	3.416018281946731
1001	1008	3.772438394515203
1000	1008	4.12041598000493
1010	1010	0.847903482325085
=========================

Tempo:320018.03466666664
Destinazione	 NEXTHOP	 Costo
1008	1008	0.8148812149100593
1007	1007	1.927195395331645
1006	1006	1.417560768618679
1005	1006	3.0600607702078335
1004	1008	2.6934708451473224
1003	1008	3.0547445635470267
1002	1008	3.416018281946731
1001	1008	3.772438394515203
1000	1008	4.12041598000493
1010	1010	0.847903482325085
=========================

Tempo:320018.03466666664
Destinazione	 NEXTHOP	 Costo
1008	1008	0.6768971255781955
1007	1007	1.927195395331645
1006	1006	1.417560768618679
1005	1006	3.0600607702078335
1004	1008	2.6934708451473224
1003	1008	3.0547445635470267
1002	1008	3.416018281946731
1001	1008	3.772438394515203
1000	1008	4.12041598000493
1010	1010	0.847903482325085
=========================

Tempo:320018.03466666664
Destinazione	 NEXTHOP	 Costo
1008	1008	0.6768971255781955
1007	1007	1.927195395331645
1006	1006	1.417560768618679
1005	1006	3.0600607702078335
1004	1008	2.6934708451473224
1003	1008	3.0547445635470267
1002	1008	3.416018281946731
1001	1008	3.772438394515203
1000	1008	4.12041598000493
1010	1010	0.5402561086415951
=========================

Tempo:325018.03466666664
Destinazione	 NEXTHOP	 Costo
1008	1008	0.6768971255781955
1007	1007	1.927195395331645
1006	1006	1.5234330629436263
1005	1006	3.0600607702078335
1004	1008	2.6934708451473224
1003	1008	3.0547445635470267
1002	1008	3.416018281946731
1001	1008	3.772438394515203
1000	1008	4.12041598000493
1010	1010	0.5402561086415951
=========================

Tempo:325018.03466666664
Destinazione	 NEXTHOP	 Costo
1008	1008	0.6768971255781955
1007	1007	1.8426600574799419
1006	1006	1.5234330629436263
1005	1006	3.0600607702078335
1004	1008	2.6934708451473224
1003	1008	3.0547445635470267
1002	1008	3.416018281946731
1001	1008	3.772438394515203
1000	1008	4.12041598000493
1010	1010	0.5402561086415951
=========================

Tempo:325018.03466666664
Destinazione	 NEXTHOP	 Costo
1008	1008	0.4362173833524047
1007	1008	1.674374071875544
1006	1006	1.5234330629436263
1005	1008	3.028070062285659
1004	1008	2.6934708451473224
1003	1008	3.0547445635470267
1002	1008	3.416018281946731
1001	1008	3.772438394515203
1000	1008	4.12041598000493
1010	1010	0.5402561086415951
=========================

Tempo:325018.03466666664
Destinazione	 NEXTHOP	 Costo
1008	1008	0.4362173833524047
1007	1008	1.674374071875544
1006	1006	1.5234330629436263
1005	1008	3.028070062285659
1004	1008	2.6934708451473224
1003	1008	3.0547445635470267
1002	1008	3.416018281946731
1001	1008	3.772438394515203
1000	1008	4.12041598000493
1010	1010	0.3834971632860247
=========================

Tempo:330018.03466666664
Destinazione	 NEXTHOP	 Costo
1008	1008	0.4362173833524047
1007	1008	1.674374071875544
1006	1006	2.029779150696812
1005	1008	3.028070062285659
1004	1008	2.6934708451473224
1003	1008	3.0547445635470267
1002	1008	3.416018281946731
1001	1008	3.772438394515203
1000	1008	4.12041598000493
1010	1010	0.3834971632860247
=========================

Tempo:330018.03466666664
Destinazione	 NEXTHOP	 Costo
1008	1008	0.4362173833524047
1007	1007	1.736845926500608
1006	1006	2.029779150696812
1005	1008	3.028070062285659
1004	1008	2.6934708451473224
1003	1008	3.0547445635470267
1002	1008	3.416018281946731
1001	1008	3.772438394515203
1000	1008	4.12041598000493
1010	1010	0.3834971632860247
=========================

Tempo:330018.03466666664
Destinazione	 NEXTHOP	 Costo
1008	1008	0.3479775854897265
1007	1008	1.1729943279131179
1006	1006	2.029779150696812
1005	1008	2.939830264422981
1004	1008	2.6934708451473224
1003	1008	3.041448430637049
1002	1008	3.3894260161267757
1001	1008	3.7374036016165024
1000	1008	4.085381187106229
1010	1010	0.3834971632860247
=========================

Tempo:330018.03466666664
Destinazione	 NEXTHOP	 Costo
1008	1008	0.3479775854897265
1007	1008	1.1729943279131179
1006	1006	2.029779150696812
1005	1008	2.939830264422981
1004	1008	2.6934708451473224
1003	1008	3.041448430637049
1002	1008	3.3894260161267757
1001	1008	3.7374036016165024
1000	1008	4.085381187106229
1010	1010	0.38409770580337144
=========================

Tempo:330018.03466666664
Destinazione	 NEXTHOP	 Costo
1008	1008	0.3479775854897265
1007	1008	1.1729943279131179
1006	1006	2.029779150696812
1005	1008	2.939830264422981
1004	1008	2.6934708451473224
1003	1008	3.041448430637049
1002	1008	3.3894260161267757
1001	1008	3.7374036016165024
1000	1008	4.085381187106229
1010	1010	0.38409770580337144
=========================

Tempo:335018.03466666664
Destinazione	 NEXTHOP	 Costo
1008	1008	0.3479775854897265
1007	1008	1.1729943279131179
1005	1008	2.939830264422981
1004	1008	2.6934708451473224
1003	1008	3.041448430637049
1002	1008	3.3894260161267757
1001	1008	3.7374036016165024
1000	1008	4.085381187106229
1010	1010	0.38409770580337144
=========================

Tempo:335018.03466666664
Destinazione	 NEXTHOP	 Costo
1008	1008	0.3479775854897265
1007	1007	1.669659117834646
1006	1007	3.3090020813354593
1005	1008	2.939830264422981
1004	1008	2.6934708451473224
1003	1008	3.041448430637049
1002	1008	3.3894260161267757
1001	1008	3.7374036016165024
1000	1008	4.085381187106229
1010	1010	0.38409770580337144
=========================

Tempo:335018.03466666664
Destinazione	 NEXTHOP	 Costo
1008	1008	0.4248820452709536
1007	1008	0.9525097154324411
1006	1008	2.5918526789332543
1005	1008	2.939830264422981
1004	1008	2.6934708451473224
1003	1008	3.041448430637049
1002	1008	3.3894260161267757
1001	1008	3.7374036016165024
1000	1008	4.085381187106229
1010	1010	0.38409770580337144
=========================

Tempo:335018.03466666664
Destinazione	 NEXTHOP	 Costo
1008	1008	0.4248820452709536
1007	1008	0.9525097154324411
1006	1008	2.5918526789332543
1005	1008	2.939830264422981
1004	1008	2.6934708451473224
1003	1008	3.041448430637049
1002	1008	3.3894260161267757
1001	1008	3.7374036016165024
1000	1008	4.085381187106229
1011	1010	2.1155922138906242
1010	1010	0.5595048752549013
=========================

Tempo:335018.03466666664
Destinazione	 NEXTHOP	 Costo
1008	1008	0.4248820452709536
1007	1008	0.9525097154324411
1006	1008	2.5918526789332543
1005	1008	2.939830264422981
1004	1008	2.6934708451473224
1003	1008	3.041448430637049
1002	1008	3.3894260161267757
1001	1008	3.7374036016165024
1000	1008	4.085381187106229
1011	1011	2.5818401504999966
1010	1010	0.5595048752549013
=========================

Tempo:340018.03466666664
Destinazione	 NEXTHOP	 Costo
1008	1008	0.4248820452709536
1007	1007	1.813332677060013
1006	1008	2.5918526789332543
1005	1008	2.939830264422981
1004	1008	2.6934708451473224
1003	1008	3.041448430637049
1002	1008	3.3894260161267757
1001	1008	3.7374036016165024
1000	1008	4.085381187106229
1011	1011	2.5818401504999966
1010	1010	0.5595048752549013
=========================

Tempo:340018.03466666664
Destinazione	 NEXTHOP	 Costo
1008	1008	0.6645287301434523
1007	1008	1.0654205986858765
1006	1008	2.5918526789332543
1005	1008	2.939830264422981
1004	1008	2.6934708451473224
1003	1008	3.041448430637049
1002	1008	3.3894260161267757
1001	1008	3.7374036016165024
1000	1008	4.085381187106229
1011	1011	2.5818401504999966
1010	1010	0.5595048752549013
=========================

Tempo:340018.03466666664
Destinazione	 NEXTHOP	 Costo
1008	1008	0.6645287301434523
1007	1008	1.0654205986858765
1006	1008	2.5918526789332543
1005	1008	2.939830264422981
1004	1008	2.6934708451473224
1003	1008	3.041448430637049
1002	1008	3.3894260161267757
1001	1008	3.7374036016165024
1000	1008	4.085381187106229
1011	1010	2.4221804022695457
1010	1010	0.8904749585878734
=========================

Tempo:340018.03466666664
Destinazione	 NEXTHOP	 Costo
1008	1008	0.6645287301434523
1007	1008	1.0654205986858765
1006	1008	2.5918526789332543
1005	1008	2.939830264422981
1004	1008	2.6934708451473224
1003	1008	3.041448430637049
1002	1008	3.3894260161267757
1001	1008	3.7374036016165024
1000	1008	4.085381187106229
1011	1011	2.352073971255906
1010	1010	0.8904749585878734
=========================

Tempo:345018.03466666664
Destinazione	 NEXTHOP	 Costo
1008	1008	0.6645287301434523
1007	1007	2.027180988673108
1006	1008	2.5918526789332543
1005	1008	2.939830264422981
1004	1008	2.6934708451473224
1003	1008	3.041448430637049
1002	1008	3.3894260161267757
1001	1008	3.7374036016165024
1000	1008	4.085381187106229
1011	1011	2.352073971255906
1010	1010	0.8904749585878734
=========================

Tempo:345018.03466666664
Destinazione	 NEXTHOP	 Costo
1008	1008	1.0352777542246665
1007	1008	1.4866635426967885
1006	1008	2.5918526789332543
1005	1008	2.939830264422981
1004	1008	2.6934708451473224
1003	1008	3.041448430637049
1002	1008	3.3894260161267757
1001	1008	3.7374036016165024
1000	1008	4.085381187106229
1011	1011	2.352073971255906
1010	1010	0.8904749585878734
=========================

Tempo:345018.03466666664
Destinazione	 NEXTHOP	 Costo
1008	1008	1.0352777542246665
1007	1008	1.4866635426967885
1006	1008	2.5918526789332543
1005	1008	2.939830264422981
1004	1008	2.6934708451473224
1003	1008	3.041448430637049
1002	1008	3.3894260161267757
1001	1008	3.7374036016165024
1000	1008	4.085381187106229
1011	1010	2.254082495333356
1010	1010	0.9580122351642002
=========================

Tempo:345018.03466666664
Destinazione	 NEXTHOP	 Costo
1008	1008	1.0352777542246665
1007	1008	1.4866635426967885
1006	1008	2.5918526789332543
1005	1008	2.939830264422981
1004	1008	2.6934708451473224
1003	1008	3.041448430637049
1002	1008	3.3894260161267757
1001	1008	3.7374036016165024
1000	1008	4.085381187106229
1011	1011	1.9299892428178058
1010	1010	0.9580122351642002
=========================

Tempo:350018.03466666664
Destinazione	 NEXTHOP	 Costo
1008	1008	1.0352777542246665
1007	1007	2.2682600940291002
1006	1008	2.5918526789332543
1005	1008	2.939830264422981
1004	1008	2.6934708451473224
1003	1008	3.041448430637049
1002	1008	3.3894260161267757
1001	1008	3.7374036016165024
1000	1008	4.085381187106229
1011	1011	1.9299892428178058
1010	1010	0.9580122351642002
=========================

Tempo:350018.03466666664
Destinazione	 NEXTHOP	 Costo
1008	1008	1.4738583987361746
1007	1008	2.159664963205673
1006	1008	2.5918526789332543
1005	1008	2.939830264422981
1004	1008	2.6934708451473224
1003	1008	3.041448430637049
1002	1008	3.3894260161267757
1001	1008	3.7374036016165024
1000	1008	4.085381187106229
1011	1011	1.9299892428178058
1010	1010	0.9580122351642002
=========================

Tempo:350018.03466666664
Destinazione	 NEXTHOP	 Costo
1008	1008	1.4738583987361746
1007	1008	2.159664963205673
1006	1008	2.5918526789332543
1005	1008	2.939830264422981
1004	1008	2.6934708451473224
1003	1008	3.041448430637049
1002	1008	3.3894260161267757
1001	1008	3.7374036016165024
1000	1008	4.085381187106229
1011	1010	1.630458156375986
1010	1010	0.7825546740509008
=========================

Tempo:350018.03466666664
Destinazione	 NEXTHOP	 Costo
1008	1008	1.4738583987361746
1007	1008	2.159664963205673
1006	1008	2.5918526789332543
1005	1008	2.939830264422981
1004	1008	2.6934708451473224
1003	1008	3.041448430637049
1002	1008	3.3894260161267757
1001	1008	3.7374036016165024
1000	1008	4.085381187106229
1011	1011	1.5288923519274802
1010	1010	0.7825546740509008
=========================

Tempo:355018.03466666664
Destinazione	 NEXTHOP	 Costo
1008	1008	1.4738583987361746
1007	1007	2.200434093013356
1006	1008	2.5918526789332543
1005	1008	2.939830264422981
1004	1008	2.6934708451473224
1003	1008	3.041448430637049
1002	1008	3.3894260161267757
1001	1008	3.7374036016165024
1000	1008	4.085381187106229
1011	1011	1.5288923519274802
1010	1010	0.7825546740509008
=========================

Tempo:355018.03466666664
Destinazione	 NEXTHOP	 Costo
1008	1008	1.2381566885231394
1007	1007	2.200434093013356
1006	1008	2.5918526789332543
1005	1008	2.939830264422981
1004	1008	2.6934708451473224
1003	1008	3.041448430637049
1002	1008	3.3894260161267757
1001	1008	3.7374036016165024
1000	1008	4.085381187106229
1011	1011	1.5288923519274802
1010	1010	0.7825546740509008
=========================

Tempo:355018.03466666664
Destinazione	 NEXTHOP	 Costo
1008	1008	1.2381566885231394
1007	1010	2.006580491324901
1006	1008	2.5918526789332543
1005	1008	2.939830264422981
1004	1008	2.6934708451473224
1003	1008	3.041448430637049
1002	1008	3.3894260161267757
1001	1008	3.7374036016165024
1000	1008	4.085381187106229
1011	1010	1.0234035370228696
1010	1010	0.4831474283812745
=========================

Tempo:355018.03466666664
Destinazione	 NEXTHOP	 Costo
1008	1008	1.2381566885231394
1007	1010	2.006580491324901
1006	1008	2.5918526789332543
1005	1008	2.939830264422981
1004	1008	2.6934708451473224
1003	1008	3.041448430637049
1002	1008	3.3894260161267757
1001	1008	3.7374036016165024
1000	1008	4.085381187106229
1011	1011	1.4662671018256728
1010	1010	0.4831474283812745
=========================

Tempo:360018.03466666664
Destinazione	 NEXTHOP	 Costo
1008	1008	1.2381566885231394
1007	1007	2.2413437810294967
1006	1008	2.5918526789332543
1005	1008	2.939830264422981
1004	1008	2.6934708451473224
1003	1008	3.041448430637049
1002	1008	3.3894260161267757
1001	1008	3.7374036016165024
1000	1008	4.085381187106229
1011	1011	1.4662671018256728
1010	1010	0.4831474283812745
=========================

Tempo:360018.03466666664
Destinazione	 NEXTHOP	 Costo
1008	1008	0.8250167424233913
1007	1007	2.2413437810294967
1006	1008	2.5918526789332543
1005	1008	2.939830264422981
1004	1008	2.6934708451473224
1003	1008	3.041448430637049
1002	1008	3.3894260161267757
1001	1008	3.7374036016165024
1000	1008	4.085381187106229
1011	1011	1.4662671018256728
1010	1010	0.4831474283812745
=========================

Tempo:360018.03466666664
Destinazione	 NEXTHOP	 Costo
1008	1008	0.8250167424233913
1007	1007	2.2413437810294967
1006	1008	2.5918526789332543
1005	1008	2.939830264422981
1004	1008	2.6934708451473224
1003	1008	3.041448430637049
1002	1008	3.3894260161267757
1001	1008	3.7374036016165024
1000	1008	4.085381187106229
1011	1010	0.7483617839731613
1010	1010	0.3648646206871366
=========================

Tempo:360018.03466666664
Destinazione	 NEXTHOP	 Costo
1008	1008	0.8250167424233913
1007	1007	2.2413437810294967
1006	1008	2.5918526789332543
1005	1008	2.939830264422981
1004	1008	2.6934708451473224
1003	1008	3.041448430637049
1002	1008	3.3894260161267757
1001	1008	3.7374036016165024
1000	1008	4.085381187106229
1011	1011	1.4922282447247068
1010	1010	0.3648646206871366
=========================

Tempo:365018.03466666664
Destinazione	 NEXTHOP	 Costo
1008	1008	0.8250167424233913
1007	1007	2.5005361141553313
1006	1008	2.5918526789332543
1005	1008	2.939830264422981
1004	1008	2.6934708451473224
1003	1008	3.041448430637049
1002	1008	3.3894260161267757
1001	1008	3.7374036016165024
1000	1008	4.085381187106229
1011	1011	1.4922282447247068
1010	1010	0.3648646206871366
=========================

Tempo:365018.03466666664
Destinazione	 NEXTHOP	 Costo
1008	1008	0.5276276701614876
1007	1008	2.166970633662301
1006	1008	2.5688509505877515
1005	1008	2.939830264422981
1004	1008	2.6934708451473224
1003	1008	3.041448430637049
1002	1008	3.3894260161267757
1001	1008	3.7374036016165024
1000	1008	4.085381187106229
1011	1011	1.4922282447247068
1010	1010	0.3648646206871366
=========================

Tempo:365018.03466666664
Destinazione	 NEXTHOP	 Costo
1008	1008	0.5276276701614876
1007	1008	2.166970633662301
1006	1008	2.5688509505877515
1005	1008	2.939830264422981
1004	1008	2.6934708451473224
1003	1008	3.041448430637049
1002	1008	3.3894260161267757
1001	1008	3.7374036016165024
1000	1008	4.085381187106229
1011	1010	0.809736984615421
1010	1010	0.4256392788120495
=========================

Tempo:365018.03466666664
Destinazione	 NEXTHOP	 Costo
1008	1008	0.5276276701614876
1007	1008	2.166970633662301
1006	1008	2.5688509505877515
1005	1008	2.939830264422981
1004	1008	2.6934708451473224
1003	1008	3.041448430637049
1002	1008	3.3894260161267757
1001	1008	3.7374036016165024
1012	1011	3.0785898602458284
1000	1008	4.085381187106229
1011	1011	1.5225025216101051
1010	1010	0.4256392788120495
=========================

Tempo:370018.03466666664
Destinazione	 NEXTHOP	 Costo
1008	1008	0.5276276701614876
1007	1008	2.166970633662301
1006	1008	2.5688509505877515
1005	1008	2.939830264422981
1004	1008	2.6934708451473224
1003	1008	3.041448430637049
1002	1008	3.3894260161267757
1001	1008	3.7374036016165024
1012	1011	3.0785898602458284
1000	1008	4.085381187106229
1011	1011	1.5225025216101051
1010	1010	0.4256392788120495
=========================

Tempo:370018.03466666664
Destinazione	 NEXTHOP	 Costo
1008	1008	0.4008918685424242
1007	1008	2.041223280426264
1006	1008	2.4421151489686883
1005	1008	2.8430070175111126
1004	1008	2.6934708451473224
1003	1008	3.041448430637049
1002	1008	3.3894260161267757
1001	1008	3.7374036016165024
1012	1011	3.0785898602458284
1000	1008	4.085381187106229
1011	1011	1.5225025216101051
1010	1010	0.4256392788120495
=========================

Tempo:370018.03466666664
Destinazione	 NEXTHOP	 Costo
1008	1008	0.4008918685424242
1007	1008	2.041223280426264
1006	1008	2.4421151489686883
1005	1008	2.8430070175111126
1004	1008	2.6934708451473224
1003	1008	3.041448430637049
1002	1008	3.3894260161267757
1001	1008	3.7374036016165024
1012	1011	3.0785898602458284
1000	1008	4.085381187106229
1011	1010	1.237383109318412
1010	1010	0.6778782340635107
=========================

Tempo:370018.03466666664
Destinazione	 NEXTHOP	 Costo
1008	1008	0.4008918685424242
1007	1008	2.041223280426264
1006	1008	2.4421151489686883
1005	1008	2.8430070175111126
1004	1008	2.6934708451473224
1003	1008	3.041448430637049
1002	1008	3.3894260161267757
1001	1008	3.7374036016165024
1012	1011	3.0785898602458284
1000	1008	4.085381187106229
1011	1011	1.6630338351116867
1010	1010	0.6778782340635107
=========================

Tempo:375018.03466666664
Destinazione	 NEXTHOP	 Costo
1008	1008	0.4513857884721221
1007	1008	2.041223280426264
1006	1008	2.4421151489686883
1005	1008	2.8430070175111126
1004	1008	2.6934708451473224
1003	1008	3.041448430637049
1002	1008	3.3894260161267757
1001	1008	3.7374036016165024
1012	1011	3.0785898602458284
1000	1008	4.085381187106229
1011	1011	1.6630338351116867
1010	1010	0.6778782340635107
=========================

Tempo:375018.03466666664
Destinazione	 NEXTHOP	 Costo
1008	1008	0.4513857884721221
1007	1008	2.041223280426264
1006	1008	2.4421151489686883
1005	1008	2.8430070175111126
1004	1008	2.6934708451473224
1003	1008	3.041448430637049
1002	1008	3.3894260161267757
1001	1008	3.7374036016165024
1012	1011	3.0785898602458284
1000	1008	4.085381187106229
1011	1011	1.6630338351116867
1010	1010	1.0894597206323018
=========================

Tempo:375018.03466666664
Destinazione	 NEXTHOP	 Costo
1008	1008	0.4513857884721221
1007	1008	2.041223280426264
1006	1008	2.4421151489686883
1005	1008	2.8430070175111126
1004	1008	2.6934708451473224
1003	1008	3.041448430637049
1002	1008	3.3894260161267757
1001	1008	3.7374036016165024
1012	1011	3.0785898602458284
1000	1008	4.085381187106229
1011	1011	2.0819058461460846
1010	1010	1.0894597206323018
=========================

Tempo:380018.03466666664
Destinazione	 NEXTHOP	 Costo
1008	1008	0.685806564469498
1007	1008	2.041223280426264
1006	1008	2.4421151489686883
1005	1008	2.8430070175111126
1004	1008	2.6934708451473224
1003	1008	3.041448430637049
1002	1008	3.3894260161267757
1001	1008	3.7374036016165024
1012	1011	3.0785898602458284
1000	1008	4.085381187106229
1011	1011	2.0819058461460846
1010	1010	1.0894597206323018
=========================

Tempo:380018.03466666664
Destinazione	 NEXTHOP	 Costo
1008	1008	0.685806564469498
1007	1008	2.041223280426264
1006	1008	2.4421151489686883
1005	1008	2.8430070175111126
1004	1008	2.6934708451473224
1003	1008	3.041448430637049
1002	1008	3.3894260161267757
1001	1008	3.7374036016165024
1012	1011	3.0785898602458284
1000	1008	4.085381187106229
1011	1011	2.0819058461460846
1010	1010	1.5815287399519495
=========================

Tempo:380018.03466666664
Destinazione	 NEXTHOP	 Costo
1008	1008	0.685806564469498
1007	1008	2.041223280426264
1006	1008	2.4421151489686883
1005	1008	2.8430070175111126
1004	1008	2.6934708451473224
1003	1008	3.041448430637049
1002	1008	3.3894260161267757
1001	1008	3.7374036016165024
1012	1011	3.0785898602458284
1000	1008	4.085381187106229
1011	1011	2.398529047743253
1010	1010	1.5815287399519495
=========================

Tempo:385018.03466666664
Destinazione	 NEXTHOP	 Costo
1008	1008	1.0739795440211573
1007	1008	2.041223280426264
1006	1008	2.4421151489686883
1005	1008	2.8430070175111126
1004	1008	2.6934708451473224
1003	1008	3.041448430637049
1002	1008	3.3894260161267757
1001	1008	3.7374036016165024
1012	1011	3.0785898602458284
1000	1008	4.085381187106229
1011	1011	2.398529047743253
1010	1010	1.5815287399519495
=========================

Tempo:385018.03466666664
Destinazione	 NEXTHOP	 Costo
1008	1008	1.0739795440211573
1007	1008	2.041223280426264
1006	1008	2.4421151489686883
1005	1008	2.8430070175111126
1004	1008	2.6934708451473224
1003	1008	3.041448430637049
1002	1008	3.3894260161267757
1001	1008	3.7374036016165024
1012	1010	2.860757195922311
1000	1008	4.085381187106229
1011	1010	2.1144195180457315
1010	1010	1.3318648439948306
=========================

Tempo:385018.03466666664
Destinazione	 NEXTHOP	 Costo
1008	1008	1.0739795440211573
1007	1008	2.041223280426264
1006	1008	2.4421151489686883
1005	1008	2.8430070175111126
1004	1008	2.6934708451473224
1003	1008	3.041448430637049
1002	1008	3.3894260161267757
1001	1008	3.7374036016165024
1012	1011	2.764777336252496
1000	1008	4.085381187106229
1011	1011	2.224521227610901
1010	1010	1.3318648439948306
=========================

Tempo:390018.03466666664
Destinazione	 NEXTHOP	 Costo
1008	1008	1.545457048499447
1007	1008	2.041223280426264
1006	1008	2.4421151489686883
1005	1008	2.8430070175111126
1004	1008	2.6934708451473224
1003	1008	3.041448430637049
1002	1008	3.3894260161267757
1001	1008	3.7374036016165024
1012	1011	2.764777336252496
1000	1008	4.085381187106229
1011	1011	2.224521227610901
1010	1010	1.3318648439948306
=========================

Tempo:390018.03466666664
Destinazione	 NEXTHOP	 Costo
1008	1008	1.545457048499447
1007	1008	2.041223280426264
1006	1008	2.4421151489686883
1005	1008	2.8430070175111126
1004	1008	2.6934708451473224
1003	1008	3.041448430637049
1002	1008	3.3894260161267757
1001	1008	3.7374036016165024
1012	1010	2.33869953774391
1000	1008	4.085381187106229
1011	1010	1.3555798642995118
1010	1010	0.8724324359182374
=========================

Tempo:390018.03466666664
Destinazione	 NEXTHOP	 Costo
1008	1008	1.545457048499447
1007	1008	2.041223280426264
1006	1008	2.4421151489686883
1005	1008	2.8430070175111126
1004	1008	2.6934708451473224
1003	1008	3.041448430637049
1002	1008	3.3894260161267757
1001	1008	3.7374036016165024
1012	1010	2.33869953774391
1000	1008	4.085381187106229
1011	1011	1.9571366608451795
1010	1010	0.8724324359182374
=========================

Tempo:395018.03466666664
Destinazione	 NEXTHOP	 Costo
1008	1008	1.6393429635008132
1007	1008	2.041223280426264
1006	1008	2.4421151489686883
1005	1008	2.8430070175111126
1004	1008	2.6934708451473224
1003	1008	3.041448430637049
1002	1008	3.3894260161267757
1001	1008	3.7374036016165024
1012	1010	2.33869953774391
1000	1008	4.085381187106229
1011	1011	1.9571366608451795
1010	1010	0.8724324359182374
=========================

Tempo:395018.03466666664
Destinazione	 NEXTHOP	 Costo
1008	1008	1.6393429635008132
1007	1008	2.041223280426264
1006	1008	2.4421151489686883
1005	1008	2.8430070175111126
1004	1008	2.6934708451473224
1003	1008	3.041448430637049
1002	1008	3.3894260161267757
1001	1008	3.7374036016165024
1012	1010	2.03459449737568
1000	1008	4.085381187106229
1011	1010	0.9072308733381098
1010	1010	0.5423662526509733
=========================

Tempo:395018.03466666664
Destinazione	 NEXTHOP	 Costo
1008	1008	1.6393429635008132
1007	1008	2.041223280426264
1006	1008	2.4421151489686883
1005	1008	2.8430070175111126
1004	1008	2.6934708451473224
1003	1008	3.041448430637049
1002	1008	3.3894260161267757
1001	1008	3.7374036016165024
1012	1010	2.03459449737568
1000	1008	4.085381187106229
1011	1011	1.733081486442804
1010	1010	0.5423662526509733
=========================

Tempo:395018.03466666664
Destinazione	 NEXTHOP	 Costo
1008	1008	1.6393429635008132
1007	1008	2.041223280426264
1006	1008	2.4421151489686883
1005	1008	2.8430070175111126
1004	1008	2.6934708451473224
1003	1008	3.041448430637049
1002	1008	3.3894260161267757
1001	1008	3.7374036016165024
1012	1010	2.03459449737568
1000	1008	4.085381187106229
1011	1011	1.733081486442804
1010	1010	0.5423662526509733
=========================

Tempo:400018.03466666664
Destinazione	 NEXTHOP	 Costo
1000	1008	4.085381187106229
1011	1011	1.733081486442804
1010	1010	0.5423662526509733
1008	1008	1.6403314118838397
1007	1008	2.041223280426264
1006	1008	2.4421151489686883
1005	1008	2.8430070175111126
1004	1008	2.6934708451473224
1003	1008	3.041448430637049
1002	1008	3.3894260161267757
1013	1008	5.35660600985375
1001	1008	3.7374036016165024
1012	1010	2.03459449737568
=========================

Tempo:400018.03466666664
Destinazione	 NEXTHOP	 Costo
1000	1008	4.085381187106229
1011	1010	0.8256028169496954
1010	1010	0.3999635381376459
1008	1008	1.6403314118838397
1007	1008	2.041223280426264
1006	1008	2.4421151489686883
1005	1008	2.8430070175111126
1004	1008	2.6934708451473224
1003	1008	3.041448430637049
1002	1008	3.3894260161267757
1013	1010	3.4785533983834744
1001	1008	3.7374036016165024
1012	1010	1.922466059747751
=========================

Tempo:400018.03466666664
Destinazione	 NEXTHOP	 Costo
1000	1008	4.085381187106229
1011	1011	1.843970557286094
1010	1010	0.3999635381376459
1008	1008	1.6403314118838397
1007	1008	2.041223280426264
1006	1008	2.4421151489686883
1005	1008	2.8430070175111126
1004	1008	2.6934708451473224
1003	1008	3.041448430637049
1002	1008	3.3894260161267757
1013	1010	3.4785533983834744
1001	1008	3.7374036016165024
1012	1010	1.922466059747751
=========================

Tempo:400018.03466666664
Destinazione	 NEXTHOP	 Costo
1000	1008	4.085381187106229
1011	1011	1.843970557286094
1010	1010	0.3999635381376459
1008	1008	1.6403314118838397
1007	1008	2.041223280426264
1006	1008	2.4421151489686883
1005	1008	2.8430070175111126
1004	1008	2.6934708451473224
1003	1008	3.041448430637049
1002	1008	3.3894260161267757
1013	1010	3.4785533983834744
1001	1008	3.7374036016165024
1012	1012	2.081718364178026
=========================

Tempo:405018.03466666664
Destinazione	 NEXTHOP	 Costo
1000	1008	4.085381187106229
1011	1011	1.843970557286094
1010	1010	0.3999635381376459
1008	1008	1.643686866618403
1007	1008	2.041223280426264
1006	1008	2.4421151489686883
1005	1008	2.8430070175111126
1004	1008	2.6934708451473224
1003	1008	3.041448430637049
1002	1008	3.3894260161267757
1013	1010	3.4785533983834744
1001	1008	3.7374036016165024
1012	1012	2.081718364178026
=========================

Tempo:405018.03466666664
Destinazione	 NEXTHOP	 Costo
1000	1008	4.085381187106229
1011	1010	1.1193679114722737
1010	1010	0.44148967740876294
1008	1008	1.643686866618403
1007	1008	2.041223280426264
1006	1008	2.4421151489686883
1005	1008	2.8430070175111126
1004	1008	2.6934708451473224
1003	1008	3.041448430637049
1002	1008	3.3894260161267757
1013	1010	3.4785533983834744
1001	1008	3.7374036016165024
1012	1012	2.081718364178026
=========================

Tempo:405018.03466666664
Destinazione	 NEXTHOP	 Costo
1000	1008	4.085381187106229
1011	1011	2.0757404237344987
1010	1010	0.44148967740876294
1008	1008	1.643686866618403
1007	1008	2.041223280426264
1006	1008	2.4421151489686883
1005	1008	2.8430070175111126
1004	1008	2.6934708451473224
1003	1008	3.041448430637049
1002	1008	3.3894260161267757
1013	1010	3.4785533983834744
1001	1008	3.7374036016165024
1012	1012	2.081718364178026
=========================

Tempo:405018.03466666664
Destinazione	 NEXTHOP	 Costo
1000	1008	4.085381187106229
1011	1011	2.0757404237344987
1010	1010	0.44148967740876294
1008	1008	1.643686866618403
1007	1008	2.041223280426264
1006	1008	2.4421151489686883
1005	1008	2.8430070175111126
1004	1008	2.6934708451473224
1003	1008	3.041448430637049
1002	1008	3.3894260161267757
1013	1012	3.153553517396439
1001	1008	3.7374036016165024
1012	1012	1.8574832572272835
=========================

Tempo:410018.03466666664
Destinazione	 NEXTHOP	 Costo
1000	1008	4.085381187106229
1011	1011	2.0757404237344987
1010	1010	0.44148967740876294
1008	1008	1.6425000015891547
1007	1008	2.041223280426264
1006	1008	2.4421151489686883
1005	1008	2.8430070175111126
1004	1008	2.6934708451473224
1003	1008	3.041448430637049
1002	1008	3.3894260161267757
1013	1012	3.153553517396439
1001	1008	3.7374036016165024
1012	1012	1.8574832572272835
=========================

Tempo:410018.03466666664
Destinazione	 NEXTHOP	 Costo
1000	1008	4.085381187106229
1011	1010	1.7552844590515349
1010	1010	0.6658247384192331
1008	1008	1.6425000015891547
1007	1008	2.041223280426264
1006	1008	2.4421151489686883
1005	1008	2.8430070175111126
1004	1008	2.6934708451473224
1003	1008	3.041448430637049
1002	1008	3.3894260161267757
1013	1012	3.153553517396439
1001	1008	3.7374036016165024
1012	1012	1.8574832572272835
=========================

Tempo:410018.03466666664
Destinazione	 NEXTHOP	 Costo
1000	1008	4.085381187106229
1011	1011	2.346290832763184
1010	1010	0.6658247384192331
1008	1008	1.6425000015891547
1007	1008	2.041223280426264
1006	1008	2.4421151489686883
1005	1008	2.8430070175111126
1004	1008	2.6934708451473224
1003	1008	3.041448430637049
1002	1008	3.3894260161267757
1013	1012	3.153553517396439
1001	1008	3.7374036016165024
1012	1012	1.8574832572272835
=========================

Tempo:410018.03466666664
Destinazione	 NEXTHOP	 Costo
1000	1008	4.085381187106229
1011	1011	2.346290832763184
1010	1010	0.6658247384192331
1008	1008	1.6425000015891547
1007	1008	2.041223280426264
1006	1008	2.4421151489686883
1005	1008	2.8430070175111126
1004	1008	2.6934708451473224
1003	1008	3.041448430637049
1002	1008	3.3894260161267757
1013	1012	2.5368117485323096
1001	1008	3.7374036016165024
1012	1012	1.6889082662072248
=========================

Tempo:415018.03466666664
Destinazione	 NEXTHOP	 Costo
1000	1008	4.085381187106229
1011	1011	2.346290832763184
1010	1010	0.6658247384192331
1008	1008	1.628129833165582
1007	1008	2.041223280426264
1006	1008	2.4421151489686883
1005	1008	2.8430070175111126
1004	1008	2.6934708451473224
1003	1008	3.041448430637049
1002	1008	3.3894260161267757
1013	1012	2.5368117485323096
1001	1008	3.7374036016165024
1012	1012	1.6889082662072248
=========================

Tempo:415018.03466666664
Destinazione	 NEXTHOP	 Costo
1000	1008	4.085381187106229
1011	1011	2.346290832763184
1010	1010	1.041583062293714
1008	1008	1.628129833165582
1007	1008	2.041223280426264
1006	1008	2.4421151489686883
1005	1008	2.8430070175111126
1004	1008	2.6934708451473224
1003	1008	3.041448430637049
1002	1008	3.3894260161267757
1013	1012	2.5368117485323096
1001	1008	3.7374036016165024
1012	1012	1.6889082662072248
=========================

Tempo:415018.03466666664
Destinazione	 NEXTHOP	 Costo
1000	1008	4.085381187106229
1011	1011	2.282336268866487
1010	1010	1.041583062293714
1008	1008	1.628129833165582
1007	1008	2.041223280426264
1006	1008	2.4421151489686883
1005	1008	2.8430070175111126
1004	1008	2.6934708451473224
1003	1008	3.041448430637049
1002	1008	3.3894260161267757
1013	1012	2.5368117485323096
1001	1008	3.7374036016165024
1012	1012	1.6889082662072248
=========================

Tempo:415018.03466666664
Destinazione	 NEXTHOP	 Costo
1000	1008	4.085381187106229
1011	1012	2.1959659009989663
1010	1010	1.041583062293714
1008	1008	1.628129833165582
1007	1008	2.041223280426264
1006	1008	2.4421151489686883
1005	1008	2.8430070175111126
1004	1008	2.6934708451473224
1003	1008	3.041448430637049
1002	1008	3.3894260161267757
1013	1012	2.300004626288157
1001	1008	3.7374036016165024
1012	1012	1.7597485176465615
=========================

Tempo:420018.03466666664
Destinazione	 NEXTHOP	 Costo
1000	1008	4.085381187106229
1011	1012	2.1959659009989663
1010	1010	1.041583062293714
1008	1008	1.6055552846462637
1007	1008	2.041223280426264
1006	1008	2.4421151489686883
1005	1008	2.8430070175111126
1004	1008	2.6934708451473224
1003	1008	3.041448430637049
1002	1008	3.3894260161267757
1013	1012	2.300004626288157
1001	1008	3.7374036016165024
1012	1012	1.7597485176465615
=========================

Tempo:420018.03466666664
Destinazione	 NEXTHOP	 Costo
1000	1008	4.085381187106229
1011	1012	2.1959659009989663
1010	1010	1.495491617755486
1008	1008	1.6055552846462637
1007	1008	2.041223280426264
1006	1008	2.4421151489686883
1005	1008	2.8430070175111126
1004	1008	2.6934708451473224
1003	1008	3.041448430637049
1002	1008	3.3894260161267757
1013	1012	2.300004626288157
1001	1008	3.7374036016165024
1012	1012	1.7597485176465615
=========================

Tempo:420018.03466666664
Destinazione	 NEXTHOP	 Costo
1000	1008	4.085381187106229
1011	1011	2.285022432179787
1010	1010	1.495491617755486
1008	1008	1.6055552846462637
1007	1008	2.041223280426264
1006	1008	2.4421151489686883
1005	1008	2.8430070175111126
1004	1008	2.6934708451473224
1003	1008	3.041448430637049
1002	1008	3.3894260161267757
1013	1012	2.300004626288157
1001	1008	3.7374036016165024
1012	1012	1.7597485176465615
=========================

Tempo:420018.03466666664
Destinazione	 NEXTHOP	 Costo
1000	1008	4.085381187106229
1011	1011	2.285022432179787
1010	1010	1.495491617755486
1008	1008	1.6055552846462637
1007	1008	2.041223280426264
1006	1008	2.4421151489686883
1005	1008	2.8430070175111126
1004	1008	2.6934708451473224
1003	1008	3.041448430637049
1002	1008	3.3894260161267757
1013	1012	2.300004626288157
1001	1008	3.7374036016165024
1012	1012	2.174262471138134
=========================

Tempo:420018.03466666664
Destinazione	 NEXTHOP	 Costo
1000	1008	4.085381187106229
1011	1011	2.285022432179787
1010	1010	1.495491617755486
1008	1008	1.6055552846462637
1007	1008	2.041223280426264
1006	1008	2.4421151489686883
1005	1008	2.8430070175111126
1004	1008	2.6934708451473224
1003	1008	3.041448430637049
1002	1008	3.3894260161267757
1013	1012	2.300004626288157
1001	1008	3.7374036016165024
1012	1012	2.174262471138134
=========================

Tempo:425018.03466666664
Destinazione	 NEXTHOP	 Costo
1000	1008	4.085381187106229
1011	1011	2.285022432179787
1010	1010	1.495491617755486
1008	1008	1.5781994014530396
1007	1008	2.041223280426264
1006	1008	2.4421151489686883
1005	1008	2.8430070175111126
1004	1008	2.6934708451473224
1003	1008	3.041448430637049
1002	1008	3.3894260161267757
1013	1012	2.300004626288157
1001	1008	3.7374036016165024
1012	1012	2.174262471138134
=========================

Tempo:425018.03466666664
Destinazione	 NEXTHOP	 Costo
1000	1008	4.085381187106229
1011	1011	2.285022432179787
1010	1010	1.5728457032914374
1008	1008	1.5781994014530396
1007	1008	2.041223280426264
1006	1008	2.4421151489686883
1005	1008	2.8430070175111126
1004	1008	2.6934708451473224
1003	1008	3.041448430637049
1002	1008	3.3894260161267757
1013	1012	2.300004626288157
1001	1008	3.7374036016165024
1012	1012	2.174262471138134
=========================

Tempo:425018.03466666664
Destinazione	 NEXTHOP	 Costo
1000	1008	4.085381187106229
1011	1011	2.4619091382746525
1010	1010	1.5728457032914374
1008	1008	1.5781994014530396
1007	1008	2.041223280426264
1006	1008	2.4421151489686883
1005	1008	2.8430070175111126
1004	1008	2.6934708451473224
1003	1008	3.041448430637049
1002	1008	3.3894260161267757
1013	1012	2.300004626288157
1001	1008	3.7374036016165024
1012	1012	2.174262471138134
=========================

Tempo:425018.03466666664
Destinazione	 NEXTHOP	 Costo
1000	1008	4.085381187106229
1011	1011	2.4619091382746525
1010	1010	1.5728457032914374
1008	1008	1.5781994014530396
1007	1008	2.041223280426264
1006	1008	2.4421151489686883
1005	1008	2.8430070175111126
1004	1008	2.6934708451473224
1003	1008	3.041448430637049
1002	1008	3.3894260161267757
1001	1008	3.7374036016165024
=========================

Tempo:425018.03466666664
Destinazione	 NEXTHOP	 Costo
1000	1008	4.085381187106229
1011	1011	2.4619091382746525
1010	1010	1.5728457032914374
1008	1008	1.5781994014530396
1007	1008	2.041223280426264
1006	1008	2.4421151489686883
1005	1008	2.8430070175111126
1004	1008	2.6934708451473224
1003	1008	3.041448430637049
1014	1013	3.7162745979699103
1002	1008	3.3894260161267757
1013	1013	2.1601872593341875
1001	1008	3.7374036016165024
1012	1013	2.6828871563715917
=========================

Tempo:430018.03466666664
Destinazione	 NEXTHOP	 Costo
1000	1008	4.085381187106229
1011	1011	2.4619091382746525
1010	1010	1.5728457032914374
1008	1008	1.5515611631753783
1007	1008	2.041223280426264
1006	1008	2.4421151489686883
1005	1008	2.8430070175111126
1004	1008	2.6934708451473224
1003	1008	3.041448430637049
1014	1013	3.7162745979699103
1002	1008	3.3894260161267757
1013	1013	2.1601872593341875
1001	1008	3.7374036016165024
1012	1013	2.6828871563715917
=========================

Tempo:430018.03466666664
Destinazione	 NEXTHOP	 Costo
1000	1008	4.085381187106229
1011	1010	2.089002762583714
1010	1010	1.546636509932741
1008	1008	1.5515611631753783
1007	1008	2.041223280426264
1006	1008	2.4421151489686883
1005	1008	2.8430070175111126
1004	1008	2.6934708451473224
1003	1008	3.041448430637049
1014	1013	3.7162745979699103
1002	1008	3.3894260161267757
1013	1013	2.1601872593341875
1001	1008	3.7374036016165024
1012	1013	2.6828871563715917
=========================

Tempo:430018.03466666664
Destinazione	 NEXTHOP	 Costo
1000	1008	4.085381187106229
1011	1010	2.089002762583714
1010	1010	1.546636509932741
1008	1008	1.5515611631753783
1007	1008	2.041223280426264
1006	1008	2.4421151489686883
1005	1008	2.8430070175111126
1004	1008	2.6934708451473224
1003	1008	3.041448430637049
1014	1013	3.7162745979699103
1002	1008	3.3894260161267757
1013	1013	2.1601872593341875
1001	1008	3.7374036016165024
1012	1013	2.6828871563715917
=========================

Tempo:430018.03466666664
Destinazione	 NEXTHOP	 Costo
1000	1008	4.085381187106229
1011	1010	2.089002762583714
1010	1010	1.546636509932741
1008	1008	1.5515611631753783
1007	1008	2.041223280426264
1006	1008	2.4421151489686883
1005	1008	2.8430070175111126
1004	1008	2.6934708451473224
1003	1008	3.041448430637049
1014	1013	3.5111755599301957
1002	1008	3.3894260161267757
1013	1013	1.9794701162485233
1001	1008	3.7374036016165024
1012	1013	2.6828871563715917
=========================

Tempo:435018.03466666664
Destinazione	 NEXTHOP	 Costo
1000	1008	4.085381187106229
1011	1010	2.089002762583714
1010	1010	1.546636509932741
1008	1008	1.5350981667064068
1007	1008	2.041223280426264
1006	1008	2.4421151489686883
1005	1008	2.8430070175111126
1004	1008	2.6934708451473224
1003	1008	3.041448430637049
1014	1013	3.5111755599301957
1002	1008	3.3894260161267757
1013	1013	1.9794701162485233
1001	1008	3.7374036016165024
1012	1013	2.6828871563715917
=========================

Tempo:435018.03466666664
Destinazione	 NEXTHOP	 Costo
1000	1008	4.085381187106229
1011	1010	1.9304086773074751
1010	1010	1.5304451391698293
1008	1008	1.5350981667064068
1007	1008	2.041223280426264
1006	1008	2.4421151489686883
1005	1008	2.8430070175111126
1004	1008	2.6934708451473224
1003	1008	3.041448430637049
1014	1013	3.5111755599301957
1002	1008	3.3894260161267757
1013	1013	1.9794701162485233
1001	1008	3.7374036016165024
1012	1013	2.6828871563715917
=========================

Tempo:435018.03466666664
Destinazione	 NEXTHOP	 Costo
1000	1008	4.085381187106229
1011	1010	1.9304086773074751
1010	1010	1.5304451391698293
1008	1008	1.5350981667064068
1007	1008	2.041223280426264
1006	1008	2.4421151489686883
1005	1008	2.8430070175111126
1004	1008	2.6934708451473224
1003	1008	3.041448430637049
1014	1013	3.5111755599301957
1002	1008	3.3894260161267757
1013	1013	2.2602788737962003
1001	1008	3.7374036016165024
1012	1013	2.6828871563715917
=========================

Tempo:440018.03466666664
Destinazione	 NEXTHOP	 Costo
1000	1008	4.085381187106229
1011	1010	1.9304086773074751
1010	1010	1.5304451391698293
1008	1008	1.5185899869332697
1007	1008	2.041223280426264
1006	1008	2.4421151489686883
1005	1008	2.8430070175111126
1004	1008	2.6934708451473224
1003	1008	3.041448430637049
1014	1013	3.5111755599301957
1002	1008	3.3894260161267757
1013	1013	2.2602788737962003
1001	1008	3.7374036016165024
1012	1013	2.6828871563715917
=========================

Tempo:440018.03466666664
Destinazione	 NEXTHOP	 Costo
1000	1008	4.085381187106229
1011	1010	1.9304086773074751
1010	1010	1.51419515653553
1008	1008	1.5185899869332697
1007	1008	2.041223280426264
1006	1008	2.4421151489686883
1005	1008	2.8430070175111126
1004	1008	2.6934708451473224
1003	1008	3.041448430637049
1014	1013	3.5111755599301957
1002	1008	3.3894260161267757
1013	1013	2.2602788737962003
1001	1008	3.7374036016165024
1012	1013	2.6828871563715917
=========================

Tempo:440018.03466666664
Destinazione	 NEXTHOP	 Costo
1000	1008	4.085381187106229
1011	1010	1.9304086773074751
1010	1010	1.51419515653553
1008	1008	1.5185899869332697
1007	1008	2.041223280426264
1006	1008	2.4421151489686883
1005	1008	2.8430070175111126
1004	1008	2.6934708451473224
1003	1008	3.041448430637049
1002	1008	3.3894260161267757
1001	1008	3.7374036016165024
=========================

Tempo:445018.03466666664
Destinazione	 NEXTHOP	 Costo
1000	1008	4.085381187106229
1011	1010	1.9304086773074751
1010	1010	1.51419515653553
1008	1008	1.5098741888335507
1007	1008	2.041223280426264
1006	1008	2.4421151489686883
1005	1008	2.8430070175111126
1004	1008	2.6934708451473224
1003	1008	3.041448430637049
1014	1008	6.531437001242349
1002	1008	3.3894260161267757
1013	1008	4.999731557560676
1001	1008	3.7374036016165024
1012	1008	4.704407692300713
=========================

Tempo:445018.03466666664
Destinazione	 NEXTHOP	 Costo
1000	1008	4.085381187106229
1011	1010	1.9304086773074751
1010	1010	1.5056252372599377
1008	1008	1.5098741888335507
1007	1008	2.041223280426264
1006	1008	2.4421151489686883
1005	1008	2.8430070175111126
1004	1008	2.6934708451473224
1003	1008	3.041448430637049
1014	1010	4.042436985792247
1002	1008	3.3894260161267757
1013	1010	3.1945335034671625
1001	1008	3.7374036016165024
1012	1010	3.8519160700231216
=========================

Tempo:450018.03466666664
Destinazione	 NEXTHOP	 Costo
1000	1008	4.085381187106229
1011	1010	1.9304086773074751
1010	1010	1.5056252372599377
1008	1008	1.0980626870926657
1007	1008	2.041223280426264
1006	1008	2.4421151489686883
1005	1008	2.8430070175111126
1004	1008	2.6934708451473224
1003	1008	3.041448430637049
1014	1010	4.042436985792247
1002	1008	3.3894260161267757
1013	1010	3.1945335034671625
1001	1008	3.7374036016165024
1012	1010	3.8519160700231216
=========================

Tempo:450018.03466666664
Destinazione	 NEXTHOP	 Costo
1000	1008	4.085381187106229
1011	1010	1.9304086773074751
1010	1010	1.5003702778549937
1008	1008	1.0980626870926657
1007	1008	2.041223280426264
1006	1008	2.4421151489686883
1005	1008	2.8430070175111126
1004	1008	2.6934708451473224
1003	1008	3.041448430637049
1014	1010	3.8003749041431503
1002	1008	3.3894260161267757
1013	1010	3.1945335034671625
1001	1008	3.7374036016165024
1012	1010	3.6963361788539597
=========================

Tempo:455018.03466666664
Destinazione	 NEXTHOP	 Costo
1000	1008	4.085381187106229
1011	1010	1.9304086773074751
1010	1010	1.5003702778549937
1008	1008	0.7118220111048512
1007	1008	2.041223280426264
1006	1008	2.4421151489686883
1005	1008	2.8430070175111126
1004	1008	2.6934708451473224
1003	1008	3.041448430637049
1014	1010	3.8003749041431503
1002	1008	3.3894260161267757
1013	1010	3.1945335034671625
1001	1008	3.7374036016165024
1012	1010	3.6963361788539597
=========================

Tempo:455018.03466666664
Destinazione	 NEXTHOP	 Costo
1000	1008	4.085381187106229
1011	1010	1.9304086773074751
1010	1010	1.501290163108551
1008	1008	0.7118220111048512
1007	1008	2.041223280426264
1006	1008	2.4421151489686883
1005	1008	2.8430070175111126
1004	1008	2.6934708451473224
1003	1008	3.041448430637049
1014	1010	3.8003749041431503
1002	1008	3.3894260161267757
1013	1010	3.1945335034671625
1001	1008	3.7374036016165024
1012	1010	3.6963361788539597
=========================

Tempo:460018.03466666664
Destinazione	 NEXTHOP	 Costo
1000	1008	4.085381187106229
1011	1010	1.9304086773074751
1010	1010	1.501290163108551
1008	1008	0.6042655327521798
1007	1008	2.041223280426264
1006	1008	2.4421151489686883
1005	1008	2.8430070175111126
1004	1008	2.6934708451473224
1003	1008	3.041448430637049
1014	1010	3.8003749041431503
1002	1008	3.3894260161267757
1013	1010	3.1945335034671625
1001	1008	3.7374036016165024
1012	1010	3.6963361788539597
=========================

Tempo:460018.03466666664
Destinazione	 NEXTHOP	 Costo
1000	1008	4.085381187106229
1011	1010	1.9304086773074751
1010	1010	1.5052195168933737
1008	1008	0.6042655327521798
1007	1008	2.041223280426264
1006	1008	2.4421151489686883
1005	1008	2.8430070175111126
1004	1008	2.6934708451473224
1015	1010	5.221494114863284
1003	1008	3.041448430637049
1014	1010	3.6654067762275613
1002	1008	3.3894260161267757
1013	1010	3.1945335034671625
1001	1008	3.7374036016165024
1012	1010	3.6963361788539597
=========================

Tempo:465018.03466666664
Destinazione	 NEXTHOP	 Costo
1000	1008	4.085381187106229
1011	1010	1.9304086773074751
1010	1010	1.5052195168933737
1008	1008	0.5667879941987448
1007	1008	2.041223280426264
1006	1008	2.4421151489686883
1005	1008	2.8430070175111126
1004	1008	2.6934708451473224
1015	1010	5.221494114863284
1003	1008	3.041448430637049
1014	1010	3.6654067762275613
1002	1008	3.3894260161267757
1013	1010	3.1945335034671625
1001	1008	3.7374036016165024
1012	1010	3.6963361788539597
=========================

Tempo:465018.03466666664
Destinazione	 NEXTHOP	 Costo
1000	1008	4.085381187106229
1011	1010	1.9304086773074751
1010	1010	1.5103872524786026
1008	1008	0.5667879941987448
1007	1008	2.041223280426264
1006	1008	2.4421151489686883
1005	1008	2.8430070175111126
1004	1008	2.6934708451473224
1015	1010	5.021562812408798
1003	1008	3.041448430637049
1014	1010	3.489857368727126
1002	1008	3.3894260161267757
1013	1010	3.1945335034671625
1001	1008	3.7374036016165024
1012	1010	3.599390015062317
=========================

Tempo:470018.03466666664
Destinazione	 NEXTHOP	 Costo
1000	1008	4.085381187106229
1011	1010	1.9304086773074751
1010	1010	1.5103872524786026
1008	1008	0.5990317303166448
1007	1008	2.041223280426264
1006	1008	2.4421151489686883
1005	1008	2.8430070175111126
1004	1008	2.6934708451473224
1015	1010	5.021562812408798
1003	1008	3.041448430637049
1014	1010	3.489857368727126
1002	1008	3.3894260161267757
1013	1010	3.1945335034671625
1001	1008	3.7374036016165024
1012	1010	3.599390015062317
=========================

Tempo:470018.03466666664
Destinazione	 NEXTHOP	 Costo
1000	1008	4.085381187106229
1011	1010	1.9304086773074751
1010	1010	1.5143400303013708
1008	1008	0.5990317303166448
1007	1008	2.041223280426264
1006	1008	2.4421151489686883
1005	1008	2.8430070175111126
1004	1008	2.6934708451473224
1015	1010	5.021562812408798
1003	1008	3.041448430637049
1014	1010	3.489857368727126
1002	1008	3.3894260161267757
1013	1010	3.1945335034671625
1001	1008	3.7374036016165024
1012	1010	3.444748707608846
=========================

Tempo:475018.03466666664
Destinazione	 NEXTHOP	 Costo
1000	1008	4.085381187106229
1011	1010	1.9304086773074751
1010	1010	1.5143400303013708
1008	1008	0.7006874842453902
1007	1008	2.041223280426264
1006	1008	2.4421151489686883
1005	1008	2.8430070175111126
1004	1008	2.6934708451473224
1015	1010	5.021562812408798
1003	1008	3.041448430637049
1014	1010	3.489857368727126
1002	1008	3.3894260161267757
1013	1010	3.1945335034671625
1001	1008	3.7374036016165024
1012	1010	3.444748707608846
=========================

Tempo:475018.03466666664
Destinazione	 NEXTHOP	 Costo
1000	1008	4.085381187106229
1011	1010	1.9304086773074751
1010	1010	1.5153981005559558
1008	1008	0.7006874842453902
1007	1008	2.041223280426264
1006	1008	2.4421151489686883
1005	1008	2.8430070175111126
1004	1008	2.6934708451473224
1015	1010	5.021562812408798
1003	1008	3.041448430637049
1014	1010	3.489857368727126
1002	1008	3.3894260161267757
1013	1010	3.1945335034671625
1001	1008	3.7374036016165024
1012	1010	3.444748707608846
=========================

Tempo:480018.03466666664
Destinazione	 NEXTHOP	 Costo
1000	1008	4.085381187106229
1011	1010	1.9304086773074751
1010	1010	1.5153981005559558
1008	1008	1.0519661094057453
1007	1008	2.041223280426264
1006	1008	2.4421151489686883
1005	1008	2.8430070175111126
1004	1008	2.6934708451473224
1015	1010	5.021562812408798
1003	1008	3.041448430637049
1014	1010	3.489857368727126
1002	1008	3.3894260161267757
1013	1010	3.1945335034671625
1001	1008	3.7374036016165024
1012	1010	3.444748707608846
=========================

Tempo:480018.03466666664
Destinazione	 NEXTHOP	 Costo
1000	1008	4.085381187106229
1011	1010	1.9304086773074751
1010	1010	1.1048107909058278
1008	1008	1.0519661094057453
1007	1008	2.041223280426264
1006	1008	2.4421151489686883
1005	1008	2.8430070175111126
1004	1008	2.6934708451473224
1015	1010	5.021562812408798
1003	1008	3.041448430637049
1014	1010	3.489857368727126
1002	1008	3.3894260161267757
1013	1010	3.1945335034671625
1001	1008	3.7374036016165024
1012	1010	3.035219468213303
=========================

Tempo:485018.03466666664
Destinazione	 NEXTHOP	 Costo
1000	1008	4.085381187106229
1011	1010	1.9304086773074751
1010	1010	1.1048107909058278
1008	1008	1.50994588667041
1007	1008	2.041223280426264
1006	1008	2.4421151489686883
1005	1008	2.8430070175111126
1004	1008	2.6934708451473224
1015	1010	5.021562812408798
1003	1008	3.041448430637049
1014	1010	3.489857368727126
1002	1008	3.3894260161267757
1013	1010	3.1945335034671625
1001	1008	3.7374036016165024
1012	1010	3.035219468213303
=========================

Tempo:485018.03466666664
Destinazione	 NEXTHOP	 Costo
1000	1008	4.085381187106229
1011	1010	1.9304086773074751
1010	1010	0.7160908166703523
1008	1008	1.50994588667041
1007	1008	2.041223280426264
1006	1008	2.4421151489686883
1005	1008	2.8430070175111126
1004	1008	2.6934708451473224
1015	1010	4.516465720813502
1003	1008	3.041448430637049
1014	1010	3.489857368727126
1002	1008	3.3894260161267757
1013	1010	3.1945335034671625
1001	1008	3.7374036016165024
1012	1010	2.6464994939778275
=========================

Tempo:490018.03466666664
Destinazione	 NEXTHOP	 Costo
1000	1008	4.085381187106229
1011	1010	1.9304086773074751
1010	1010	0.7160908166703523
1008	1008	1.5106386936325287
1007	1008	2.041223280426264
1006	1008	2.4421151489686883
1005	1008	2.8430070175111126
1004	1008	2.6934708451473224
1015	1010	4.516465720813502
1003	1008	3.041448430637049
1014	1010	3.489857368727126
1002	1008	3.3894260161267757
1013	1010	3.1945335034671625
1001	1008	3.7374036016165024
1012	1010	2.6464994939778275
=========================

Tempo:490018.03466666664
Destinazione	 NEXTHOP	 Costo
1000	1008	4.085381187106229
1011	1010	1.9304086773074751
1010	1010	0.6076806578426857
1008	1008	1.5106386936325287
1007	1008	2.041223280426264
1006	1008	2.4421151489686883
1005	1008	2.8430070175111126
1004	1008	2.6934708451473224
1015	1010	4.408055561985836
1003	1008	3.041448430637049
1014	1010	3.489857368727126
1002	1008	3.3894260161267757
1013	1010	3.1945335034671625
1001	1008	3.7374036016165024
1012	1010	2.5380893351501608
=========================

Tempo:495018.03466666664
Destinazione	 NEXTHOP	 Costo
1000	1008	4.085381187106229
1011	1010	1.9304086773074751
1010	1010	0.6076806578426857
1008	1008	1.5140660426673478
1007	1008	2.032322866963577
1006	1008	2.4421151489686883
1005	1008	2.8430070175111126
1004	1008	2.6934708451473224
1015	1010	4.408055561985836
1003	1008	3.041448430637049
1014	1010	3.489857368727126
1002	1008	3.3894260161267757
1013	1010	3.1945335034671625
1001	1008	3.7374036016165024
1012	1010	2.5380893351501608
=========================

Tempo:495018.03466666664
Destinazione	 NEXTHOP	 Costo
1000	1008	4.085381187106229
1011	1010	1.9304086773074751
1010	1010	0.569756022133446
1008	1008	1.5140660426673478
1007	1008	2.032322866963577
1006	1008	2.4421151489686883
1005	1008	2.8430070175111126
1016	1010	5.79125013699673
1004	1008	2.6934708451473224
1015	1010	4.235162798361007
1003	1008	3.041448430637049
1014	1010	3.489857368727126
1002	1008	3.3894260161267757
1013	1010	3.1945335034671625
1001	1008	3.7374036016165024
1012	1010	2.500164699440921
=========================

Tempo:500018.03466666664
Destinazione	 NEXTHOP	 Costo
1000	1008	4.085381187106229
1011	1010	1.9304086773074751
1010	1010	0.569756022133446
1008	1008	1.5186318377266481
1007	1008	2.006209913742973
1006	1008	2.4421151489686883
1005	1008	2.8430070175111126
1016	1010	5.79125013699673
1004	1008	2.6934708451473224
1015	1010	4.235162798361007
1003	1008	3.041448430637049
1014	1010	3.489857368727126
1002	1008	3.3894260161267757
1013	1010	3.1945335034671625
1001	1008	3.7374036016165024
1012	1010	2.500164699440921
=========================

Tempo:500018.03466666664
Destinazione	 NEXTHOP	 Costo
1000	1008	4.085381187106229
1011	1010	1.9304086773074751
1010	1010	0.6019748088284467
1008	1008	1.5186318377266481
1007	1008	2.006209913742973
1006	1008	2.4421151489686883
1005	1008	2.8430070175111126
1016	1010	5.623537621237245
1004	1008	2.6934708451473224
1015	1010	4.091832177555572
1003	1008	3.041448430637049
1014	1010	3.489857368727126
1002	1008	3.3894260161267757
1013	1010	3.1945335034671625
1001	1008	3.7374036016165024
1012	1010	2.500164699440921
=========================

Tempo:505018.03466666664
Destinazione	 NEXTHOP	 Costo
1000	1008	4.085381187106229
1011	1010	1.9304086773074751
1010	1010	0.6019748088284467
1008	1008	1.5186318377266481
1007	1008	2.006209913742973
1006	1008	2.4421151489686883
1005	1008	2.8430070175111126
1016	1010	5.623537621237245
1004	1008	2.6934708451473224
1015	1010	4.091832177555572
1003	1008	3.041448430637049
1014	1010	3.489857368727126
1002	1008	3.3894260161267757
1013	1010	3.1945335034671625
1001	1008	3.7374036016165024
1012	1010	2.500164699440921
=========================

Tempo:505018.03466666664
Destinazione	 NEXTHOP	 Costo
1000	1008	4.085381187106229
1011	1010	1.9304086773074751
1010	1010	0.6019748088284467
1008	1008	1.5221099632263952
1007	1008	2.006209913742973
1006	1008	2.4421151489686883
1005	1008	2.8430070175111126
1016	1010	5.623537621237245
1004	1008	2.6934708451473224
1015	1010	4.091832177555572
1003	1008	3.041448430637049
1014	1010	3.489857368727126
1002	1008	3.3894260161267757
1013	1010	3.1945335034671625
1001	1008	3.7374036016165024
1012	1010	2.500164699440921
=========================

Tempo:505018.03466666664
Destinazione	 NEXTHOP	 Costo
1000	1008	4.085381187106229
1011	1010	1.9304086773074751
1010	1010	0.7040380906004547
1008	1008	1.5221099632263952
1007	1008	2.006209913742973
1006	1008	2.4421151489686883
1005	1008	2.8430070175111126
1016	1010	5.623537621237245
1004	1008	2.6934708451473224
1015	1010	4.091832177555572
1003	1008	3.041448430637049
1014	1010	3.489857368727126
1002	1008	3.3894260161267757
1013	1010	3.1945335034671625
1001	1008	3.7374036016165024
1012	1010	2.500164699440921
=========================

Tempo:510018.03466666664
Destinazione	 NEXTHOP	 Costo
1000	1008	4.085381187106229
1011	1010	1.9304086773074751
1010	1010	0.7040380906004547
1008	1008	1.5221099632263952
1007	1008	2.006209913742973
1006	1008	2.4421151489686883
1005	1008	2.8430070175111126
1016	1010	5.623537621237245
1004	1008	2.6934708451473224
1015	1010	4.091832177555572
1003	1008	3.041448430637049
1014	1010	3.489857368727126
1002	1008	3.3894260161267757
1013	1010	3.1945335034671625
1001	1008	3.7374036016165024
1012	1010	2.500164699440921
=========================

Tempo:510018.03466666664
Destinazione	 NEXTHOP	 Costo
1000	1008	4.085381187106229
1011	1010	1.9304086773074751
1010	1010	0.7040380906004547
1008	1008	1.4428586371771703
1007	1008	2.006209913742973
1006	1008	2.4421151489686883
1005	1008	2.8430070175111126
1016	1010	5.623537621237245
1004	1008	2.6934708451473224
1015	1010	4.091832177555572
1003	1008	3.041448430637049
1014	1010	3.489857368727126
1002	1008	3.3894260161267757
1013	1010	3.1945335034671625
1001	1008	3.7374036016165024
1012	1010	2.500164699440921
=========================

Tempo:510018.03466666664
Destinazione	 NEXTHOP	 Costo
1000	1008	4.085381187106229
1011	1010	1.9304086773074751
1010	1010	1.0574859999071289
1008	1008	1.4428586371771703
1007	1008	2.006209913742973
1006	1008	2.4421151489686883
1005	1008	2.8430070175111126
1016	1010	5.623537621237245
1004	1008	2.6934708451473224
1015	1010	4.091832177555572
1003	1008	3.041448430637049
1014	1010	3.489857368727126
1002	1008	3.3894260161267757
1013	1010	3.1945335034671625
1001	1008	3.7374036016165024
1012	1010	2.500164699440921
=========================

Tempo:515018.03466666664
Destinazione	 NEXTHOP	 Costo
1000	1008	4.085381187106229
1011	1010	1.9304086773074751
1010	1010	1.0574859999071289
1008	1008	1.4428586371771703
1007	1008	2.006209913742973
1006	1008	2.4421151489686883
1005	1008	2.8430070175111126
1016	1010	5.623537621237245
1004	1008	2.6934708451473224
1015	1010	4.091832177555572
1003	1008	3.041448430637049
1014	1010	3.489857368727126
1002	1008	3.3894260161267757
1013	1010	3.1945335034671625
1001	1008	3.7374036016165024
1012	1010	2.500164699440921
=========================

Tempo:515018.03466666664
Destinazione	 NEXTHOP	 Costo
1000	1008	4.085381187106229
1011	1010	1.9304086773074751
1010	1010	1.0574859999071289
1008	1008	0.9906802106272912
1007	1008	2.006209913742973
1006	1008	2.4421151489686883
1005	1008	2.8430070175111126
1016	1010	5.623537621237245
1004	1008	2.6934708451473224
1015	1010	4.091832177555572
1003	1008	3.041448430637049
1014	1010	3.489857368727126
1002	1008	3.3894260161267757
1013	1010	3.1945335034671625
1001	1008	3.7374036016165024
1012	1010	2.500164699440921
=========================

Tempo:515018.03466666664
Destinazione	 NEXTHOP	 Costo
1000	1008	4.085381187106229
1011	1010	1.9304086773074751
1010	1010	1.5193450068082726
1008	1008	0.9906802106272912
1007	1008	2.006209913742973
1006	1008	2.4421151489686883
1005	1008	2.8430070175111126
1016	1010	5.623537621237245
1004	1008	2.6934708451473224
1015	1010	4.091832177555572
1003	1008	3.041448430637049
1014	1010	3.489857368727126
1002	1008	3.3894260161267757
1013	1010	3.1945335034671625
1001	1008	3.7374036016165024
1012	1010	2.500164699440921
=========================

Tempo:520018.03466666664
Destinazione	 NEXTHOP	 Costo
1000	1008	4.085381187106229
1011	1010	1.9304086773074751
1010	1010	1.5193450068082726
1008	1008	0.9906802106272912
1007	1008	2.006209913742973
1006	1008	2.4421151489686883
1005	1008	2.8430070175111126
1016	1010	5.623537621237245
1004	1008	2.6934708451473224
1015	1010	4.091832177555572
1003	1008	3.041448430637049
1014	1010	3.489857368727126
1002	1008	3.3894260161267757
1013	1010	3.1945335034671625
1001	1008	3.7374036016165024
1012	1010	2.500164699440921
=========================

Tempo:520018.03466666664
Destinazione	 NEXTHOP	 Costo
1000	1008	4.085381187106229
1011	1010	1.9304086773074751
1010	1010	1.5193450068082726
1008	1008	0.6516943340949551
1007	1008	2.006209913742973
1006	1008	2.4421151489686883
1005	1008	2.8430070175111126
1016	1010	5.623537621237245
1004	1008	2.6934708451473224
1015	1010	4.091832177555572
1003	1008	3.041448430637049
1014	1010	3.489857368727126
1002	1008	3.3894260161267757
1013	1010	3.1945335034671625
1001	1008	3.7374036016165024
1012	1010	2.500164699440921
=========================

Tempo:520018.03466666664
Destinazione	 NEXTHOP	 Costo
1000	1008	4.085381187106229
1011	1010	1.9304086773074751
1010	1010	1.5213525825696255
1008	1008	0.6516943340949551
1007	1008	2.006209913742973
1006	1008	2.4421151489686883
1005	1008	2.8430070175111126
1016	1010	5.623537621237245
1004	1008	2.6934708451473224
1015	1010	4.091832177555572
1003	1008	3.041448430637049
1014	1010	3.489857368727126
1002	1008	3.3894260161267757
1013	1010	3.1945335034671625
1001	1008	3.7374036016165024
1012	1010	2.500164699440921
=========================

Tempo:525018.0346666666
Destinazione	 NEXTHOP	 Costo
1000	1008	4.085381187106229
1011	1010	1.9304086773074751
1010	1010	1.5213525825696255
1008	1008	0.5182568242962293
1007	1008	2.006209913742973
1006	1008	2.4421151489686883
1005	1008	2.8430070175111126
1016	1010	5.623537621237245
1004	1008	2.6934708451473224
1015	1010	4.091832177555572
1003	1008	3.041448430637049
1014	1010	3.489857368727126
1002	1008	3.3894260161267757
1013	1010	3.1945335034671625
1001	1008	3.7374036016165024
1012	1010	2.500164699440921
=========================

Tempo:525018.0346666666
Destinazione	 NEXTHOP	 Costo
1000	1008	4.085381187106229
1011	1010	1.9304086773074751
1010	1010	1.5273467816048079
1008	1008	0.5182568242962293
1007	1008	2.006209913742973
1006	1008	2.4421151489686883
1005	1008	2.8430070175111126
1016	1010	5.623537621237245
1004	1008	2.6934708451473224
1015	1010	4.091832177555572
1003	1008	3.041448430637049
1014	1010	3.489857368727126
1002	1008	3.3894260161267757
1013	1010	3.1945335034671625
1001	1008	3.7374036016165024
1012	1010	2.500164699440921
=========================

Tempo:530018.0346666666
Destinazione	 NEXTHOP	 Costo
1000	1008	4.085381187106229
1011	1010	1.9304086773074751
1010	1010	1.5273467816048079
1008	1008	0.4875780760163247
1007	1008	2.006209913742973
1006	1008	2.4421151489686883
1005	1008	2.8430070175111126
1016	1010	5.623537621237245
1004	1008	2.6934708451473224
1015	1010	4.091832177555572
1003	1008	3.041448430637049
1014	1010	3.489857368727126
1002	1008	3.3894260161267757
1013	1010	3.1945335034671625
1001	1008	3.7374036016165024
1012	1010	2.500164699440921
=========================

Tempo:530018.0346666666
Destinazione	 NEXTHOP	 Costo
1000	1008	4.085381187106229
1011	1010	1.9304086773074751
1010	1010	1.5344872577847852
1008	1008	0.4875780760163247
1007	1008	2.006209913742973
1006	1008	2.4421151489686883
1017	1010	7.325737394781515
1005	1008	2.8430070175111126
1016	1010	5.623537621237245
1004	1008	2.6934708451473224
1015	1010	4.091832177555572
1003	1008	3.041448430637049
1014	1010	3.489857368727126
1002	1008	3.3894260161267757
1013	1010	3.1945335034671625
1001	1008	3.7374036016165024
1012	1010	2.500164699440921
=========================

Tempo:535018.0346666666
Destinazione	 NEXTHOP	 Costo
1000	1008	4.085381187106229
1011	1010	1.9304086773074751
1010	1010	1.5344872577847852
1008	1008	0.5596082775148508
1007	1008	2.006209913742973
1006	1008	2.4421151489686883
1017	1010	7.325737394781515
1005	1008	2.8430070175111126
1016	1010	5.623537621237245
1004	1008	2.6934708451473224
1015	1010	4.091832177555572
1003	1008	3.041448430637049
1014	1010	3.489857368727126
1002	1008	3.3894260161267757
1013	1010	3.1945335034671625
1001	1008	3.7374036016165024
1012	1010	2.500164699440921
=========================

Tempo:535018.0346666666
Destinazione	 NEXTHOP	 Costo
1000	1008	4.085381187106229
1011	1010	1.9304086773074751
1010	1010	1.5388922821322935
1008	1008	0.5596082775148508
1007	1008	2.006209913742973
1006	1008	2.4421151489686883
1017	1010	7.162429903369539
1005	1008	2.8430070175111126
1016	1010	5.623537621237245
1004	1008	2.6934708451473224
1015	1010	4.091832177555572
1003	1008	3.041448430637049
1014	1010	3.489857368727126
1002	1008	3.3894260161267757
1013	1010	3.1945335034671625
1001	1008	3.7374036016165024
1012	1010	2.500164699440921
=========================
