
Tempo:510018.03466666664
Destinazione	 NEXTHOP	 Costo
=========================

Tempo:510018.03466666664
Destinazione	 NEXTHOP	 Costo
1011	1016	3.6934708451473224
1000	1016	7.556259078433014
1010	1016	4.054744563547027
1008	1016	4.772438394515203
1007	1016	5.12041598000493
1006	1016	5.468393565494656
1016	1016	1.0
1005	1016	5.8163711509843825
1015	1016	1.3830123783884272
1004	1016	6.164348736474109
1014	1016	1.7309899638781538
1003	1016	6.512326321963835
1013	1016	2.5560067063015453
1002	1016	6.860303907453561
1012	1016	2.8667731710930546
1001	1016	7.2082814929432875
1009	1016	4.416018281946731
=========================

Tempo:515018.03466666664
Destinazione	 NEXTHOP	 Costo
1011	1016	3.6934708451473224
1000	1015	7.455843675718487
1010	1015	3.976067820821223
1008	1015	4.672022991800676
1007	1015	5.0200005772904035
1006	1015	5.36797816278013
1016	1016	1.0
1005	1015	5.715955748269856
1015	1015	1.2825969756739009
1004	1015	6.063933333759582
1014	1015	1.7074790209448545
1003	1015	6.4119109192493084
1013	1015	2.235106691106342
1002	1015	6.759888504739035
1012	1016	2.8667731710930546
1001	1015	7.107866090228761
1009	1015	4.32404540631095
=========================

Tempo:515018.03466666664
Destinazione	 NEXTHOP	 Costo
1011	1016	3.5731036640574843
1000	1016	7.435891897343176
1010	1016	3.934377382457188
1008	1016	4.652071213425365
1007	1016	5.000048798915092
1006	1016	5.348026384404818
1016	1016	0.8796328189101617
1005	1016	5.696003969894544
1015	1015	1.2825969756739009
1004	1016	6.043981555384271
1014	1015	1.7074790209448545
1003	1016	6.391959140873997
1013	1015	2.235106691106342
1002	1016	6.739936726363723
1012	1016	2.8667731710930546
1001	1016	7.087914311853449
1009	1016	4.295651100856893
=========================

Tempo:520018.03466666664
Destinazione	 NEXTHOP	 Costo
1011	1016	3.5731036640574843
1000	1015	7.371827464168734
1010	1015	3.89205160927147
1008	1015	4.5880067802509235
1007	1015	4.93598436574065
1006	1015	5.283961951230377
1016	1016	0.8796328189101617
1005	1015	5.631939536720103
1015	1015	1.1985807641241477
1004	1015	5.979917122209829
1014	1015	1.7074790209448545
1003	1015	6.3278947076995555
1013	1015	2.235106691106342
1002	1015	6.675872293189282
1012	1016	2.8667731710930546
1001	1015	7.023849878679008
1009	1015	4.240029194761197
=========================

Tempo:520018.03466666664
Destinazione	 NEXTHOP	 Costo
1011	1016	3.493703886843909
1000	1016	7.3564921201296
1010	1016	3.8549776052436133
1008	1016	4.572671436211789
1007	1016	4.920649021701516
1006	1016	5.268626607191242
1016	1016	0.8002330416965865
1005	1016	5.616604192680969
1015	1015	1.1985807641241477
1004	1016	5.964581778170695
1014	1015	1.7074790209448545
1003	1016	6.312559363660421
1013	1015	2.235106691106342
1002	1016	6.660536949150147
1012	1016	2.718253280195104
1001	1016	7.008514534639874
1009	1016	4.216251323643317
=========================

Tempo:525018.0346666666
Destinazione	 NEXTHOP	 Costo
1011	1016	3.493703886843909
1000	1015	7.231456174457286
1010	1015	3.751680319560021
1008	1015	4.447635490539474
1007	1015	4.795613076029201
1006	1015	5.143590661518928
1016	1016	0.8002330416965865
1005	1015	5.491568247008654
1015	1015	1.0582094744126986
1004	1015	5.839545832498381
1014	1015	1.7074790209448545
1003	1015	6.187523417988107
1013	1015	2.235106691106342
1002	1015	6.535501003477833
1012	1016	2.718253280195104
1001	1015	6.883478588967559
1009	1015	4.099657905049748
=========================

Tempo:525018.0346666666
Destinazione	 NEXTHOP	 Costo
1011	1016	3.2973419932289225
1000	1016	7.160130226514614
1010	1016	3.658615711628627
1008	1016	4.376309542596803
1007	1016	4.72428712808653
1006	1016	5.072264713576256
1016	1016	0.6038711480816
1005	1016	5.420242299065983
1015	1015	1.0582094744126986
1004	1016	5.768219884555709
1014	1015	1.7074790209448545
1003	1016	6.116197470045435
1013	1016	2.166189520993192
1002	1016	6.464175055535161
1012	1016	2.6934708451473224
1001	1016	6.812152641024888
1009	1016	4.019889430028331
=========================

Tempo:530018.0346666666
Destinazione	 NEXTHOP	 Costo
1011	1016	3.2973419932289225
1000	1015	7.136623037316705
1010	1015	3.6568471824194413
1008	1015	4.352802353398895
1007	1015	4.700779938888621
1006	1015	5.048757524378348
1016	1016	0.6038711480816
1005	1015	5.396735109868074
1015	1015	0.9633763372721189
1004	1015	5.7447126953578005
1014	1015	1.7074790209448545
1003	1015	6.092690280847527
1013	1016	2.166189520993192
1002	1015	6.440667866337253
1012	1016	2.6934708451473224
1001	1015	6.788645451826979
1009	1015	4.004824767909168
=========================

Tempo:530018.0346666666
Destinazione	 NEXTHOP	 Costo
1011	1016	3.1426832476216977
1000	1016	7.005471480907389
1010	1016	3.503956966021402
1008	1016	4.221650796989579
1007	1016	4.569628382479305
1006	1016	4.917605967969031
1016	1016	0.4492124024743753
1005	1016	5.265583553458757
1015	1015	0.9633763372721189
1004	1016	5.613561138948484
1014	1015	1.7074790209448545
1003	1016	5.96153872443821
1013	1016	1.8667731710930544
1002	1016	6.309516309927936
1012	1016	2.6934708451473224
1001	1016	6.657493895417662
1009	1016	3.8652306844211064
=========================

Tempo:535018.0346666666
Destinazione	 NEXTHOP	 Costo
1011	1016	3.1426832476216977
1000	1016	7.005471480907389
1010	1016	3.503956966021402
1008	1016	4.221650796989579
1007	1016	4.569628382479305
1006	1016	4.917605967969031
1016	1016	0.4492124024743753
1005	1016	5.265583553458757
1015	1015	1.081860867232073
1004	1016	5.613561138948484
1014	1015	1.7074790209448545
1003	1016	5.96153872443821
1013	1016	1.8667731710930544
1002	1016	6.309516309927936
1012	1016	2.6934708451473224
1001	1016	6.657493895417662
1009	1016	3.8652306844211064
=========================

Tempo:535018.0346666666
Destinazione	 NEXTHOP	 Costo
1011	1016	3.0547445635470267
1000	1016	6.917532796832718
1010	1016	3.416018281946731
1008	1016	4.133712112914907
1007	1016	4.481689698404634
1006	1016	4.82966728389436
1016	1016	0.36127371839970424
1005	1016	5.177644869384086
1015	1016	0.7974911017521089
1004	1016	5.525622454873813
1014	1015	1.7074790209448545
1003	1016	5.873600040363539
1013	1016	1.8667731710930544
1002	1016	6.221577625853265
1012	1016	2.6934708451473224
1001	1016	6.569555211342991
1009	1016	3.7772920003464354
=========================
