
Tempo:660018.0346666666
Destinazione	 NEXTHOP	 Costo
1011	1019	288.2020371814789
1000	1019	88.03513958082927
1010	1019	341.61874364277224
1021	1019	81.4633412655906
1020	1019	1181.7935993474473
1019	1019	1.0
1008	1019	288.4794723692757
1007	1019	301.46826501209955
1018	1019	9.83882624267613
1017	1019	353.91144416656743
1006	1019	87.01065414667617
1005	1019	1742.1921397013411
1016	1019	1458.376965547172
1015	1019	10.198590295942068
1004	1019	97.27066898996502
1014	1019	328.7741807829354
1003	1019	87.66556868889583
1013	1019	375.90398752890343
1002	1019	3690.7063619157907
1012	1019	10.558354349208006
1001	1019	94.57564481821862
1009	1019	1274.0264496059656
=========================

Tempo:665018.0346666666
Destinazione	 NEXTHOP	 Costo
1011	1019	288.2020371814789
1000	1009	85.33031320562367
1010	1019	341.61874364277224
1021	1009	37.22137625262802
1020	1019	1181.7935993474473
1019	1019	1.0
1008	1019	288.4794723692757
1007	1019	301.46826501209955
1018	1019	9.83882624267613
1017	1019	353.91144416656743
1006	1009	84.30582777147058
1005	1019	1742.1921397013411
1016	1009	1455.6721391719666
1015	1019	10.198590295942068
1004	1009	94.56584261475942
1014	1019	328.7741807829354
1003	1009	84.96074231369023
1013	1019	375.90398752890343
1002	1009	3688.0015355405853
1012	1019	10.558354349208006
1001	1009	91.87081844301302
1009	1009	0.7729543449576356
=========================

Tempo:665018.0346666666
Destinazione	 NEXTHOP	 Costo
1011	1019	287.56180123474485
1000	1009	85.33031320562367
1010	1019	340.9785076960382
1021	1009	37.22137625262802
1020	1019	1181.7935993474473
1019	1019	0.35976405326593747
1008	1019	287.83923642254166
1007	1019	300.8280290653655
1018	1019	9.198590295942068
1017	1019	353.2712082198334
1006	1009	84.30582777147058
1005	1019	1496.9375412236634
1016	1009	1455.6721391719666
1015	1019	9.558354349208006
1004	1009	94.56584261475942
1014	1019	328.13394483620135
1003	1009	84.96074231369023
1013	1019	375.2637515821694
1002	1019	1483.0303789302432
1012	1019	9.918118402473944
1001	1009	91.87081844301302
1009	1009	0.7729543449576356
=========================

Tempo:665018.0346666666
Destinazione	 NEXTHOP	 Costo
1011	1020	38.31696760955319
1000	1020	32.29673857051804
1010	1020	36.69683634257819
1021	1020	20.889707357977493
1020	1020	9.705163212608655
1019	1019	0.35976405326593747
1008	1020	37.1934311020267
1007	1020	40.178278678952125
1018	1019	9.198590295942068
1017	1020	22.364914750820844
1006	1020	32.149848704540226
1005	1020	38.55094055089642
1016	1020	35.09889741369626
1015	1019	9.558354349208006
1004	1020	42.972592258752954
1014	1020	36.327270750300556
1003	1020	36.193647065679784
1013	1020	40.88404369171911
1002	1020	24.643778257475994
1012	1019	9.918118402473944
1001	1020	38.83724380790739
1009	1009	0.7729543449576356
=========================

Tempo:665018.0346666666
Destinazione	 NEXTHOP	 Costo
1011	1020	38.31696760955319
1000	1020	32.29673857051804
1010	1020	36.69683634257819
1021	1021	7.075717908247145
1020	1020	9.705163212608655
1019	1019	0.35976405326593747
1008	1020	37.1934311020267
1007	1020	40.178278678952125
1018	1019	9.198590295942068
1017	1020	22.364914750820844
1006	1020	32.149848704540226
1005	1020	38.55094055089642
1016	1020	35.09889741369626
1015	1019	9.558354349208006
1004	1020	42.972592258752954
1014	1020	36.327270750300556
1003	1020	36.193647065679784
1013	1020	40.88404369171911
1002	1020	24.643778257475994
1012	1019	9.918118402473944
1001	1020	38.83724380790739
1009	1009	0.7729543449576356
=========================

Tempo:670018.0346666666
Destinazione	 NEXTHOP	 Costo
1011	1020	38.31696760955319
1000	1020	32.29673857051804
1010	1020	36.69683634257819
1021	1021	7.075717908247145
1020	1020	9.705163212608655
1019	1019	0.35976405326593747
1008	1020	37.1934311020267
1007	1020	40.178278678952125
1018	1019	9.198590295942068
1017	1020	22.364914750820844
1006	1020	32.149848704540226
1005	1020	38.55094055089642
1016	1020	35.09889741369626
1015	1019	9.558354349208006
1004	1020	42.972592258752954
1014	1020	36.327270750300556
1003	1020	36.193647065679784
1013	1020	40.88404369171911
1002	1020	24.643778257475994
1012	1019	9.918118402473944
1001	1020	38.83724380790739
1009	1009	0.5928246791580137
=========================

Tempo:670018.0346666666
Destinazione	 NEXTHOP	 Costo
1011	1020	38.31696760955319
1000	1020	32.29673857051804
1010	1020	36.69683634257819
1021	1021	7.075717908247145
1020	1020	9.705163212608655
1019	1019	3.724598895527801
1008	1020	37.1934311020267
1007	1020	40.178278678952125
1018	1019	9.198590295942068
1017	1020	22.364914750820844
1006	1020	32.149848704540226
1005	1020	38.55094055089642
1016	1020	35.09889741369626
1015	1019	9.558354349208006
1004	1020	42.972592258752954
1014	1020	36.327270750300556
1003	1020	36.193647065679784
1013	1020	40.88404369171911
1002	1020	24.643778257475994
1012	1019	9.918118402473944
1001	1020	38.83724380790739
1009	1009	0.5928246791580137
=========================

Tempo:670018.0346666666
Destinazione	 NEXTHOP	 Costo
1011	1020	31.288885399212678
1000	1020	25.268656360177523
1010	1020	29.668754132237677
1021	1021	7.075717908247145
1020	1020	7.31696117221813
1019	1019	3.724598895527801
1008	1020	30.16534889168619
1007	1020	33.15019646861161
1018	1019	9.198590295942068
1017	1020	16.575521871678735
1006	1020	25.12176649419972
1005	1020	31.522858340555906
1016	1020	29.30950453455415
1015	1019	9.558354349208006
1004	1020	35.94451004841244
1014	1020	30.53787787115845
1003	1020	29.16556485533927
1013	1020	35.094650812577
1002	1020	17.615696047135483
1012	1019	9.918118402473944
1001	1020	31.80916159756688
1009	1009	0.5928246791580137
=========================

Tempo:670018.0346666666
Destinazione	 NEXTHOP	 Costo
1011	1020	31.288885399212678
1000	1020	25.268656360177523
1010	1020	29.668754132237677
1021	1021	3.441734377482852
1020	1020	7.31696117221813
1019	1019	3.724598895527801
1008	1020	30.16534889168619
1007	1020	33.15019646861161
1018	1019	9.198590295942068
1017	1020	16.575521871678735
1006	1020	25.12176649419972
1005	1020	31.522858340555906
1016	1020	29.30950453455415
1015	1019	9.558354349208006
1004	1020	35.94451004841244
1014	1020	30.53787787115845
1003	1020	29.16556485533927
1013	1020	35.094650812577
1002	1020	17.615696047135483
1012	1019	9.918118402473944
1001	1020	31.80916159756688
1009	1009	0.5928246791580137
=========================

Tempo:673008.0346666666
Destinazione	 NEXTHOP	 Costo
1011	1020	31.288885399212678
1000	1020	25.268656360177523
1010	1020	29.668754132237677
1021	1021	3.441734377482852
1020	1020	7.31696117221813
1008	1020	30.16534889168619
1007	1020	33.15019646861161
1018	1019	9.198590295942068
1017	1020	16.575521871678735
1006	1020	25.12176649419972
1005	1020	31.522858340555906
1016	1020	29.30950453455415
1015	1019	9.558354349208006
1004	1020	35.94451004841244
1014	1020	30.53787787115845
1003	1020	29.16556485533927
1013	1020	35.094650812577
1002	1020	17.615696047135483
1012	1019	9.918118402473944
1001	1020	31.80916159756688
1009	1009	0.5928246791580137
=========================

Tempo:675018.0346666666
Destinazione	 NEXTHOP	 Costo
1011	1020	31.288885399212678
1000	1020	25.268656360177523
1010	1020	29.668754132237677
1021	1021	3.441734377482852
1020	1020	7.31696117221813
1008	1020	30.16534889168619
1007	1020	33.15019646861161
1018	1019	9.198590295942068
1017	1020	16.575521871678735
1006	1020	25.12176649419972
1005	1020	31.522858340555906
1016	1020	29.30950453455415
1015	1019	9.558354349208006
1004	1020	35.94451004841244
1014	1020	30.53787787115845
1003	1020	29.16556485533927
1013	1020	35.094650812577
1002	1020	17.615696047135483
1012	1019	9.918118402473944
1001	1020	31.80916159756688
1009	1009	0.10010732899387226
=========================

Tempo:675018.0346666666
Destinazione	 NEXTHOP	 Costo
1021	1021	3.441734377482852
1018	1019	9.198590295942068
1015	1019	9.558354349208006
1012	1019	9.918118402473944
1009	1009	0.10010732899387226
=========================

Tempo:675018.0346666666
Destinazione	 NEXTHOP	 Costo
1000	1021	2746.6133963689535
1011	1021	4141.493475745672
1021	1021	2659.6326047868542
1010	1021	4139.873344478698
1020	1021	4117.521551518677
1019	1021	4113.929189241988
1008	1021	4140.369939238146
1018	1019	9.198590295942068
1007	1021	4143.354786815071
1017	1021	3012.4897009546917
1006	1021	2745.5889109348004
1016	1021	4116.955222335297
1005	1021	4141.727448687016
1015	1019	9.558354349208006
1004	1021	2755.8489257780893
1014	1021	2987.3524375710595
1003	1021	2746.24382547702
1013	1021	3034.482244317028
1002	1021	4127.820286393595
1012	1019	9.918118402473944
1001	1021	2753.153901606343
1009	1009	0.10010732899387226
=========================

Tempo:680018.0346666666
Destinazione	 NEXTHOP	 Costo
1000	1009	118.0109424895183
1011	1009	357.2153446958752
1021	1009	2427.5198536710254
1010	1009	362.65766714371523
1020	1009	340.3058741836957
1019	1009	3881.8164381261586
1008	1009	357.49277988367203
1018	1019	9.198590295942068
1007	1009	366.1391094800892
1017	1009	349.5644348831563
1006	1009	116.98645705536521
1016	1009	362.2984175460317
1005	1009	364.51177135203346
1015	1019	9.558354349208006
1004	1009	127.24647189865405
1014	1009	363.526790882636
1003	1009	117.64137159758488
1013	1009	368.0835638240546
1002	1009	350.60460905861305
1012	1019	9.918118402473944
1001	1009	124.55144772690767
1009	1009	33.45358362885228
=========================

Tempo:680018.0346666666
Destinazione	 NEXTHOP	 Costo
1000	1009	118.0109424895183
1011	1009	357.2153446958752
1021	1021	3985.7948936814464
1010	1009	362.65766714371523
1020	1009	340.3058741836957
1019	1009	3881.8164381261586
1008	1009	357.49277988367203
1018	1019	9.198590295942068
1007	1009	366.1391094800892
1017	1009	349.5644348831563
1006	1009	116.98645705536521
1016	1009	362.2984175460317
1005	1009	364.51177135203346
1015	1019	9.558354349208006
1004	1009	127.24647189865405
1014	1009	363.526790882636
1003	1009	117.64137159758488
1013	1009	368.0835638240546
1002	1009	350.60460905861305
1012	1019	9.918118402473944
1001	1009	124.55144772690767
1009	1009	33.45358362885228
=========================

Tempo:685018.0346666666
Destinazione	 NEXTHOP	 Costo
1000	1009	118.0109424895183
1011	1009	357.2153446958752
1021	1021	3985.7948936814464
1010	1009	362.65766714371523
1020	1009	340.3058741836957
1019	1009	3881.8164381261586
1008	1009	357.49277988367203
1018	1019	9.198590295942068
1007	1009	366.1391094800892
1017	1009	349.5644348831563
1006	1009	116.98645705536521
1016	1009	362.2984175460317
1005	1009	364.51177135203346
1015	1019	9.558354349208006
1004	1009	127.24647189865405
1014	1009	363.526790882636
1003	1009	117.64137159758488
1013	1009	368.0835638240546
1002	1009	350.60460905861305
1012	1019	9.918118402473944
1001	1009	124.55144772690767
1009	1009	1006.4292028446928
=========================

Tempo:685018.0346666666
Destinazione	 NEXTHOP	 Costo
1000	1009	118.0109424895183
1011	1009	357.2153446958752
1010	1009	362.65766714371523
1020	1009	340.3058741836957
1019	1009	3881.8164381261586
1008	1009	357.49277988367203
1018	1019	9.198590295942068
1007	1009	366.1391094800892
1017	1009	349.5644348831563
1006	1009	116.98645705536521
1016	1009	362.2984175460317
1005	1009	364.51177135203346
1015	1019	9.558354349208006
1004	1009	127.24647189865405
1014	1009	363.526790882636
1003	1009	117.64137159758488
1013	1009	368.0835638240546
1002	1009	350.60460905861305
1012	1019	9.918118402473944
1001	1009	124.55144772690767
1009	1009	1006.4292028446928
=========================

Tempo:690018.0346666666
Destinazione	 NEXTHOP	 Costo
1000	1009	118.0109424895183
1011	1009	357.2153446958752
1010	1009	362.65766714371523
1021	1009	7170.486081717671
1020	1009	340.3058741836957
1019	1009	3881.8164381261586
1008	1009	357.49277988367203
1018	1019	9.198590295942068
1007	1009	366.1391094800892
1017	1009	349.5644348831563
1006	1009	116.98645705536521
1016	1009	362.2984175460317
1005	1009	364.51177135203346
1015	1019	9.558354349208006
1004	1009	127.24647189865405
1014	1009	363.526790882636
1003	1009	117.64137159758488
1013	1009	368.0835638240546
1002	1009	350.60460905861305
1012	1019	9.918118402473944
1001	1009	124.55144772690767
1009	1009	3149.24347626043
=========================

Tempo:690018.0346666666
Destinazione	 NEXTHOP	 Costo
1000	1009	118.0109424895183
1011	1009	357.2153446958752
1010	1009	362.65766714371523
1021	1009	7170.486081717671
1020	1009	340.3058741836957
1019	1009	3881.8164381261586
1008	1009	357.49277988367203
1018	1019	9.198590295942068
1007	1009	366.1391094800892
1017	1009	349.5644348831563
1006	1009	116.98645705536521
1016	1009	362.2984175460317
1005	1009	364.51177135203346
1015	1019	9.558354349208006
1004	1009	127.24647189865405
1014	1009	363.526790882636
1003	1009	117.64137159758488
1013	1009	368.0835638240546
1002	1009	350.60460905861305
1012	1019	9.918118402473944
1001	1009	124.55144772690767
1009	1009	3149.24347626043
=========================

Tempo:690018.0346666666
Destinazione	 NEXTHOP	 Costo
1000	1009	118.0109424895183
1011	1009	357.2153446958752
1010	1009	362.65766714371523
1021	1009	7170.486081717671
1020	1009	340.3058741836957
1019	1009	3881.8164381261586
1008	1009	357.49277988367203
1018	1019	9.198590295942068
1007	1009	366.1391094800892
1017	1009	349.5644348831563
1006	1009	116.98645705536521
1016	1009	362.2984175460317
1005	1009	364.51177135203346
1015	1019	9.558354349208006
1004	1009	127.24647189865405
1014	1009	363.526790882636
1003	1009	117.64137159758488
1013	1009	368.0835638240546
1002	1009	350.60460905861305
1012	1019	9.918118402473944
1001	1009	124.55144772690767
1009	1009	3149.24347626043
=========================

Tempo:693008.0346666666
Destinazione	 NEXTHOP	 Costo
1000	1009	118.0109424895183
1011	1009	357.2153446958752
1010	1009	362.65766714371523
1021	1009	7170.486081717671
1020	1009	340.3058741836957
1019	1009	3881.8164381261586
1008	1009	357.49277988367203
1018	1019	9.198590295942068
1007	1009	366.1391094800892
1017	1009	349.5644348831563
1006	1009	116.98645705536521
1016	1009	362.2984175460317
1005	1009	364.51177135203346
1015	1019	9.558354349208006
1004	1009	127.24647189865405
1014	1009	363.526790882636
1003	1009	117.64137159758488
1013	1009	368.0835638240546
1002	1009	350.60460905861305
1012	1019	9.918118402473944
1001	1009	124.55144772690767
=========================

Tempo:695018.0346666666
Destinazione	 NEXTHOP	 Costo
1000	1009	118.0109424895183
1011	1009	357.2153446958752
1010	1009	362.65766714371523
1021	1009	7170.486081717671
1020	1009	340.3058741836957
1019	1009	3881.8164381261586
1008	1009	357.49277988367203
1018	1019	9.198590295942068
1007	1009	366.1391094800892
1017	1009	349.5644348831563
1006	1009	116.98645705536521
1016	1009	362.2984175460317
1005	1009	364.51177135203346
1015	1019	9.558354349208006
1004	1009	127.24647189865405
1014	1009	363.526790882636
1003	1009	117.64137159758488
1013	1009	368.0835638240546
1002	1009	350.60460905861305
1012	1019	9.918118402473944
1001	1009	124.55144772690767
=========================

Tempo:695018.0346666666
Destinazione	 NEXTHOP	 Costo
1000	1009	118.0109424895183
1011	1009	357.2153446958752
1010	1009	362.65766714371523
1021	1021	3842.3586404758466
1020	1009	340.3058741836957
1019	1009	3881.8164381261586
1008	1009	357.49277988367203
1018	1019	9.198590295942068
1007	1009	366.1391094800892
1017	1009	349.5644348831563
1006	1009	116.98645705536521
1016	1009	362.2984175460317
1005	1009	364.51177135203346
1015	1019	9.558354349208006
1004	1009	127.24647189865405
1014	1009	363.526790882636
1003	1009	117.64137159758488
1013	1009	368.0835638240546
1002	1009	350.60460905861305
1012	1019	9.918118402473944
1001	1009	124.55144772690767
=========================

Tempo:695018.0346666666
Destinazione	 NEXTHOP	 Costo
1000	1009	118.0109424895183
1011	1009	357.2153446958752
1010	1009	362.65766714371523
1021	1021	3842.3586404758466
1020	1009	340.3058741836957
1019	1009	3881.8164381261586
1008	1009	357.49277988367203
1018	1019	9.198590295942068
1007	1009	366.1391094800892
1017	1009	349.5644348831563
1006	1009	116.98645705536521
1016	1009	362.2984175460317
1005	1009	364.51177135203346
1015	1019	9.558354349208006
1004	1009	127.24647189865405
1014	1009	363.526790882636
1003	1009	117.64137159758488
1013	1009	368.0835638240546
1002	1009	350.60460905861305
1012	1019	9.918118402473944
1001	1009	124.55144772690767
1023	1023	1623.3476927745623
=========================

Tempo:700018.0346666666
Destinazione	 NEXTHOP	 Costo
1000	1009	118.0109424895183
1011	1009	357.2153446958752
1010	1009	362.65766714371523
1021	1021	3842.3586404758466
1020	1009	340.3058741836957
1019	1009	3881.8164381261586
1008	1009	357.49277988367203
1018	1019	9.198590295942068
1007	1009	366.1391094800892
1017	1009	349.5644348831563
1006	1009	116.98645705536521
1016	1009	362.2984175460317
1005	1009	364.51177135203346
1015	1019	9.558354349208006
1004	1009	127.24647189865405
1014	1009	363.526790882636
1003	1009	117.64137159758488
1013	1009	368.0835638240546
1002	1009	350.60460905861305
1012	1019	9.918118402473944
1001	1009	124.55144772690767
1023	1023	1623.3476927745623
=========================

Tempo:700018.0346666666
Destinazione	 NEXTHOP	 Costo
1000	1009	118.0109424895183
1011	1009	357.2153446958752
1010	1009	362.65766714371523
1021	1021	3842.3586404758466
1020	1009	340.3058741836957
1019	1009	3881.8164381261586
1008	1009	357.49277988367203
1018	1019	9.198590295942068
1007	1009	366.1391094800892
1017	1009	349.5644348831563
1006	1009	116.98645705536521
1016	1009	362.2984175460317
1005	1009	364.51177135203346
1015	1019	9.558354349208006
1004	1009	127.24647189865405
1014	1009	363.526790882636
1003	1009	117.64137159758488
1013	1009	368.0835638240546
1002	1009	350.60460905861305
1012	1019	9.918118402473944
1001	1009	124.55144772690767
1023	1023	1623.3476927745623
=========================

Tempo:700018.0346666666
Destinazione	 NEXTHOP	 Costo
1000	1009	118.0109424895183
1011	1009	357.2153446958752
1010	1009	362.65766714371523
1021	1021	2613.454044462334
1020	1009	340.3058741836957
1019	1009	3881.8164381261586
1008	1009	357.49277988367203
1018	1019	9.198590295942068
1007	1009	366.1391094800892
1017	1009	349.5644348831563
1006	1009	116.98645705536521
1016	1009	362.2984175460317
1005	1009	364.51177135203346
1015	1019	9.558354349208006
1004	1009	127.24647189865405
1014	1009	363.526790882636
1003	1009	117.64137159758488
1013	1009	368.0835638240546
1002	1009	350.60460905861305
1012	1019	9.918118402473944
1001	1009	124.55144772690767
1023	1023	1623.3476927745623
=========================

Tempo:700018.0346666666
Destinazione	 NEXTHOP	 Costo
1000	1009	118.0109424895183
1011	1009	357.2153446958752
1010	1009	362.65766714371523
1021	1023	730.776292610682
1020	1009	340.3058741836957
1019	1009	3881.8164381261586
1008	1009	357.49277988367203
1018	1019	9.198590295942068
1007	1009	366.1391094800892
1017	1009	349.5644348831563
1006	1009	116.98645705536521
1016	1009	362.2984175460317
1005	1009	364.51177135203346
1015	1019	9.558354349208006
1004	1009	127.24647189865405
1014	1009	363.526790882636
1003	1009	117.64137159758488
1013	1009	368.0835638240546
1002	1009	350.60460905861305
1012	1019	9.918118402473944
1001	1009	124.55144772690767
1023	1023	716.9606751729194
=========================

Tempo:705018.0346666666
Destinazione	 NEXTHOP	 Costo
1000	1009	118.0109424895183
1011	1009	357.2153446958752
1010	1009	362.65766714371523
1021	1023	730.776292610682
1020	1009	340.3058741836957
1019	1012	3595.319346929358
1008	1009	357.49277988367203
1018	1019	9.198590295942068
1007	1009	366.1391094800892
1017	1009	349.5644348831563
1006	1009	116.98645705536521
1016	1009	362.2984175460317
1005	1009	364.51177135203346
1015	1019	9.558354349208006
1004	1009	127.24647189865405
1014	1009	363.526790882636
1003	1009	117.64137159758488
1013	1009	368.0835638240546
1002	1009	350.60460905861305
1012	1012	2139.997786603466
1001	1009	124.55144772690767
1023	1023	716.9606751729194
1009	1012	2210.485078510129
=========================

Tempo:705018.0346666666
Destinazione	 NEXTHOP	 Costo
1000	1009	118.0109424895183
1011	1009	357.2153446958752
1010	1009	362.65766714371523
1021	1023	730.776292610682
1020	1009	340.3058741836957
1019	1012	3595.319346929358
1008	1009	357.49277988367203
1018	1019	9.198590295942068
1007	1009	366.1391094800892
1017	1009	349.5644348831563
1006	1009	116.98645705536521
1016	1009	362.2984175460317
1005	1009	364.51177135203346
1015	1019	9.558354349208006
1004	1009	127.24647189865405
1014	1009	363.526790882636
1003	1009	117.64137159758488
1013	1009	368.0835638240546
1002	1009	350.60460905861305
1012	1012	2139.997786603466
1001	1009	124.55144772690767
1023	1023	716.9606751729194
1009	1012	2210.485078510129
=========================

Tempo:705018.0346666666
Destinazione	 NEXTHOP	 Costo
1000	1009	118.0109424895183
1011	1009	357.2153446958752
1010	1009	362.65766714371523
1021	1021	1992.402104116698
1020	1009	340.3058741836957
1019	1021	3537.853129273828
1008	1009	357.49277988367203
1018	1019	9.198590295942068
1007	1009	366.1391094800892
1017	1009	349.5644348831563
1006	1009	116.98645705536521
1016	1009	362.2984175460317
1005	1009	364.51177135203346
1015	1019	9.558354349208006
1004	1009	127.24647189865405
1014	1009	363.526790882636
1003	1009	117.64137159758488
1013	1009	368.0835638240546
1002	1009	350.60460905861305
1012	1021	2082.5315689479357
1001	1009	124.55144772690767
1023	1023	716.9606751729194
1009	1021	2153.018860854599
=========================

Tempo:705018.0346666666
Destinazione	 NEXTHOP	 Costo
1000	1009	118.0109424895183
1011	1009	357.2153446958752
1010	1009	362.65766714371523
1021	1023	940.9980110529243
1020	1009	340.3058741836957
1019	1023	2486.449036210054
1008	1009	357.49277988367203
1018	1019	9.198590295942068
1007	1009	366.1391094800892
1017	1009	349.5644348831563
1006	1009	116.98645705536521
1016	1009	362.2984175460317
1005	1009	364.51177135203346
1015	1019	9.558354349208006
1004	1009	127.24647189865405
1014	1009	363.526790882636
1003	1009	117.64137159758488
1013	1009	368.0835638240546
1002	1009	350.60460905861305
1012	1023	944.1923319833685
1001	1009	124.55144772690767
1023	1023	933.1840202327794
1009	1023	1101.6147677908252
=========================

Tempo:710018.0346666666
Destinazione	 NEXTHOP	 Costo
1000	1009	118.0109424895183
1011	1009	357.2153446958752
1010	1009	362.65766714371523
1021	1023	940.9980110529243
1020	1009	340.3058741836957
1019	1023	2486.449036210054
1008	1009	357.49277988367203
1018	1019	9.198590295942068
1007	1009	366.1391094800892
1017	1009	349.5644348831563
1006	1009	116.98645705536521
1016	1009	362.2984175460317
1005	1009	364.51177135203346
1015	1019	9.558354349208006
1004	1009	127.24647189865405
1014	1009	363.526790882636
1003	1009	117.64137159758488
1013	1009	368.0835638240546
1002	1009	350.60460905861305
1012	1012	2062.6788584820843
1001	1009	124.55144772690767
1023	1023	933.1840202327794
1009	1023	1101.6147677908252
=========================

Tempo:710018.0346666666
Destinazione	 NEXTHOP	 Costo
1000	1009	118.0109424895183
1011	1009	357.2153446958752
1010	1009	362.65766714371523
1021	1023	940.9980110529243
1020	1009	340.3058741836957
1019	1023	2486.449036210054
1008	1009	357.49277988367203
1018	1019	9.198590295942068
1007	1009	366.1391094800892
1017	1009	349.5644348831563
1006	1009	116.98645705536521
1016	1009	362.2984175460317
1005	1009	364.51177135203346
1015	1019	9.558354349208006
1004	1009	127.24647189865405
1014	1009	363.526790882636
1003	1009	117.64137159758488
1013	1009	368.0835638240546
1002	1009	350.60460905861305
1012	1012	2062.6788584820843
1001	1009	124.55144772690767
1023	1023	933.1840202327794
1009	1023	1101.6147677908252
=========================

Tempo:710018.0346666666
Destinazione	 NEXTHOP	 Costo
1000	1009	118.0109424895183
1011	1009	357.2153446958752
1010	1009	362.65766714371523
1021	1021	1992.7979150768397
1020	1009	340.3058741836957
1019	1023	2486.449036210054
1008	1009	357.49277988367203
1018	1019	9.198590295942068
1007	1009	366.1391094800892
1017	1009	349.5644348831563
1006	1009	116.98645705536521
1016	1009	362.2984175460317
1005	1009	364.51177135203346
1015	1019	9.558354349208006
1004	1009	127.24647189865405
1014	1009	363.526790882636
1003	1009	117.64137159758488
1013	1009	368.0835638240546
1002	1009	350.60460905861305
1012	1012	2062.6788584820843
1001	1009	124.55144772690767
1023	1023	933.1840202327794
1009	1023	1101.6147677908252
=========================

Tempo:710018.0346666666
Destinazione	 NEXTHOP	 Costo
1000	1009	118.0109424895183
1011	1009	357.2153446958752
1010	1009	362.65766714371523
1021	1023	927.5231184690172
1020	1009	340.3058741836957
1019	1023	2379.9326184657402
1008	1009	357.49277988367203
1018	1019	9.198590295942068
1007	1009	366.1391094800892
1017	1009	349.5644348831563
1006	1009	116.98645705536521
1016	1009	362.2984175460317
1005	1009	364.51177135203346
1015	1019	9.558354349208006
1004	1009	127.24647189865405
1014	1009	363.526790882636
1003	1009	117.64137159758488
1013	1009	368.0835638240546
1002	1009	350.60460905861305
1012	1023	924.6110581398485
1001	1009	124.55144772690767
1023	1023	919.7091276488723
1009	1023	995.0983500465117
=========================

Tempo:715018.0346666666
Destinazione	 NEXTHOP	 Costo
1000	1009	118.0109424895183
1011	1009	357.2153446958752
1010	1009	362.65766714371523
1021	1023	927.5231184690172
1020	1009	340.3058741836957
1019	1023	2379.9326184657402
1008	1009	357.49277988367203
1018	1019	9.198590295942068
1007	1009	366.1391094800892
1017	1009	349.5644348831563
1006	1009	116.98645705536521
1016	1009	362.2984175460317
1005	1009	364.51177135203346
1015	1019	9.558354349208006
1004	1009	127.24647189865405
1014	1009	363.526790882636
1003	1009	117.64137159758488
1013	1009	368.0835638240546
1002	1009	350.60460905861305
1012	1023	924.6110581398485
1001	1009	124.55144772690767
1023	1023	919.7091276488723
1009	1023	995.0983500465117
=========================

Tempo:715018.0346666666
Destinazione	 NEXTHOP	 Costo
1000	1009	118.0109424895183
1011	1009	357.2153446958752
1010	1009	362.65766714371523
1021	1023	927.5231184690172
1020	1009	340.3058741836957
1019	1023	2379.9326184657402
1008	1009	357.49277988367203
1018	1019	9.198590295942068
1007	1009	366.1391094800892
1017	1009	349.5644348831563
1006	1009	116.98645705536521
1016	1009	362.2984175460317
1005	1009	364.51177135203346
1015	1019	9.558354349208006
1004	1009	127.24647189865405
1014	1009	363.526790882636
1003	1009	117.64137159758488
1013	1009	368.0835638240546
1002	1009	350.60460905861305
1012	1023	924.6110581398485
1001	1009	124.55144772690767
1023	1023	919.7091276488723
1009	1023	995.0983500465117
=========================

Tempo:715018.0346666666
Destinazione	 NEXTHOP	 Costo
1000	1009	118.0109424895183
1011	1009	357.2153446958752
1010	1009	362.65766714371523
1021	1023	746.7742476102593
1020	1009	340.3058741836957
1019	1023	2198.011734947173
1008	1009	357.49277988367203
1018	1019	9.198590295942068
1007	1009	366.1391094800892
1017	1009	349.5644348831563
1006	1009	116.98645705536521
1016	1009	362.2984175460317
1005	1009	364.51177135203346
1015	1019	9.558354349208006
1004	1009	127.24647189865405
1014	1009	363.526790882636
1003	1009	117.64137159758488
1013	1009	368.0835638240546
1002	1009	350.60460905861305
1012	1023	742.6901746212811
1001	1009	124.55144772690767
1023	1023	738.9602567901144
1009	1023	813.1774665279443
=========================

Tempo:720018.0346666666
Destinazione	 NEXTHOP	 Costo
1000	1009	118.0109424895183
1011	1009	357.2153446958752
1010	1009	362.65766714371523
1021	1023	244.83473012514168
1020	1009	340.3058741836957
1019	1023	2198.011734947173
1008	1009	357.49277988367203
1018	1019	9.198590295942068
1007	1009	366.1391094800892
1017	1009	349.5644348831563
1006	1009	116.98645705536521
1016	1009	362.2984175460317
1005	1009	364.51177135203346
1015	1019	9.558354349208006
1004	1009	127.24647189865405
1014	1009	363.526790882636
1003	1009	117.64137159758488
1013	1009	368.0835638240546
1002	1009	350.60460905861305
1012	1023	742.6901746212811
1001	1009	124.55144772690767
1023	1023	237.02073930499682
1009	1023	813.1774665279443
=========================

Tempo:720018.0346666666
Destinazione	 NEXTHOP	 Costo
1000	1009	118.0109424895183
1011	1009	357.2153446958752
1010	1009	362.65766714371523
1021	1023	244.83473012514168
1020	1009	340.3058741836957
1019	1023	2198.011734947173
1008	1009	357.49277988367203
1018	1019	9.198590295942068
1007	1009	366.1391094800892
1017	1009	349.5644348831563
1006	1009	116.98645705536521
1016	1009	362.2984175460317
1005	1009	364.51177135203346
1015	1019	9.558354349208006
1004	1009	127.24647189865405
1014	1009	363.526790882636
1003	1009	117.64137159758488
1013	1009	368.0835638240546
1002	1009	350.60460905861305
1012	1023	742.6901746212811
1001	1009	124.55144772690767
1023	1023	237.02073930499682
1009	1023	813.1774665279443
=========================

Tempo:725018.0346666666
Destinazione	 NEXTHOP	 Costo
1000	1009	118.0109424895183
1011	1023	332.6828250514104
1010	1023	338.12514749925043
1021	1023	15.735054804532346
1020	1023	315.7733545392309
1019	1023	2198.011734947173
1008	1023	332.96026023920723
1018	1019	9.198590295942068
1007	1009	366.1391094800892
1017	1023	325.0319152386915
1006	1009	116.98645705536521
1016	1023	337.7658979015669
1005	1023	339.97925170756866
1015	1019	9.558354349208006
1004	1009	127.24647189865405
1014	1023	338.9942712381712
1003	1009	117.64137159758488
1013	1023	343.5510441795898
1002	1023	326.07208941414825
1012	1023	742.6901746212811
1001	1009	124.55144772690767
1023	1023	7.921063984387486
1009	1023	813.1774665279443
=========================

Tempo:725018.0346666666
Destinazione	 NEXTHOP	 Costo
1000	1009	118.0109424895183
1011	1023	332.6828250514104
1010	1023	338.12514749925043
1021	1023	15.735054804532346
1020	1023	315.7733545392309
1019	1023	2198.011734947173
1008	1023	332.96026023920723
1018	1019	9.198590295942068
1007	1009	366.1391094800892
1017	1023	325.0319152386915
1006	1009	116.98645705536521
1016	1023	337.7658979015669
1005	1023	339.97925170756866
1015	1019	9.558354349208006
1004	1009	127.24647189865405
1014	1023	338.9942712381712
1003	1009	117.64137159758488
1013	1023	343.5510441795898
1002	1023	326.07208941414825
1024	1024	1016.4175316506784
1012	1023	742.6901746212811
1001	1009	124.55144772690767
1023	1023	7.921063984387486
1009	1023	813.1774665279443
=========================

Tempo:730018.0346666666
Destinazione	 NEXTHOP	 Costo
1000	1009	118.0109424895183
1011	1023	332.6828250514104
1010	1023	338.12514749925043
1021	1023	15.735054804532346
1020	1023	315.7733545392309
1019	1023	2198.011734947173
1008	1023	332.96026023920723
1018	1019	9.198590295942068
1007	1009	366.1391094800892
1017	1023	325.0319152386915
1006	1009	116.98645705536521
1016	1023	337.7658979015669
1005	1023	339.97925170756866
1015	1019	9.558354349208006
1004	1009	127.24647189865405
1014	1023	338.9942712381712
1003	1009	117.64137159758488
1013	1023	343.5510441795898
1002	1023	326.07208941414825
1024	1023	96.74571081632119
1012	1023	742.6901746212811
1001	1009	124.55144772690767
1023	1023	84.68465111381931
1009	1023	813.1774665279443
=========================

Tempo:730018.0346666666
Destinazione	 NEXTHOP	 Costo
1000	1009	118.0109424895183
1011	1023	332.6828250514104
1010	1023	338.12514749925043
1021	1023	15.735054804532346
1020	1023	315.7733545392309
1019	1023	2198.011734947173
1008	1023	332.96026023920723
1018	1019	9.198590295942068
1007	1009	366.1391094800892
1017	1023	325.0319152386915
1006	1009	116.98645705536521
1016	1023	337.7658979015669
1005	1023	339.97925170756866
1015	1019	9.558354349208006
1004	1009	127.24647189865405
1014	1023	338.9942712381712
1003	1009	117.64137159758488
1013	1023	343.5510441795898
1002	1023	326.07208941414825
1024	1024	196.23821955590887
1012	1023	742.6901746212811
1001	1009	124.55144772690767
1023	1023	84.68465111381931
1009	1023	813.1774665279443
=========================

Tempo:735018.0346666666
Destinazione	 NEXTHOP	 Costo
1000	1009	118.0109424895183
1011	1023	332.6828250514104
1010	1023	338.12514749925043
1021	1023	15.735054804532346
1020	1023	315.7733545392309
1019	1023	2198.011734947173
1008	1023	332.96026023920723
1018	1019	9.198590295942068
1007	1009	366.1391094800892
1017	1023	325.0319152386915
1006	1009	116.98645705536521
1016	1023	337.7658979015669
1005	1023	339.97925170756866
1015	1019	9.558354349208006
1004	1009	127.24647189865405
1014	1023	338.9942712381712
1003	1009	117.64137159758488
1013	1023	343.5510441795898
1002	1023	326.07208941414825
1024	1024	196.23821955590887
1012	1012	1448.4016608533868
1001	1009	124.55144772690767
1023	1023	84.68465111381931
1009	1023	813.1774665279443
=========================

Tempo:735018.0346666666
Destinazione	 NEXTHOP	 Costo
1000	1009	118.0109424895183
1011	1023	332.6828250514104
1010	1023	338.12514749925043
1021	1023	15.735054804532346
1020	1023	315.7733545392309
1019	1023	2198.011734947173
1008	1023	332.96026023920723
1018	1019	9.198590295942068
1007	1009	366.1391094800892
1017	1023	325.0319152386915
1006	1009	116.98645705536521
1016	1023	337.7658979015669
1005	1023	339.97925170756866
1015	1019	9.558354349208006
1004	1009	127.24647189865405
1014	1023	338.9942712381712
1003	1009	117.64137159758488
1013	1023	343.5510441795898
1002	1023	326.07208941414825
1024	1024	196.23821955590887
1012	1023	1148.5742634215933
1001	1009	124.55144772690767
1023	1023	405.7802697660865
1009	1023	813.1774665279443
=========================

Tempo:735018.0346666666
Destinazione	 NEXTHOP	 Costo
1000	1024	95.83965384625151
1011	1023	332.6828250514104
1010	1023	338.12514749925043
1021	1023	15.735054804532346
1020	1023	315.7733545392309
1019	1024	1480.7663213793899
1008	1023	332.96026023920723
1018	1019	9.198590295942068
1007	1024	105.25402089891085
1017	1023	325.0319152386915
1006	1024	94.17901213643476
1016	1023	337.7658979015669
1005	1023	339.97925170756866
1015	1019	9.558354349208006
1004	1024	101.13214168636976
1014	1023	338.9942712381712
1003	1024	94.3531964932966
1013	1023	343.5510441795898
1002	1023	326.07208941414825
1024	1024	23.02132833206502
1012	1024	25.444761053498205
1001	1024	102.38015908364088
1023	1024	27.92442251264616
1009	1024	95.93205296016127
=========================

Tempo:740018.0346666666
Destinazione	 NEXTHOP	 Costo
1000	1024	95.83965384625151
1011	1023	332.6828250514104
1010	1023	338.12514749925043
1021	1023	15.735054804532346
1020	1023	315.7733545392309
1019	1024	1480.7663213793899
1008	1023	332.96026023920723
1018	1019	9.198590295942068
1007	1024	105.25402089891085
1017	1023	325.0319152386915
1006	1024	94.17901213643476
1016	1023	337.7658979015669
1005	1023	339.97925170756866
1015	1019	9.558354349208006
1004	1024	101.13214168636976
1014	1023	338.9942712381712
1003	1024	94.3531964932966
1013	1023	343.5510441795898
1002	1023	326.07208941414825
1024	1024	23.02132833206502
1012	1012	733.0547451510956
1001	1024	102.38015908364088
1023	1024	27.92442251264616
1009	1024	95.93205296016127
=========================

Tempo:740018.0346666666
Destinazione	 NEXTHOP	 Costo
1000	1024	95.83965384625151
1011	1023	332.6828250514104
1010	1023	338.12514749925043
1021	1023	15.735054804532346
1020	1023	315.7733545392309
1019	1023	674.431698029395
1008	1023	332.96026023920723
1018	1019	9.198590295942068
1007	1024	105.25402089891085
1017	1023	325.0319152386915
1006	1024	94.17901213643476
1016	1023	337.7658979015669
1005	1023	339.97925170756866
1015	1019	9.558354349208006
1004	1024	101.13214168636976
1014	1023	338.9942712381712
1003	1024	94.3531964932966
1013	1023	343.5510441795898
1002	1023	326.07208941414825
1024	1024	23.02132833206502
1012	1023	653.0288976723277
1001	1024	102.38015908364088
1023	1023	643.029425665745
1009	1024	95.93205296016127
=========================

Tempo:740018.0346666666
Destinazione	 NEXTHOP	 Costo
1000	1024	72.87267351291653
1011	1024	325.7865964895542
1010	1024	331.2289189373942
1021	1024	8.83882624267613
1020	1024	308.8771259773747
1019	1023	674.431698029395
1008	1024	326.064031677351
1018	1019	9.198590295942068
1007	1024	82.28704056557588
1017	1024	318.1356866768353
1006	1024	71.21203180309979
1016	1024	330.8696693397107
1005	1024	333.08302314571245
1015	1019	9.558354349208006
1004	1024	78.16516135303479
1014	1024	332.098042676315
1003	1024	71.38621615996162
1013	1024	336.65481561773356
1002	1024	319.17586085229203
1024	1024	0.054347998730044665
1012	1024	5.504494531782411
1001	1024	79.4131787503059
1023	1023	643.029425665745
1009	1024	72.9650726268263
=========================

Tempo:745018.0346666666
Destinazione	 NEXTHOP	 Costo
1000	1024	72.87267351291653
1011	1024	325.7865964895542
1010	1024	331.2289189373942
1021	1024	8.83882624267613
1020	1024	308.8771259773747
1019	1023	674.431698029395
1008	1024	326.064031677351
1018	1019	9.198590295942068
1007	1024	82.28704056557588
1017	1024	318.1356866768353
1006	1024	71.21203180309979
1016	1024	330.8696693397107
1005	1024	333.08302314571245
1015	1019	9.558354349208006
1004	1024	78.16516135303479
1014	1024	332.098042676315
1003	1024	71.38621615996162
1013	1024	336.65481561773356
1002	1024	319.17586085229203
1024	1024	0.054347998730044665
1012	1012	1360.0134734841956
1001	1024	79.4131787503059
1023	1023	643.029425665745
1009	1024	72.9650726268263
=========================

Tempo:745018.0346666666
Destinazione	 NEXTHOP	 Costo
1000	1024	72.87267351291653
1011	1024	325.7865964895542
1010	1024	331.2289189373942
1021	1024	8.83882624267613
1020	1024	308.8771259773747
1019	1023	674.431698029395
1008	1024	326.064031677351
1018	1019	9.198590295942068
1007	1024	82.28704056557588
1017	1024	318.1356866768353
1006	1024	71.21203180309979
1016	1024	330.8696693397107
1005	1024	333.08302314571245
1015	1019	9.558354349208006
1004	1024	78.16516135303479
1014	1024	332.098042676315
1003	1024	71.38621615996162
1013	1024	336.65481561773356
1002	1024	319.17586085229203
1024	1024	0.054347998730044665
1012	1023	1190.7930713540302
1001	1024	79.4131787503059
1023	1023	1180.7935993474473
1009	1024	72.9650726268263
=========================

Tempo:745018.0346666666
Destinazione	 NEXTHOP	 Costo
1000	1024	72.87267351291653
1011	1024	325.7865964895542
1010	1024	331.2289189373942
1021	1024	8.83882624267613
1020	1024	308.8771259773747
1019	1023	674.431698029395
1008	1024	326.064031677351
1018	1019	9.198590295942068
1007	1024	82.28704056557588
1017	1024	318.1356866768353
1006	1024	71.21203180309979
1016	1024	330.8696693397107
1005	1024	333.08302314571245
1015	1019	9.558354349208006
1004	1024	78.16516135303479
1014	1024	332.098042676315
1003	1024	71.38621615996162
1013	1024	336.65481561773356
1002	1024	319.17586085229203
1024	1024	80.4633412655906
1012	1023	1190.7930713540302
1001	1024	79.4131787503059
1023	1023	1180.7935993474473
1009	1024	72.9650726268263
=========================

Tempo:750018.0346666666
Destinazione	 NEXTHOP	 Costo
1000	1024	72.87267351291653
1011	1024	325.7865964895542
1010	1024	331.2289189373942
1021	1024	8.83882624267613
1020	1024	308.8771259773747
1019	1023	674.431698029395
1008	1024	326.064031677351
1018	1019	9.198590295942068
1007	1024	82.28704056557588
1017	1024	318.1356866768353
1006	1024	71.21203180309979
1016	1024	330.8696693397107
1005	1024	333.08302314571245
1015	1019	9.558354349208006
1004	1024	78.16516135303479
1014	1024	332.098042676315
1003	1024	71.38621615996162
1013	1024	336.65481561773356
1002	1024	319.17586085229203
1024	1024	80.4633412655906
1012	1012	1273.0264496059656
1001	1024	79.4131787503059
1023	1023	1180.7935993474473
1009	1024	72.9650726268263
=========================

Tempo:750018.0346666666
Destinazione	 NEXTHOP	 Costo
1000	1024	72.87267351291653
1011	1024	325.7865964895542
1010	1024	331.2289189373942
1021	1024	8.83882624267613
1020	1024	308.8771259773747
1019	1023	674.431698029395
1008	1024	326.064031677351
1018	1019	9.198590295942068
1007	1024	82.28704056557588
1017	1024	318.1356866768353
1006	1024	71.21203180309979
1016	1024	330.8696693397107
1005	1024	333.08302314571245
1015	1019	9.558354349208006
1004	1024	78.16516135303479
1014	1024	332.098042676315
1003	1024	71.38621615996162
1013	1024	336.65481561773356
1002	1024	319.17586085229203
1024	1024	80.4633412655906
1012	1012	1273.0264496059656
1001	1024	79.4131787503059
1023	1023	1461.8695434416325
1009	1024	72.9650726268263
=========================

Tempo:750018.0346666666
Destinazione	 NEXTHOP	 Costo
1000	1024	72.87267351291653
1011	1024	325.7865964895542
1010	1024	331.2289189373942
1021	1024	8.83882624267613
1020	1024	308.8771259773747
1019	1023	674.431698029395
1008	1024	326.064031677351
1018	1019	9.198590295942068
1007	1024	82.28704056557588
1017	1024	318.1356866768353
1006	1024	71.21203180309979
1016	1024	330.8696693397107
1005	1024	333.08302314571245
1015	1019	9.558354349208006
1004	1024	78.16516135303479
1014	1024	332.098042676315
1003	1024	71.38621615996162
1013	1024	336.65481561773356
1002	1024	319.17586085229203
1024	1024	929.3959090734643
1012	1024	959.0108912125804
1001	1024	79.4131787503059
1023	1023	1461.8695434416325
1009	1024	72.9650726268263
=========================

Tempo:750018.0346666666
Destinazione	 NEXTHOP	 Costo
1000	1024	72.87267351291653
1021	1024	8.83882624267613
1020	1024	308.8771259773747
1019	1023	674.431698029395
1018	1019	9.198590295942068
1017	1024	318.1356866768353
1016	1024	330.8696693397107
1015	1019	9.558354349208006
1014	1024	332.098042676315
1013	1024	336.65481561773356
1012	1024	959.0108912125804
1011	1024	325.7865964895542
1010	1024	331.2289189373942
1008	1024	326.064031677351
1007	1024	82.28704056557588
1006	1024	71.21203180309979
1005	1024	333.08302314571245
1004	1024	78.16516135303479
1003	1024	71.38621615996162
1025	1025	2637.748173626566
1002	1024	319.17586085229203
1024	1024	929.3959090734643
1001	1024	79.4131787503059
1023	1023	1461.8695434416325
1009	1024	72.9650726268263
=========================

Tempo:755018.0346666666
Destinazione	 NEXTHOP	 Costo
1000	1024	72.87267351291653
1021	1024	8.83882624267613
1020	1024	308.8771259773747
1019	1023	674.431698029395
1018	1019	9.198590295942068
1017	1024	318.1356866768353
1016	1024	330.8696693397107
1015	1019	9.558354349208006
1014	1024	332.098042676315
1013	1024	336.65481561773356
1012	1012	911.4645374802682
1011	1024	325.7865964895542
1010	1024	331.2289189373942
1008	1024	326.064031677351
1007	1024	82.28704056557588
1006	1024	71.21203180309979
1005	1024	333.08302314571245
1004	1024	78.16516135303479
1003	1024	71.38621615996162
1025	1025	2637.748173626566
1002	1024	319.17586085229203
1024	1024	929.3959090734643
1001	1024	79.4131787503059
1023	1023	1461.8695434416325
1009	1024	72.9650726268263
=========================

Tempo:755018.0346666666
Destinazione	 NEXTHOP	 Costo
1000	1024	72.87267351291653
1021	1024	8.83882624267613
1020	1024	308.8771259773747
1019	1023	674.431698029395
1018	1019	9.198590295942068
1017	1024	318.1356866768353
1016	1024	330.8696693397107
1015	1019	9.558354349208006
1014	1024	332.098042676315
1013	1024	336.65481561773356
1012	1012	911.4645374802682
1011	1024	325.7865964895542
1010	1024	331.2289189373942
1008	1024	326.064031677351
1007	1024	82.28704056557588
1006	1024	71.21203180309979
1005	1024	333.08302314571245
1004	1024	78.16516135303479
1003	1024	71.38621615996162
1025	1025	2637.748173626566
1002	1024	319.17586085229203
1024	1024	929.3959090734643
1001	1024	79.4131787503059
1023	1023	2126.0137780169057
1009	1024	72.9650726268263
=========================

Tempo:755018.0346666666
Destinazione	 NEXTHOP	 Costo
1000	1024	72.87267351291653
1021	1024	8.83882624267613
1020	1024	308.8771259773747
1019	1023	674.431698029395
1018	1019	9.198590295942068
1017	1024	318.1356866768353
1016	1024	330.8696693397107
1015	1019	9.558354349208006
1014	1024	332.098042676315
1013	1024	336.65481561773356
1012	1012	911.4645374802682
1011	1024	325.7865964895542
1010	1024	331.2289189373942
1008	1024	326.064031677351
1007	1024	82.28704056557588
1006	1024	71.21203180309979
1005	1024	333.08302314571245
1004	1024	78.16516135303479
1003	1024	71.38621615996162
1025	1025	2637.748173626566
1002	1024	319.17586085229203
1024	1024	1676.9829247161108
1001	1024	79.4131787503059
1023	1023	2126.0137780169057
1009	1024	72.9650726268263
=========================

Tempo:755018.0346666666
Destinazione	 NEXTHOP	 Costo
1000	1024	72.87267351291653
1021	1024	8.83882624267613
1020	1025	88.5271635016635
1019	1025	94.07827541703494
1018	1019	9.198590295942068
1017	1025	86.14654328465724
1016	1025	94.80295659590614
1015	1019	9.558354349208006
1014	1025	96.03132993251043
1013	1025	100.58810287392899
1012	1025	68.50050004155473
1011	1025	95.01115159793119
1010	1025	93.3910203309562
1008	1025	93.8876150904047
1007	1024	82.28704056557588
1006	1024	71.21203180309979
1005	1025	95.24512453927443
1004	1024	78.16516135303479
1003	1024	71.38621615996162
1025	1025	67.72754569659709
1002	1025	81.337962245854
1024	1025	74.80326360484423
1001	1024	79.4131787503059
1023	1025	77.43270890920574
1009	1024	72.9650726268263
=========================

Tempo:760018.0346666666
Destinazione	 NEXTHOP	 Costo
1000	1024	72.87267351291653
1021	1024	8.83882624267613
1020	1025	88.5271635016635
1019	1025	94.07827541703494
1018	1019	9.198590295942068
1017	1025	86.14654328465724
1016	1025	94.80295659590614
1015	1019	9.558354349208006
1014	1025	96.03132993251043
1013	1025	100.58810287392899
1012	1012	1987.8150144044064
1011	1025	95.01115159793119
1010	1025	93.3910203309562
1008	1025	93.8876150904047
1007	1024	82.28704056557588
1006	1024	71.21203180309979
1005	1025	95.24512453927443
1004	1024	78.16516135303479
1003	1024	71.38621615996162
1025	1025	67.72754569659709
1002	1025	81.337962245854
1024	1025	74.80326360484423
1001	1024	79.4131787503059
1023	1025	77.43270890920574
1009	1024	72.9650726268263
=========================

Tempo:760018.0346666666
Destinazione	 NEXTHOP	 Costo
1020	1025	88.5271635016635
1019	1025	94.07827541703494
1018	1019	9.198590295942068
1017	1025	86.14654328465724
1016	1025	94.80295659590614
1015	1019	9.558354349208006
1014	1025	96.03132993251043
1013	1025	100.58810287392899
1012	1012	1987.8150144044064
1011	1025	95.01115159793119
1010	1025	93.3910203309562
1008	1025	93.8876150904047
1005	1025	95.24512453927443
1025	1025	67.72754569659709
1002	1025	81.337962245854
1024	1025	74.80326360484423
1023	1025	77.43270890920574
=========================

Tempo:760018.0346666666
Destinazione	 NEXTHOP	 Costo
1000	1025	1044.3253248411227
1021	1025	1037.122285280129
1020	1025	88.5271635016635
1019	1025	94.07827541703494
1018	1019	9.198590295942068
1017	1025	86.14654328465724
1016	1025	94.80295659590614
1015	1019	9.558354349208006
1014	1025	96.03132993251043
1013	1025	100.58810287392899
1012	1025	1028.516519663345
1011	1025	95.01115159793119
1010	1025	93.3910203309562
1008	1025	93.8876150904047
1007	1025	1052.2068649495568
1006	1025	1044.178434975145
1005	1025	95.24512453927443
1004	1025	1055.0011785293577
1025	1025	1027.923694984187
1003	1025	1048.2222333362845
1002	1025	81.337962245854
1024	1025	74.80326360484423
1023	1025	77.43270890920574
1001	1025	1050.865830078512
1009	1025	1042.3491450884935
=========================

Tempo:783008.0346666666
Destinazione	 NEXTHOP	 Costo
1000	1025	1044.3253248411227
1021	1025	1037.122285280129
1020	1025	88.5271635016635
1019	1025	94.07827541703494
1018	1019	9.198590295942068
1017	1025	86.14654328465724
1016	1025	94.80295659590614
1015	1019	9.558354349208006
1014	1025	96.03132993251043
1013	1025	100.58810287392899
1011	1025	95.01115159793119
1010	1025	93.3910203309562
1008	1025	93.8876150904047
1007	1025	1052.2068649495568
1006	1025	1044.178434975145
1005	1025	95.24512453927443
1004	1025	1055.0011785293577
1025	1025	1027.923694984187
1003	1025	1048.2222333362845
1002	1025	81.337962245854
1024	1025	74.80326360484423
1023	1025	77.43270890920574
1001	1025	1050.865830078512
1009	1025	1042.3491450884935
=========================

Tempo:843008.0346666666
Destinazione	 NEXTHOP	 Costo
1000	1025	1044.3253248411227
1021	1025	1037.122285280129
1020	1025	88.5271635016635
1019	1025	94.07827541703494
1018	1019	9.198590295942068
1017	1025	86.14654328465724
1016	1025	94.80295659590614
1015	1019	9.558354349208006
1014	1025	96.03132993251043
1013	1025	100.58810287392899
1011	1025	95.01115159793119
1010	1025	93.3910203309562
1008	1025	93.8876150904047
1007	1025	1052.2068649495568
1006	1025	1044.178434975145
1005	1025	95.24512453927443
1004	1025	1055.0011785293577
1025	1025	1027.923694984187
1003	1025	1048.2222333362845
1024	1025	74.80326360484423
1023	1025	77.43270890920574
1001	1025	1050.865830078512
1009	1025	1042.3491450884935
=========================

Tempo:853008.0346666666
Destinazione	 NEXTHOP	 Costo
1000	1025	1044.3253248411227
1021	1025	1037.122285280129
1020	1025	88.5271635016635
1019	1025	94.07827541703494
1018	1019	9.198590295942068
1017	1025	86.14654328465724
1016	1025	94.80295659590614
1015	1019	9.558354349208006
1014	1025	96.03132993251043
1013	1025	100.58810287392899
1011	1025	95.01115159793119
1010	1025	93.3910203309562
1008	1025	93.8876150904047
1007	1025	1052.2068649495568
1006	1025	1044.178434975145
1005	1025	95.24512453927443
1004	1025	1055.0011785293577
1003	1025	1048.2222333362845
1024	1025	74.80326360484423
1023	1025	77.43270890920574
1001	1025	1050.865830078512
1009	1025	1042.3491450884935
=========================

Tempo:873008.0346666666
Destinazione	 NEXTHOP	 Costo
1000	1025	1044.3253248411227
1021	1025	1037.122285280129
1020	1025	88.5271635016635
1019	1025	94.07827541703494
1018	1019	9.198590295942068
1017	1025	86.14654328465724
1016	1025	94.80295659590614
1014	1025	96.03132993251043
1013	1025	100.58810287392899
1011	1025	95.01115159793119
1010	1025	93.3910203309562
1008	1025	93.8876150904047
1007	1025	1052.2068649495568
1006	1025	1044.178434975145
1005	1025	95.24512453927443
1004	1025	1055.0011785293577
1003	1025	1048.2222333362845
1024	1025	74.80326360484423
1023	1025	77.43270890920574
1001	1025	1050.865830078512
1009	1025	1042.3491450884935
=========================

Tempo:933008.0346666666
Destinazione	 NEXTHOP	 Costo
1000	1025	1044.3253248411227
1021	1025	1037.122285280129
1020	1025	88.5271635016635
1019	1025	94.07827541703494
1018	1019	9.198590295942068
1017	1025	86.14654328465724
1016	1025	94.80295659590614
1014	1025	96.03132993251043
1013	1025	100.58810287392899
1011	1025	95.01115159793119
1010	1025	93.3910203309562
1008	1025	93.8876150904047
1007	1025	1052.2068649495568
1006	1025	1044.178434975145
1004	1025	1055.0011785293577
1003	1025	1048.2222333362845
1024	1025	74.80326360484423
1023	1025	77.43270890920574
1001	1025	1050.865830078512
1009	1025	1042.3491450884935
=========================

Tempo:963008.0346666666
Destinazione	 NEXTHOP	 Costo
1000	1025	1044.3253248411227
1021	1025	1037.122285280129
1020	1025	88.5271635016635
1019	1025	94.07827541703494
1017	1025	86.14654328465724
1016	1025	94.80295659590614
1014	1025	96.03132993251043
1013	1025	100.58810287392899
1011	1025	95.01115159793119
1010	1025	93.3910203309562
1008	1025	93.8876150904047
1007	1025	1052.2068649495568
1006	1025	1044.178434975145
1004	1025	1055.0011785293577
1003	1025	1048.2222333362845
1024	1025	74.80326360484423
1023	1025	77.43270890920574
1001	1025	1050.865830078512
1009	1025	1042.3491450884935
=========================

Tempo:1023008.0346666666
Destinazione	 NEXTHOP	 Costo
1000	1025	1044.3253248411227
1021	1025	1037.122285280129
1020	1025	88.5271635016635
1019	1025	94.07827541703494
1017	1025	86.14654328465724
1016	1025	94.80295659590614
1014	1025	96.03132993251043
1013	1025	100.58810287392899
1011	1025	95.01115159793119
1010	1025	93.3910203309562
1007	1025	1052.2068649495568
1006	1025	1044.178434975145
1004	1025	1055.0011785293577
1003	1025	1048.2222333362845
1024	1025	74.80326360484423
1023	1025	77.43270890920574
1001	1025	1050.865830078512
1009	1025	1042.3491450884935
=========================

Tempo:1053008.0346666668
Destinazione	 NEXTHOP	 Costo
1000	1025	1044.3253248411227
1020	1025	88.5271635016635
1019	1025	94.07827541703494
1017	1025	86.14654328465724
1016	1025	94.80295659590614
1014	1025	96.03132993251043
1013	1025	100.58810287392899
1011	1025	95.01115159793119
1010	1025	93.3910203309562
1007	1025	1052.2068649495568
1006	1025	1044.178434975145
1004	1025	1055.0011785293577
1003	1025	1048.2222333362845
1024	1025	74.80326360484423
1023	1025	77.43270890920574
1001	1025	1050.865830078512
1009	1025	1042.3491450884935
=========================

Tempo:1113008.0346666668
Destinazione	 NEXTHOP	 Costo
1000	1025	1044.3253248411227
1020	1025	88.5271635016635
1019	1025	94.07827541703494
1017	1025	86.14654328465724
1016	1025	94.80295659590614
1014	1025	96.03132993251043
1013	1025	100.58810287392899
1010	1025	93.3910203309562
1007	1025	1052.2068649495568
1006	1025	1044.178434975145
1004	1025	1055.0011785293577
1003	1025	1048.2222333362845
1024	1025	74.80326360484423
1023	1025	77.43270890920574
1001	1025	1050.865830078512
1009	1025	1042.3491450884935
=========================

Tempo:1143008.0346666668
Destinazione	 NEXTHOP	 Costo
1000	1025	1044.3253248411227
1020	1025	88.5271635016635
1019	1025	94.07827541703494
1017	1025	86.14654328465724
1016	1025	94.80295659590614
1014	1025	96.03132993251043
1013	1025	100.58810287392899
1010	1025	93.3910203309562
1007	1025	1052.2068649495568
1006	1025	1044.178434975145
1004	1025	1055.0011785293577
1003	1025	1048.2222333362845
1023	1025	77.43270890920574
1001	1025	1050.865830078512
1009	1025	1042.3491450884935
=========================

Tempo:1203008.0346666668
Destinazione	 NEXTHOP	 Costo
1000	1025	1044.3253248411227
1020	1025	88.5271635016635
1019	1025	94.07827541703494
1017	1025	86.14654328465724
1016	1025	94.80295659590614
1013	1025	100.58810287392899
1010	1025	93.3910203309562
1007	1025	1052.2068649495568
1006	1025	1044.178434975145
1004	1025	1055.0011785293577
1003	1025	1048.2222333362845
1023	1025	77.43270890920574
1001	1025	1050.865830078512
1009	1025	1042.3491450884935
=========================

Tempo:1293008.0346666668
Destinazione	 NEXTHOP	 Costo
1000	1025	1044.3253248411227
1020	1025	88.5271635016635
1019	1025	94.07827541703494
1016	1025	94.80295659590614
1013	1025	100.58810287392899
1010	1025	93.3910203309562
1007	1025	1052.2068649495568
1006	1025	1044.178434975145
1004	1025	1055.0011785293577
1003	1025	1048.2222333362845
1023	1025	77.43270890920574
1001	1025	1050.865830078512
1009	1025	1042.3491450884935
=========================

Tempo:1383008.0346666668
Destinazione	 NEXTHOP	 Costo
1000	1025	1044.3253248411227
1019	1025	94.07827541703494
1016	1025	94.80295659590614
1013	1025	100.58810287392899
1010	1025	93.3910203309562
1007	1025	1052.2068649495568
1006	1025	1044.178434975145
1004	1025	1055.0011785293577
1003	1025	1048.2222333362845
1023	1025	77.43270890920574
1001	1025	1050.865830078512
1009	1025	1042.3491450884935
=========================

Tempo:1473008.0346666668
Destinazione	 NEXTHOP	 Costo
1000	1025	1044.3253248411227
1019	1025	94.07827541703494
1016	1025	94.80295659590614
1013	1025	100.58810287392899
1010	1025	93.3910203309562
1007	1025	1052.2068649495568
1006	1025	1044.178434975145
1004	1025	1055.0011785293577
1003	1025	1048.2222333362845
1001	1025	1050.865830078512
1009	1025	1042.3491450884935
=========================
