
Tempo:450018.03466666664
Destinazione	 NEXTHOP	 Costo
=========================

Tempo:450018.03466666664
Destinazione	 NEXTHOP	 Costo
1011	1014	2.5560067063015453
1000	1014	6.860303907453561
1010	1014	2.8667731710930546
1008	1014	4.054744563547027
1007	1014	4.416018281946731
1006	1014	4.772438394515203
1005	1014	5.12041598000493
1004	1014	5.468393565494656
1014	1014	1.0
1003	1014	5.8163711509843825
1013	1014	1.3830123783884272
1002	1014	6.164348736474109
1012	1014	1.7309899638781538
1001	1014	6.512326321963835
1009	1014	3.6934708451473224
=========================

Tempo:455018.03466666664
Destinazione	 NEXTHOP	 Costo
1011	1013	2.235106691106342
1000	1013	6.759888504739035
1010	1014	2.8667731710930546
1008	1013	3.976067820821223
1007	1013	4.32404540631095
1006	1013	4.672022991800676
1005	1013	5.0200005772904035
1004	1013	5.36797816278013
1014	1014	1.0
1003	1013	5.715955748269856
1013	1013	1.2825969756739009
1002	1013	6.063933333759582
1012	1013	1.7074790209448545
1001	1013	6.4119109192493084
1009	1014	3.6934708451473224
=========================

Tempo:455018.03466666664
Destinazione	 NEXTHOP	 Costo
1011	1013	2.235106691106342
1000	1014	6.739936726363723
1010	1014	2.8667731710930546
1008	1014	3.934377382457188
1007	1014	4.295651100856893
1006	1014	4.652071213425365
1005	1014	5.000048798915092
1004	1014	5.348026384404818
1014	1014	0.8796328189101617
1003	1014	5.696003969894544
1013	1013	1.2825969756739009
1002	1014	6.043981555384271
1012	1013	1.7074790209448545
1001	1014	6.391959140873997
1009	1014	3.5731036640574843
=========================

Tempo:460018.03466666664
Destinazione	 NEXTHOP	 Costo
1011	1013	2.235106691106342
1000	1013	6.675872293189282
1010	1014	2.8667731710930546
1008	1013	3.89205160927147
1007	1013	4.240029194761197
1006	1013	4.5880067802509235
1005	1013	4.93598436574065
1004	1013	5.283961951230377
1014	1014	0.8796328189101617
1003	1013	5.631939536720103
1013	1013	1.1985807641241477
1002	1013	5.979917122209829
1012	1013	1.7074790209448545
1001	1013	6.3278947076995555
1009	1014	3.5731036640574843
=========================

Tempo:460018.03466666664
Destinazione	 NEXTHOP	 Costo
1011	1013	2.235106691106342
1000	1014	6.660536949150147
1010	1014	2.718253280195104
1008	1014	3.8549776052436133
1007	1014	4.216251323643317
1006	1014	4.572671436211789
1005	1014	4.920649021701516
1004	1014	5.268626607191242
1014	1014	0.8002330416965865
1003	1014	5.616604192680969
1013	1013	1.1985807641241477
1002	1014	5.964581778170695
1012	1013	1.7074790209448545
1001	1014	6.312559363660421
1009	1014	3.493703886843909
=========================

Tempo:465018.03466666664
Destinazione	 NEXTHOP	 Costo
1011	1013	2.235106691106342
1000	1013	6.535501003477833
1010	1014	2.718253280195104
1008	1013	3.751680319560021
1007	1013	4.099657905049748
1006	1013	4.447635490539474
1005	1013	4.795613076029201
1004	1013	5.143590661518928
1014	1014	0.8002330416965865
1003	1013	5.491568247008654
1013	1013	1.0582094744126986
1002	1013	5.839545832498381
1012	1013	1.7074790209448545
1001	1013	6.187523417988107
1009	1014	3.493703886843909
=========================

Tempo:465018.03466666664
Destinazione	 NEXTHOP	 Costo
1011	1014	2.166189520993192
1000	1014	6.464175055535161
1010	1014	2.6934708451473224
1008	1014	3.658615711628627
1007	1014	4.019889430028331
1006	1014	4.376309542596803
1005	1014	4.72428712808653
1004	1014	5.072264713576256
1014	1014	0.6038711480816
1003	1014	5.420242299065983
1013	1013	1.0582094744126986
1002	1014	5.768219884555709
1012	1013	1.7074790209448545
1001	1014	6.116197470045435
1009	1014	3.2973419932289225
=========================

Tempo:470018.03466666664
Destinazione	 NEXTHOP	 Costo
1011	1014	2.166189520993192
1000	1013	6.440667866337253
1010	1014	2.6934708451473224
1008	1013	3.6568471824194413
1007	1013	4.004824767909168
1006	1013	4.352802353398895
1005	1013	4.700779938888621
1004	1013	5.048757524378348
1014	1014	0.6038711480816
1003	1013	5.396735109868074
1013	1013	0.9633763372721189
1002	1013	5.7447126953578005
1012	1013	1.7074790209448545
1001	1013	6.092690280847527
1009	1014	3.2973419932289225
=========================

Tempo:470018.03466666664
Destinazione	 NEXTHOP	 Costo
1011	1014	1.8667731710930544
1000	1014	6.309516309927936
1010	1014	2.6934708451473224
1008	1014	3.503956966021402
1007	1014	3.8652306844211064
1006	1014	4.221650796989579
1005	1014	4.569628382479305
1004	1014	4.917605967969031
1014	1014	0.4492124024743753
1003	1014	5.265583553458757
1013	1013	0.9633763372721189
1002	1014	5.613561138948484
1012	1013	1.7074790209448545
1001	1014	5.96153872443821
1009	1014	3.1426832476216977
=========================

Tempo:475018.03466666664
Destinazione	 NEXTHOP	 Costo
1011	1014	1.8667731710930544
1000	1014	6.309516309927936
1010	1014	2.6934708451473224
1008	1014	3.503956966021402
1007	1014	3.8652306844211064
1006	1014	4.221650796989579
1005	1014	4.569628382479305
1004	1014	4.917605967969031
1014	1014	0.4492124024743753
1003	1014	5.265583553458757
1013	1013	1.081860867232073
1002	1014	5.613561138948484
1012	1013	1.7074790209448545
1001	1014	5.96153872443821
1009	1014	3.1426832476216977
=========================

Tempo:475018.03466666664
Destinazione	 NEXTHOP	 Costo
1011	1014	1.8667731710930544
1000	1014	6.221577625853265
1010	1014	2.6934708451473224
1008	1014	3.416018281946731
1007	1014	3.7772920003464354
1006	1014	4.133712112914907
1005	1014	4.481689698404634
1004	1014	4.82966728389436
1014	1014	0.36127371839970424
1003	1014	5.177644869384086
1013	1014	0.7974911017521089
1002	1014	5.525622454873813
1012	1013	1.7074790209448545
1001	1014	5.873600040363539
1009	1014	3.0547445635470267
=========================

Tempo:480018.03466666664
Destinazione	 NEXTHOP	 Costo
1011	1014	1.8667731710930544
1000	1014	6.221577625853265
1010	1014	2.6934708451473224
1008	1014	3.416018281946731
1007	1014	3.7772920003464354
1006	1014	4.133712112914907
1005	1014	4.481689698404634
1004	1014	4.82966728389436
1014	1014	0.36127371839970424
1003	1014	5.177644869384086
1013	1014	0.7974911017521089
1002	1014	5.525622454873813
1012	1013	1.7074790209448545
1001	1014	5.873600040363539
1009	1014	3.0547445635470267
=========================

Tempo:480018.03466666664
Destinazione	 NEXTHOP	 Costo
1011	1014	1.8667731710930544
1000	1014	6.221577625853265
1010	1014	2.6934708451473224
1008	1014	3.416018281946731
1007	1014	3.7772920003464354
1006	1014	4.133712112914907
1005	1014	4.481689698404634
1004	1014	4.82966728389436
1014	1014	0.36127371839970424
1003	1014	5.177644869384086
1013	1013	1.288027101658079
1002	1014	5.525622454873813
1012	1013	1.7074790209448545
1001	1014	5.873600040363539
1009	1014	3.0547445635470267
=========================

Tempo:480018.03466666664
Destinazione	 NEXTHOP	 Costo
1011	1014	1.8667731710930544
1000	1014	6.2082814929432875
1010	1014	2.6934708451473224
1008	1014	3.416018281946731
1007	1014	3.772438394515203
1006	1014	4.12041598000493
1005	1014	4.468393565494656
1004	1014	4.8163711509843825
1014	1014	0.3830123783884272
1003	1014	5.164348736474109
1013	1014	0.7309899638781537
1002	1014	5.512326321963835
1012	1014	1.556006706301545
1001	1014	5.860303907453561
1009	1014	3.0547445635470267
=========================

Tempo:480018.03466666664
Destinazione	 NEXTHOP	 Costo
1011	1014	1.8667731710930544
1000	1014	6.2082814929432875
1010	1014	2.6934708451473224
1008	1014	3.416018281946731
1007	1014	3.772438394515203
1006	1014	4.12041598000493
1005	1014	4.468393565494656
1016	1016	1.556087338635723
1004	1014	4.8163711509843825
1014	1014	0.3830123783884272
1003	1014	5.164348736474109
1013	1014	0.7309899638781537
1002	1014	5.512326321963835
1012	1014	1.556006706301545
1001	1014	5.860303907453561
1009	1014	3.0547445635470267
=========================

Tempo:485018.03466666664
Destinazione	 NEXTHOP	 Costo
1011	1011	2.0822093316722596
1000	1014	6.2082814929432875
1010	1014	2.6934708451473224
1008	1014	3.416018281946731
1007	1014	3.772438394515203
1006	1014	4.12041598000493
1005	1014	4.468393565494656
1016	1016	1.556087338635723
1004	1014	4.8163711509843825
1014	1014	0.3830123783884272
1003	1014	5.164348736474109
1013	1014	0.7309899638781537
1002	1014	5.512326321963835
1012	1014	1.556006706301545
1001	1014	5.860303907453561
1009	1014	3.0547445635470267
=========================

Tempo:485018.03466666664
Destinazione	 NEXTHOP	 Costo
1011	1011	2.0822093316722596
1000	1014	6.2082814929432875
1010	1014	2.6934708451473224
1008	1014	3.416018281946731
1007	1014	3.772438394515203
1006	1014	4.12041598000493
1005	1014	4.468393565494656
1016	1016	1.556087338635723
1004	1014	4.8163711509843825
1014	1014	0.3830123783884272
1003	1014	5.164348736474109
1013	1014	0.7309899638781537
1002	1014	5.512326321963835
1012	1014	1.556006706301545
1001	1014	5.860303907453561
1009	1014	3.0547445635470267
=========================

Tempo:485018.03466666664
Destinazione	 NEXTHOP	 Costo
1011	1011	2.0822093316722596
1000	1014	6.2082814929432875
1010	1014	2.6934708451473224
1008	1014	3.416018281946731
1007	1014	3.772438394515203
1006	1014	4.12041598000493
1005	1014	4.468393565494656
1016	1016	1.556087338635723
1004	1014	4.8163711509843825
1014	1014	0.3830123783884272
1003	1014	5.164348736474109
1013	1013	1.3713522949670665
1002	1014	5.512326321963835
1012	1014	1.556006706301545
1001	1014	5.860303907453561
1009	1014	3.0547445635470267
=========================

Tempo:485018.03466666664
Destinazione	 NEXTHOP	 Costo
1011	1011	2.0822093316722596
1000	1014	6.2082814929432875
1010	1014	2.6934708451473224
1008	1014	3.416018281946731
1007	1014	3.772438394515203
1006	1014	4.12041598000493
1005	1014	4.468393565494656
1016	1016	1.556087338635723
1004	1014	4.8163711509843825
1014	1014	0.5226998970374043
1003	1014	5.164348736474109
1013	1014	0.9475819423083578
1002	1014	5.512326321963835
1012	1014	1.4752096124698455
1001	1014	5.860303907453561
1009	1014	3.0547445635470267
=========================

Tempo:485018.03466666664
Destinazione	 NEXTHOP	 Costo
1011	1011	2.0822093316722596
1000	1014	6.2082814929432875
1010	1014	2.6934708451473224
1008	1014	3.416018281946731
1007	1014	3.772438394515203
1006	1014	4.12041598000493
1005	1014	4.468393565494656
1016	1016	1.5317054436816724
1004	1014	4.8163711509843825
1014	1014	0.5226998970374043
1003	1014	5.164348736474109
1013	1014	0.9475819423083578
1002	1014	5.512326321963835
1012	1014	1.4752096124698455
1001	1014	5.860303907453561
1009	1014	3.0547445635470267
=========================

Tempo:490018.03466666664
Destinazione	 NEXTHOP	 Costo
1011	1011	1.9180202384985172
1000	1014	6.2082814929432875
1010	1014	2.6934708451473224
1008	1014	3.416018281946731
1007	1014	3.772438394515203
1006	1014	4.12041598000493
1005	1014	4.468393565494656
1016	1016	1.5317054436816724
1004	1014	4.8163711509843825
1014	1014	0.5226998970374043
1003	1014	5.164348736474109
1013	1014	0.9475819423083578
1002	1014	5.512326321963835
1012	1014	1.4752096124698455
1001	1014	5.860303907453561
1009	1014	3.0547445635470267
=========================

Tempo:490018.03466666664
Destinazione	 NEXTHOP	 Costo
1011	1011	1.9180202384985172
1000	1014	6.2082814929432875
1010	1014	2.6934708451473224
1008	1014	3.416018281946731
1007	1014	3.772438394515203
1006	1014	4.12041598000493
1005	1014	4.468393565494656
1016	1016	1.5317054436816724
1004	1014	4.8163711509843825
1014	1014	0.5226998970374043
1003	1014	5.164348736474109
1013	1014	0.9475819423083578
1002	1014	5.512326321963835
1012	1012	1.8373882009739497
1001	1014	5.860303907453561
1009	1014	3.0547445635470267
=========================

Tempo:490018.03466666664
Destinazione	 NEXTHOP	 Costo
1011	1011	1.9180202384985172
1000	1014	6.2082814929432875
1010	1014	2.6934708451473224
1008	1014	3.416018281946731
1007	1014	3.772438394515203
1006	1014	4.12041598000493
1005	1014	4.468393565494656
1016	1016	1.5317054436816724
1004	1014	4.8163711509843825
1014	1014	0.5226998970374043
1003	1014	5.164348736474109
1013	1013	1.4253612873132613
1002	1014	5.512326321963835
1012	1013	1.8262531558556856
1001	1014	5.860303907453561
1009	1014	3.0547445635470267
=========================

Tempo:490018.03466666664
Destinazione	 NEXTHOP	 Costo
1011	1011	1.9180202384985172
1000	1014	6.2082814929432875
1010	1014	2.6934708451473224
1008	1014	3.416018281946731
1007	1014	3.772438394515203
1006	1014	4.12041598000493
1005	1014	4.468393565494656
1016	1016	1.5317054436816724
1004	1014	4.8163711509843825
1014	1014	0.7824262397962366
1003	1014	5.164348736474109
1013	1013	1.4253612873132613
1002	1014	5.512326321963835
1012	1013	1.8262531558556856
1001	1014	5.860303907453561
1009	1014	3.0547445635470267
=========================

Tempo:490018.03466666664
Destinazione	 NEXTHOP	 Costo
1011	1011	1.9180202384985172
1000	1014	6.2082814929432875
1010	1014	2.6934708451473224
1008	1014	3.416018281946731
1007	1014	3.772438394515203
1006	1014	4.12041598000493
1005	1014	4.468393565494656
1016	1016	1.2960702601691556
1004	1014	4.8163711509843825
1014	1014	0.7824262397962366
1003	1014	5.164348736474109
1013	1013	1.4253612873132613
1002	1014	5.512326321963835
1012	1013	1.8262531558556856
1001	1014	5.860303907453561
1009	1014	3.0547445635470267
=========================

Tempo:495018.03466666664
Destinazione	 NEXTHOP	 Costo
1011	1011	2.0895996970657222
1000	1014	6.2082814929432875
1010	1014	2.6934708451473224
1008	1014	3.416018281946731
1007	1014	3.772438394515203
1006	1014	4.12041598000493
1005	1014	4.468393565494656
1016	1016	1.2960702601691556
1004	1014	4.8163711509843825
1014	1014	0.7824262397962366
1003	1014	5.164348736474109
1013	1013	1.4253612873132613
1002	1014	5.512326321963835
1012	1013	1.8262531558556856
1001	1014	5.860303907453561
1009	1014	3.0547445635470267
=========================

Tempo:495018.03466666664
Destinazione	 NEXTHOP	 Costo
1011	1011	2.0895996970657222
1000	1014	6.2082814929432875
1010	1014	2.6934708451473224
1008	1014	3.416018281946731
1007	1014	3.772438394515203
1006	1014	4.12041598000493
1005	1014	4.468393565494656
1016	1016	1.2960702601691556
1004	1014	4.8163711509843825
1014	1014	0.7824262397962366
1003	1014	5.164348736474109
1013	1013	1.4253612873132613
1002	1014	5.512326321963835
1012	1012	1.5623183729115917
1001	1014	5.860303907453561
1009	1014	3.0547445635470267
=========================

Tempo:495018.03466666664
Destinazione	 NEXTHOP	 Costo
1011	1011	2.0895996970657222
1000	1014	6.2082814929432875
1010	1014	2.6934708451473224
1008	1014	3.416018281946731
1007	1014	3.772438394515203
1006	1014	4.12041598000493
1005	1014	4.468393565494656
1016	1016	1.2960702601691556
1004	1014	4.8163711509843825
1014	1014	0.7824262397962366
1003	1014	5.164348736474109
1013	1013	1.6814358422243425
1002	1014	5.512326321963835
1012	1012	1.5623183729115917
1001	1014	5.860303907453561
1009	1014	3.0547445635470267
=========================

Tempo:495018.03466666664
Destinazione	 NEXTHOP	 Costo
1011	1011	2.0895996970657222
1000	1014	6.2082814929432875
1010	1014	2.6934708451473224
1008	1014	3.416018281946731
1007	1014	3.772438394515203
1006	1014	4.12041598000493
1005	1014	4.468393565494656
1016	1016	1.2960702601691556
1004	1014	4.8163711509843825
1014	1014	0.8148812149100593
1003	1014	5.164348736474109
1013	1013	1.6814358422243425
1002	1014	5.512326321963835
1012	1012	1.5623183729115917
1001	1014	5.860303907453561
1009	1014	3.0547445635470267
=========================

Tempo:495018.03466666664
Destinazione	 NEXTHOP	 Costo
1011	1011	2.0895996970657222
1000	1014	6.2082814929432875
1010	1014	2.6934708451473224
1008	1014	3.416018281946731
1007	1014	3.772438394515203
1006	1014	4.12041598000493
1005	1014	4.468393565494656
1016	1016	0.847903482325085
1004	1014	4.8163711509843825
1014	1014	0.8148812149100593
1003	1014	5.164348736474109
1013	1013	1.6814358422243425
1002	1014	5.512326321963835
1012	1012	1.5623183729115917
1001	1014	5.860303907453561
1009	1014	3.0547445635470267
=========================

Tempo:500018.03466666664
Destinazione	 NEXTHOP	 Costo
1000	1014	6.2082814929432875
1010	1014	2.6934708451473224
1008	1014	3.416018281946731
1007	1014	3.772438394515203
1006	1014	4.12041598000493
1005	1014	4.468393565494656
1016	1016	0.847903482325085
1004	1014	4.8163711509843825
1014	1014	0.8148812149100593
1003	1014	5.164348736474109
1013	1013	1.6814358422243425
1002	1014	5.512326321963835
1012	1012	1.5623183729115917
1001	1014	5.860303907453561
1009	1014	3.0547445635470267
=========================

Tempo:500018.03466666664
Destinazione	 NEXTHOP	 Costo
1000	1014	6.2082814929432875
1011	1012	3.0600607702078335
1010	1014	2.6934708451473224
1008	1014	3.416018281946731
1007	1014	3.772438394515203
1006	1014	4.12041598000493
1005	1014	4.468393565494656
1016	1016	0.847903482325085
1004	1014	4.8163711509843825
1014	1014	0.8148812149100593
1003	1014	5.164348736474109
1013	1013	1.6814358422243425
1002	1014	5.512326321963835
1012	1012	1.417560768618679
1001	1014	5.860303907453561
1009	1014	3.0547445635470267
=========================

Tempo:500018.03466666664
Destinazione	 NEXTHOP	 Costo
1000	1014	6.2082814929432875
1011	1012	3.0600607702078335
1010	1014	2.6934708451473224
1008	1014	3.416018281946731
1007	1014	3.772438394515203
1006	1014	4.12041598000493
1005	1014	4.468393565494656
1016	1016	0.847903482325085
1004	1014	4.8163711509843825
1014	1014	0.8148812149100593
1003	1014	5.164348736474109
1013	1013	1.927195395331645
1002	1014	5.512326321963835
1012	1012	1.417560768618679
1001	1014	5.860303907453561
1009	1014	3.0547445635470267
=========================

Tempo:500018.03466666664
Destinazione	 NEXTHOP	 Costo
1000	1014	6.2082814929432875
1011	1012	3.0600607702078335
1010	1014	2.6934708451473224
1008	1014	3.416018281946731
1007	1014	3.772438394515203
1006	1014	4.12041598000493
1005	1014	4.468393565494656
1016	1016	0.847903482325085
1004	1014	4.8163711509843825
1014	1014	0.6768971255781955
1003	1014	5.164348736474109
1013	1013	1.927195395331645
1002	1014	5.512326321963835
1012	1012	1.417560768618679
1001	1014	5.860303907453561
1009	1014	3.0547445635470267
=========================

Tempo:500018.03466666664
Destinazione	 NEXTHOP	 Costo
1000	1014	6.2082814929432875
1011	1012	3.0600607702078335
1010	1014	2.6934708451473224
1008	1014	3.416018281946731
1007	1014	3.772438394515203
1006	1014	4.12041598000493
1005	1014	4.468393565494656
1016	1016	0.5402561086415951
1004	1014	4.8163711509843825
1014	1014	0.6768971255781955
1003	1014	5.164348736474109
1013	1013	1.927195395331645
1002	1014	5.512326321963835
1012	1012	1.417560768618679
1001	1014	5.860303907453561
1009	1014	3.0547445635470267
=========================

Tempo:505018.03466666664
Destinazione	 NEXTHOP	 Costo
1000	1014	6.2082814929432875
1011	1012	3.0600607702078335
1010	1014	2.6934708451473224
1008	1014	3.416018281946731
1007	1014	3.772438394515203
1006	1014	4.12041598000493
1005	1014	4.468393565494656
1016	1016	0.5402561086415951
1004	1014	4.8163711509843825
1014	1014	0.6768971255781955
1003	1014	5.164348736474109
1013	1013	1.927195395331645
1002	1014	5.512326321963835
1012	1012	1.5234330629436263
1001	1014	5.860303907453561
1009	1014	3.0547445635470267
=========================

Tempo:505018.03466666664
Destinazione	 NEXTHOP	 Costo
1000	1014	6.2082814929432875
1011	1012	3.0600607702078335
1010	1014	2.6934708451473224
1008	1014	3.416018281946731
1007	1014	3.772438394515203
1006	1014	4.12041598000493
1005	1014	4.468393565494656
1016	1016	0.5402561086415951
1004	1014	4.8163711509843825
1014	1014	0.6768971255781955
1003	1014	5.164348736474109
1013	1013	1.8426600574799419
1002	1014	5.512326321963835
1012	1012	1.5234330629436263
1001	1014	5.860303907453561
1009	1014	3.0547445635470267
=========================

Tempo:505018.03466666664
Destinazione	 NEXTHOP	 Costo
1000	1014	6.2082814929432875
1011	1014	3.028070062285659
1010	1014	2.6934708451473224
1008	1014	3.416018281946731
1007	1014	3.772438394515203
1006	1014	4.12041598000493
1005	1014	4.468393565494656
1016	1016	0.5402561086415951
1004	1014	4.8163711509843825
1014	1014	0.4362173833524047
1003	1014	5.164348736474109
1013	1014	1.674374071875544
1002	1014	5.512326321963835
1012	1012	1.5234330629436263
1001	1014	5.860303907453561
1009	1014	3.0547445635470267
=========================

Tempo:505018.03466666664
Destinazione	 NEXTHOP	 Costo
1000	1014	6.2082814929432875
1011	1014	3.028070062285659
1010	1014	2.6934708451473224
1008	1014	3.416018281946731
1007	1014	3.772438394515203
1006	1014	4.12041598000493
1005	1014	4.468393565494656
1016	1016	0.3834971632860247
1004	1014	4.8163711509843825
1014	1014	0.4362173833524047
1003	1014	5.164348736474109
1013	1014	1.674374071875544
1002	1014	5.512326321963835
1012	1012	1.5234330629436263
1001	1014	5.860303907453561
1009	1014	3.0547445635470267
=========================

Tempo:510018.03466666664
Destinazione	 NEXTHOP	 Costo
1000	1014	6.2082814929432875
1011	1014	3.028070062285659
1010	1014	2.6934708451473224
1008	1014	3.416018281946731
1007	1014	3.772438394515203
1006	1014	4.12041598000493
1005	1014	4.468393565494656
1016	1016	0.3834971632860247
1004	1014	4.8163711509843825
1014	1014	0.4362173833524047
1003	1014	5.164348736474109
1013	1014	1.674374071875544
1002	1014	5.512326321963835
1012	1012	2.029779150696812
1001	1014	5.860303907453561
1009	1014	3.0547445635470267
=========================

Tempo:510018.03466666664
Destinazione	 NEXTHOP	 Costo
1000	1014	6.2082814929432875
1011	1014	3.028070062285659
1010	1014	2.6934708451473224
1008	1014	3.416018281946731
1007	1014	3.772438394515203
1006	1014	4.12041598000493
1005	1014	4.468393565494656
1016	1016	0.3834971632860247
1004	1014	4.8163711509843825
1014	1014	0.4362173833524047
1003	1014	5.164348736474109
1013	1013	1.736845926500608
1002	1014	5.512326321963835
1012	1012	2.029779150696812
1001	1014	5.860303907453561
1009	1014	3.0547445635470267
=========================

Tempo:510018.03466666664
Destinazione	 NEXTHOP	 Costo
1000	1014	6.1732467000445865
1011	1014	2.939830264422981
1010	1014	2.6934708451473224
1008	1014	3.3894260161267757
1007	1014	3.7374036016165024
1006	1014	4.085381187106229
1005	1014	4.433358772595955
1016	1016	0.3834971632860247
1004	1014	4.781336358085682
1014	1014	0.3479775854897265
1003	1014	5.129313943575408
1013	1014	1.1729943279131179
1002	1014	5.477291529065134
1012	1012	2.029779150696812
1001	1014	5.82526911455486
1009	1014	3.041448430637049
=========================

Tempo:510018.03466666664
Destinazione	 NEXTHOP	 Costo
1000	1014	6.1732467000445865
1011	1014	2.939830264422981
1010	1014	2.6934708451473224
1008	1014	3.3894260161267757
1007	1014	3.7374036016165024
1006	1014	4.085381187106229
1005	1014	4.433358772595955
1016	1016	0.38409770580337144
1004	1014	4.781336358085682
1014	1014	0.3479775854897265
1003	1014	5.129313943575408
1013	1014	1.1729943279131179
1002	1014	5.477291529065134
1012	1012	2.029779150696812
1001	1014	5.82526911455486
1009	1014	3.041448430637049
=========================

Tempo:510018.03466666664
Destinazione	 NEXTHOP	 Costo
1000	1014	6.1732467000445865
1011	1014	2.939830264422981
1010	1014	2.6934708451473224
1008	1014	3.3894260161267757
1007	1014	3.7374036016165024
1006	1014	4.085381187106229
1005	1014	4.433358772595955
1016	1016	0.38409770580337144
1004	1014	4.781336358085682
1014	1014	0.3479775854897265
1003	1014	5.129313943575408
1013	1014	1.1729943279131179
1002	1014	5.477291529065134
1012	1012	2.029779150696812
1001	1014	5.82526911455486
1009	1014	3.041448430637049
=========================

Tempo:515018.03466666664
Destinazione	 NEXTHOP	 Costo
1000	1014	6.1732467000445865
1011	1014	2.939830264422981
1010	1014	2.6934708451473224
1008	1014	3.3894260161267757
1007	1014	3.7374036016165024
1006	1014	4.085381187106229
1005	1014	4.433358772595955
1016	1016	0.38409770580337144
1004	1014	4.781336358085682
1014	1014	0.3479775854897265
1003	1014	5.129313943575408
1013	1014	1.1729943279131179
1002	1014	5.477291529065134
1001	1014	5.82526911455486
1009	1014	3.041448430637049
=========================

Tempo:515018.03466666664
Destinazione	 NEXTHOP	 Costo
1000	1014	6.1732467000445865
1011	1014	2.939830264422981
1010	1014	2.6934708451473224
1008	1014	3.3894260161267757
1007	1014	3.7374036016165024
1006	1014	4.085381187106229
1005	1014	4.433358772595955
1016	1016	0.38409770580337144
1004	1014	4.781336358085682
1014	1014	0.3479775854897265
1003	1014	5.129313943575408
1013	1013	1.669659117834646
1002	1014	5.477291529065134
1001	1014	5.82526911455486
1012	1013	3.3090020813354593
1009	1014	3.041448430637049
=========================

Tempo:515018.03466666664
Destinazione	 NEXTHOP	 Costo
1000	1014	6.1732467000445865
1011	1014	2.939830264422981
1010	1014	2.6934708451473224
1008	1014	3.3894260161267757
1007	1014	3.7374036016165024
1006	1014	4.085381187106229
1005	1014	4.433358772595955
1016	1016	0.38409770580337144
1004	1014	4.781336358085682
1014	1014	0.4248820452709536
1003	1014	5.129313943575408
1013	1014	0.9525097154324411
1002	1014	5.477291529065134
1001	1014	5.82526911455486
1012	1014	2.5918526789332543
1009	1014	3.041448430637049
=========================

Tempo:515018.03466666664
Destinazione	 NEXTHOP	 Costo
1000	1014	6.1732467000445865
1011	1014	2.939830264422981
1010	1014	2.6934708451473224
1008	1014	3.3894260161267757
1007	1014	3.7374036016165024
1006	1014	4.085381187106229
1017	1016	2.1155922138906242
1005	1014	4.433358772595955
1016	1016	0.5595048752549013
1004	1014	4.781336358085682
1014	1014	0.4248820452709536
1003	1014	5.129313943575408
1013	1014	0.9525097154324411
1002	1014	5.477291529065134
1001	1014	5.82526911455486
1012	1014	2.5918526789332543
1009	1014	3.041448430637049
=========================

Tempo:515018.03466666664
Destinazione	 NEXTHOP	 Costo
1000	1014	6.1732467000445865
1011	1014	2.939830264422981
1010	1014	2.6934708451473224
1008	1014	3.3894260161267757
1007	1014	3.7374036016165024
1006	1014	4.085381187106229
1017	1017	2.5818401504999966
1005	1014	4.433358772595955
1016	1016	0.5595048752549013
1004	1014	4.781336358085682
1014	1014	0.4248820452709536
1003	1014	5.129313943575408
1013	1014	0.9525097154324411
1002	1014	5.477291529065134
1001	1014	5.82526911455486
1012	1014	2.5918526789332543
1009	1014	3.041448430637049
=========================

Tempo:520018.03466666664
Destinazione	 NEXTHOP	 Costo
1000	1014	6.1732467000445865
1011	1014	2.939830264422981
1010	1014	2.6934708451473224
1008	1014	3.3894260161267757
1007	1014	3.7374036016165024
1006	1014	4.085381187106229
1017	1017	2.5818401504999966
1005	1014	4.433358772595955
1016	1016	0.5595048752549013
1004	1014	4.781336358085682
1014	1014	0.4248820452709536
1003	1014	5.129313943575408
1013	1013	1.813332677060013
1002	1014	5.477291529065134
1001	1014	5.82526911455486
1012	1014	2.5918526789332543
1009	1014	3.041448430637049
=========================

Tempo:520018.03466666664
Destinazione	 NEXTHOP	 Costo
1000	1014	6.1732467000445865
1011	1014	2.939830264422981
1010	1014	2.6934708451473224
1008	1014	3.3894260161267757
1007	1014	3.7374036016165024
1006	1014	4.085381187106229
1017	1017	2.5818401504999966
1005	1014	4.433358772595955
1016	1016	0.5595048752549013
1004	1014	4.781336358085682
1014	1014	0.6645287301434523
1003	1014	5.129313943575408
1013	1014	1.0654205986858765
1002	1014	5.477291529065134
1001	1014	5.82526911455486
1012	1014	2.5918526789332543
1009	1014	3.041448430637049
=========================

Tempo:520018.03466666664
Destinazione	 NEXTHOP	 Costo
1000	1014	6.1732467000445865
1011	1014	2.939830264422981
1010	1014	2.6934708451473224
1008	1014	3.3894260161267757
1007	1014	3.7374036016165024
1006	1014	4.085381187106229
1017	1016	2.4221804022695457
1005	1014	4.433358772595955
1016	1016	0.8904749585878734
1004	1014	4.781336358085682
1014	1014	0.6645287301434523
1003	1014	5.129313943575408
1013	1014	1.0654205986858765
1002	1014	5.477291529065134
1001	1014	5.82526911455486
1012	1014	2.5918526789332543
1009	1014	3.041448430637049
=========================

Tempo:520018.03466666664
Destinazione	 NEXTHOP	 Costo
1000	1014	6.1732467000445865
1011	1014	2.939830264422981
1010	1014	2.6934708451473224
1008	1014	3.3894260161267757
1007	1014	3.7374036016165024
1006	1014	4.085381187106229
1017	1017	2.352073971255906
1005	1014	4.433358772595955
1016	1016	0.8904749585878734
1004	1014	4.781336358085682
1014	1014	0.6645287301434523
1003	1014	5.129313943575408
1013	1014	1.0654205986858765
1002	1014	5.477291529065134
1001	1014	5.82526911455486
1012	1014	2.5918526789332543
1009	1014	3.041448430637049
=========================

Tempo:525018.0346666666
Destinazione	 NEXTHOP	 Costo
1000	1014	6.1732467000445865
1011	1014	2.939830264422981
1010	1014	2.6934708451473224
1008	1014	3.3894260161267757
1007	1014	3.7374036016165024
1006	1014	4.085381187106229
1017	1017	2.352073971255906
1005	1014	4.433358772595955
1016	1016	0.8904749585878734
1004	1014	4.781336358085682
1014	1014	0.6645287301434523
1003	1014	5.129313943575408
1013	1013	2.027180988673108
1002	1014	5.477291529065134
1001	1014	5.82526911455486
1012	1014	2.5918526789332543
1009	1014	3.041448430637049
=========================

Tempo:525018.0346666666
Destinazione	 NEXTHOP	 Costo
1000	1014	6.1732467000445865
1011	1014	2.939830264422981
1010	1014	2.6934708451473224
1008	1014	3.3894260161267757
1007	1014	3.7374036016165024
1006	1014	4.085381187106229
1017	1017	2.352073971255906
1005	1014	4.433358772595955
1016	1016	0.8904749585878734
1004	1014	4.781336358085682
1014	1014	1.0352777542246665
1003	1014	5.129313943575408
1013	1014	1.4866635426967885
1002	1014	5.477291529065134
1001	1014	5.82526911455486
1012	1014	2.5918526789332543
1009	1014	3.041448430637049
=========================

Tempo:525018.0346666666
Destinazione	 NEXTHOP	 Costo
1000	1014	6.1732467000445865
1011	1014	2.939830264422981
1010	1014	2.6934708451473224
1008	1014	3.3894260161267757
1007	1014	3.7374036016165024
1006	1014	4.085381187106229
1017	1016	2.254082495333356
1005	1014	4.433358772595955
1016	1016	0.9580122351642002
1004	1014	4.781336358085682
1014	1014	1.0352777542246665
1003	1014	5.129313943575408
1013	1014	1.4866635426967885
1002	1014	5.477291529065134
1001	1014	5.82526911455486
1012	1014	2.5918526789332543
1009	1014	3.041448430637049
=========================

Tempo:525018.0346666666
Destinazione	 NEXTHOP	 Costo
1000	1014	6.1732467000445865
1011	1014	2.939830264422981
1010	1014	2.6934708451473224
1008	1014	3.3894260161267757
1007	1014	3.7374036016165024
1006	1014	4.085381187106229
1017	1017	1.9299892428178058
1005	1014	4.433358772595955
1016	1016	0.9580122351642002
1004	1014	4.781336358085682
1014	1014	1.0352777542246665
1003	1014	5.129313943575408
1013	1014	1.4866635426967885
1002	1014	5.477291529065134
1001	1014	5.82526911455486
1012	1014	2.5918526789332543
1009	1014	3.041448430637049
=========================

Tempo:530018.0346666666
Destinazione	 NEXTHOP	 Costo
1000	1014	6.1732467000445865
1011	1014	2.939830264422981
1010	1014	2.6934708451473224
1008	1014	3.3894260161267757
1007	1014	3.7374036016165024
1006	1014	4.085381187106229
1017	1017	1.9299892428178058
1005	1014	4.433358772595955
1016	1016	0.9580122351642002
1004	1014	4.781336358085682
1014	1014	1.0352777542246665
1003	1014	5.129313943575408
1013	1013	2.2682600940291002
1002	1014	5.477291529065134
1001	1014	5.82526911455486
1012	1014	2.5918526789332543
1009	1014	3.041448430637049
=========================

Tempo:530018.0346666666
Destinazione	 NEXTHOP	 Costo
1000	1014	6.1732467000445865
1011	1014	2.939830264422981
1010	1014	2.6934708451473224
1008	1014	3.3894260161267757
1007	1014	3.7374036016165024
1006	1014	4.085381187106229
1017	1017	1.9299892428178058
1005	1014	4.433358772595955
1016	1016	0.9580122351642002
1004	1014	4.781336358085682
1014	1014	1.4738583987361746
1003	1014	5.129313943575408
1013	1014	2.159664963205673
1002	1014	5.477291529065134
1001	1014	5.82526911455486
1012	1014	2.5918526789332543
1009	1014	3.041448430637049
=========================

Tempo:530018.0346666666
Destinazione	 NEXTHOP	 Costo
1000	1014	6.1732467000445865
1011	1014	2.939830264422981
1010	1014	2.6934708451473224
1008	1014	3.3894260161267757
1007	1014	3.7374036016165024
1006	1014	4.085381187106229
1017	1016	1.630458156375986
1005	1014	4.433358772595955
1016	1016	0.7825546740509008
1004	1014	4.781336358085682
1014	1014	1.4738583987361746
1003	1014	5.129313943575408
1013	1014	2.159664963205673
1002	1014	5.477291529065134
1001	1014	5.82526911455486
1012	1014	2.5918526789332543
1009	1014	3.041448430637049
=========================

Tempo:530018.0346666666
Destinazione	 NEXTHOP	 Costo
1000	1014	6.1732467000445865
1011	1014	2.939830264422981
1010	1014	2.6934708451473224
1008	1014	3.3894260161267757
1007	1014	3.7374036016165024
1006	1014	4.085381187106229
1017	1017	1.5288923519274802
1005	1014	4.433358772595955
1016	1016	0.7825546740509008
1004	1014	4.781336358085682
1014	1014	1.4738583987361746
1003	1014	5.129313943575408
1013	1014	2.159664963205673
1002	1014	5.477291529065134
1001	1014	5.82526911455486
1012	1014	2.5918526789332543
1009	1014	3.041448430637049
=========================

Tempo:535018.0346666666
Destinazione	 NEXTHOP	 Costo
1000	1014	6.1732467000445865
1011	1014	2.939830264422981
1010	1014	2.6934708451473224
1008	1014	3.3894260161267757
1007	1014	3.7374036016165024
1006	1014	4.085381187106229
1017	1017	1.5288923519274802
1005	1014	4.433358772595955
1016	1016	0.7825546740509008
1004	1014	4.781336358085682
1014	1014	1.4738583987361746
1003	1014	5.129313943575408
1013	1013	2.200434093013356
1002	1014	5.477291529065134
1001	1014	5.82526911455486
1012	1014	2.5918526789332543
1009	1014	3.041448430637049
=========================

Tempo:535018.0346666666
Destinazione	 NEXTHOP	 Costo
1000	1014	6.1732467000445865
1011	1014	2.939830264422981
1010	1014	2.6934708451473224
1008	1014	3.3894260161267757
1007	1014	3.7374036016165024
1006	1014	4.085381187106229
1017	1017	1.5288923519274802
1005	1014	4.433358772595955
1016	1016	0.7825546740509008
1004	1014	4.781336358085682
1014	1014	1.2381566885231394
1003	1014	5.129313943575408
1013	1013	2.200434093013356
1002	1014	5.477291529065134
1001	1014	5.82526911455486
1012	1014	2.5918526789332543
1009	1014	3.041448430637049
=========================

Tempo:535018.0346666666
Destinazione	 NEXTHOP	 Costo
1000	1014	6.1732467000445865
1011	1014	2.939830264422981
1010	1014	2.6934708451473224
1008	1014	3.3894260161267757
1007	1014	3.7374036016165024
1006	1014	4.085381187106229
1017	1016	1.0234035370228696
1005	1014	4.433358772595955
1016	1016	0.4831474283812745
1004	1014	4.781336358085682
1014	1014	1.2381566885231394
1003	1014	5.129313943575408
1013	1016	2.006580491324901
1002	1014	5.477291529065134
1001	1014	5.82526911455486
1012	1014	2.5918526789332543
1009	1014	3.041448430637049
=========================

Tempo:535018.0346666666
Destinazione	 NEXTHOP	 Costo
1000	1014	6.1732467000445865
1011	1014	2.939830264422981
1010	1014	2.6934708451473224
1008	1014	3.3894260161267757
1007	1014	3.7374036016165024
1006	1014	4.085381187106229
1017	1017	1.4662671018256728
1005	1014	4.433358772595955
1016	1016	0.4831474283812745
1004	1014	4.781336358085682
1014	1014	1.2381566885231394
1003	1014	5.129313943575408
1013	1016	2.006580491324901
1002	1014	5.477291529065134
1001	1014	5.82526911455486
1012	1014	2.5918526789332543
1009	1014	3.041448430637049
=========================
