
Tempo:30018.034666666666
Destinazione	 NEXTHOP	 Costo
1012	1012	1.0
=========================

Tempo:30018.034666666666
Destinazione	 NEXTHOP	 Costo
1012	1012	1.0
=========================

Tempo:35018.03466666667
Destinazione	 NEXTHOP	 Costo
1012	1012	1.0
=========================

Tempo:40018.03466666667
Destinazione	 NEXTHOP	 Costo
1012	1012	0.9999999999999999
=========================

Tempo:45018.03466666667
Destinazione	 NEXTHOP	 Costo
1012	1012	1.0
=========================

Tempo:50018.03466666667
Destinazione	 NEXTHOP	 Costo
1012	1012	1.0
=========================

Tempo:30018.034666666666
Destinazione	 NEXTHOP	 Costo
1012	1012	1.0
=========================

Tempo:35018.03466666667
Destinazione	 NEXTHOP	 Costo
1012	1012	1.0
=========================

Tempo:390018.03466666664
Destinazione	 NEXTHOP	 Costo
=========================

Tempo:390018.03466666664
Destinazione	 NEXTHOP	 Costo
1011	1012	1.3830123783884272
1000	1012	6.164348736474109
1010	1012	1.7309899638781538
1008	1012	2.8667731710930546
1007	1012	3.6934708451473224
1006	1012	4.054744563547027
1005	1012	4.416018281946731
1004	1012	4.772438394515203
1003	1012	5.12041598000493
1002	1012	5.468393565494656
1012	1012	1.0
1001	1012	5.8163711509843825
1009	1012	2.5560067063015453
=========================

Tempo:395018.03466666664
Destinazione	 NEXTHOP	 Costo
1011	1011	1.2825969756739009
1000	1011	6.063933333759582
1010	1011	1.7074790209448545
1008	1012	2.8667731710930546
1007	1012	3.6934708451473224
1006	1011	3.976067820821223
1005	1011	4.32404540631095
1004	1011	4.672022991800676
1003	1011	5.0200005772904035
1002	1011	5.36797816278013
1012	1012	1.0
1001	1011	5.715955748269856
1009	1011	2.235106691106342
=========================

Tempo:395018.03466666664
Destinazione	 NEXTHOP	 Costo
1011	1011	1.2825969756739009
1000	1012	6.043981555384271
1010	1011	1.7074790209448545
1008	1012	2.8667731710930546
1007	1012	3.5731036640574843
1006	1012	3.934377382457188
1005	1012	4.295651100856893
1004	1012	4.652071213425365
1003	1012	5.000048798915092
1002	1012	5.348026384404818
1012	1012	0.8796328189101617
1001	1012	5.696003969894544
1009	1011	2.235106691106342
=========================

Tempo:400018.03466666664
Destinazione	 NEXTHOP	 Costo
1011	1011	1.1985807641241477
1000	1011	5.979917122209829
1010	1011	1.7074790209448545
1008	1012	2.8667731710930546
1007	1012	3.5731036640574843
1006	1011	3.89205160927147
1005	1011	4.240029194761197
1004	1011	4.5880067802509235
1003	1011	4.93598436574065
1002	1011	5.283961951230377
1012	1012	0.8796328189101617
1001	1011	5.631939536720103
1009	1011	2.235106691106342
=========================

Tempo:400018.03466666664
Destinazione	 NEXTHOP	 Costo
1011	1011	1.1985807641241477
1000	1012	5.964581778170695
1010	1011	1.7074790209448545
1008	1012	2.718253280195104
1007	1012	3.493703886843909
1006	1012	3.8549776052436133
1005	1012	4.216251323643317
1004	1012	4.572671436211789
1003	1012	4.920649021701516
1002	1012	5.268626607191242
1012	1012	0.8002330416965865
1001	1012	5.616604192680969
1009	1011	2.235106691106342
=========================

Tempo:405018.03466666664
Destinazione	 NEXTHOP	 Costo
1011	1011	1.0582094744126986
1000	1011	5.839545832498381
1010	1011	1.7074790209448545
1008	1012	2.718253280195104
1007	1012	3.493703886843909
1006	1011	3.751680319560021
1005	1011	4.099657905049748
1004	1011	4.447635490539474
1003	1011	4.795613076029201
1002	1011	5.143590661518928
1012	1012	0.8002330416965865
1001	1011	5.491568247008654
1009	1011	2.235106691106342
=========================

Tempo:405018.03466666664
Destinazione	 NEXTHOP	 Costo
1011	1011	1.0582094744126986
1000	1012	5.768219884555709
1010	1011	1.7074790209448545
1008	1012	2.6934708451473224
1007	1012	3.2973419932289225
1006	1012	3.658615711628627
1005	1012	4.019889430028331
1004	1012	4.376309542596803
1003	1012	4.72428712808653
1002	1012	5.072264713576256
1012	1012	0.6038711480816
1001	1012	5.420242299065983
1009	1012	2.166189520993192
=========================

Tempo:410018.03466666664
Destinazione	 NEXTHOP	 Costo
1011	1011	0.9633763372721189
1000	1011	5.7447126953578005
1010	1011	1.7074790209448545
1008	1012	2.6934708451473224
1007	1012	3.2973419932289225
1006	1011	3.6568471824194413
1005	1011	4.004824767909168
1004	1011	4.352802353398895
1003	1011	4.700779938888621
1002	1011	5.048757524378348
1012	1012	0.6038711480816
1001	1011	5.396735109868074
1009	1012	2.166189520993192
=========================

Tempo:410018.03466666664
Destinazione	 NEXTHOP	 Costo
1011	1011	0.9633763372721189
1000	1012	5.613561138948484
1010	1011	1.7074790209448545
1008	1012	2.6934708451473224
1007	1012	3.1426832476216977
1006	1012	3.503956966021402
1005	1012	3.8652306844211064
1004	1012	4.221650796989579
1003	1012	4.569628382479305
1002	1012	4.917605967969031
1012	1012	0.4492124024743753
1001	1012	5.265583553458757
1009	1012	1.8667731710930544
=========================

Tempo:415018.03466666664
Destinazione	 NEXTHOP	 Costo
1011	1011	1.081860867232073
1000	1012	5.613561138948484
1010	1011	1.7074790209448545
1008	1012	2.6934708451473224
1007	1012	3.1426832476216977
1006	1012	3.503956966021402
1005	1012	3.8652306844211064
1004	1012	4.221650796989579
1003	1012	4.569628382479305
1002	1012	4.917605967969031
1012	1012	0.4492124024743753
1001	1012	5.265583553458757
1009	1012	1.8667731710930544
=========================

Tempo:415018.03466666664
Destinazione	 NEXTHOP	 Costo
1011	1012	0.7974911017521089
1000	1012	5.525622454873813
1010	1011	1.7074790209448545
1008	1012	2.6934708451473224
1007	1012	3.0547445635470267
1006	1012	3.416018281946731
1005	1012	3.7772920003464354
1004	1012	4.133712112914907
1003	1012	4.481689698404634
1002	1012	4.82966728389436
1012	1012	0.36127371839970424
1001	1012	5.177644869384086
1009	1012	1.8667731710930544
=========================

Tempo:420018.03466666664
Destinazione	 NEXTHOP	 Costo
1011	1012	0.7974911017521089
1000	1012	5.525622454873813
1010	1011	1.7074790209448545
1008	1012	2.6934708451473224
1007	1012	3.0547445635470267
1006	1012	3.416018281946731
1005	1012	3.7772920003464354
1004	1012	4.133712112914907
1003	1012	4.481689698404634
1002	1012	4.82966728389436
1012	1012	0.36127371839970424
1001	1012	5.177644869384086
1009	1012	1.8667731710930544
=========================

Tempo:420018.03466666664
Destinazione	 NEXTHOP	 Costo
1011	1011	1.288027101658079
1000	1012	5.525622454873813
1010	1011	1.7074790209448545
1008	1012	2.6934708451473224
1007	1012	3.0547445635470267
1006	1012	3.416018281946731
1005	1012	3.7772920003464354
1004	1012	4.133712112914907
1003	1012	4.481689698404634
1002	1012	4.82966728389436
1012	1012	0.36127371839970424
1001	1012	5.177644869384086
1009	1012	1.8667731710930544
=========================

Tempo:420018.03466666664
Destinazione	 NEXTHOP	 Costo
1011	1012	0.7309899638781537
1000	1012	5.512326321963835
1010	1012	1.556006706301545
1008	1012	2.6934708451473224
1007	1012	3.0547445635470267
1006	1012	3.416018281946731
1005	1012	3.772438394515203
1004	1012	4.12041598000493
1003	1012	4.468393565494656
1002	1012	4.8163711509843825
1012	1012	0.3830123783884272
1001	1012	5.164348736474109
1009	1012	1.8667731710930544
=========================

Tempo:420018.03466666664
Destinazione	 NEXTHOP	 Costo
1011	1012	0.7309899638781537
1000	1012	5.512326321963835
1010	1012	1.556006706301545
1008	1012	2.6934708451473224
1007	1012	3.0547445635470267
1006	1012	3.416018281946731
1005	1012	3.772438394515203
1004	1012	4.12041598000493
1003	1012	4.468393565494656
1014	1014	1.556087338635723
1002	1012	4.8163711509843825
1012	1012	0.3830123783884272
1001	1012	5.164348736474109
1009	1012	1.8667731710930544
=========================

Tempo:425018.03466666664
Destinazione	 NEXTHOP	 Costo
1011	1012	0.7309899638781537
1000	1012	5.512326321963835
1010	1012	1.556006706301545
1008	1012	2.6934708451473224
1007	1012	3.0547445635470267
1006	1012	3.416018281946731
1005	1012	3.772438394515203
1004	1012	4.12041598000493
1003	1012	4.468393565494656
1014	1014	1.556087338635723
1002	1012	4.8163711509843825
1012	1012	0.3830123783884272
1001	1012	5.164348736474109
1009	1009	2.0822093316722596
=========================

Tempo:425018.03466666664
Destinazione	 NEXTHOP	 Costo
1011	1012	0.7309899638781537
1000	1012	5.512326321963835
1010	1012	1.556006706301545
1008	1012	2.6934708451473224
1007	1012	3.0547445635470267
1006	1012	3.416018281946731
1005	1012	3.772438394515203
1004	1012	4.12041598000493
1003	1012	4.468393565494656
1014	1014	1.556087338635723
1002	1012	4.8163711509843825
1012	1012	0.3830123783884272
1001	1012	5.164348736474109
1009	1009	2.0822093316722596
=========================

Tempo:425018.03466666664
Destinazione	 NEXTHOP	 Costo
1011	1011	1.3713522949670665
1000	1012	5.512326321963835
1010	1012	1.556006706301545
1008	1012	2.6934708451473224
1007	1012	3.0547445635470267
1006	1012	3.416018281946731
1005	1012	3.772438394515203
1004	1012	4.12041598000493
1003	1012	4.468393565494656
1014	1014	1.556087338635723
1002	1012	4.8163711509843825
1012	1012	0.3830123783884272
1001	1012	5.164348736474109
1009	1009	2.0822093316722596
=========================

Tempo:425018.03466666664
Destinazione	 NEXTHOP	 Costo
1011	1012	0.9475819423083578
1000	1012	5.512326321963835
1010	1012	1.4752096124698455
1008	1012	2.6934708451473224
1007	1012	3.0547445635470267
1006	1012	3.416018281946731
1005	1012	3.772438394515203
1004	1012	4.12041598000493
1003	1012	4.468393565494656
1014	1014	1.556087338635723
1002	1012	4.8163711509843825
1012	1012	0.5226998970374043
1001	1012	5.164348736474109
1009	1009	2.0822093316722596
=========================

Tempo:425018.03466666664
Destinazione	 NEXTHOP	 Costo
1011	1012	0.9475819423083578
1000	1012	5.512326321963835
1010	1012	1.4752096124698455
1008	1012	2.6934708451473224
1007	1012	3.0547445635470267
1006	1012	3.416018281946731
1005	1012	3.772438394515203
1004	1012	4.12041598000493
1003	1012	4.468393565494656
1014	1014	1.5317054436816724
1002	1012	4.8163711509843825
1012	1012	0.5226998970374043
1001	1012	5.164348736474109
1009	1009	2.0822093316722596
=========================

Tempo:430018.03466666664
Destinazione	 NEXTHOP	 Costo
1011	1012	0.9475819423083578
1000	1012	5.512326321963835
1010	1012	1.4752096124698455
1008	1012	2.6934708451473224
1007	1012	3.0547445635470267
1006	1012	3.416018281946731
1005	1012	3.772438394515203
1004	1012	4.12041598000493
1003	1012	4.468393565494656
1014	1014	1.5317054436816724
1002	1012	4.8163711509843825
1012	1012	0.5226998970374043
1001	1012	5.164348736474109
1009	1009	1.9180202384985172
=========================

Tempo:430018.03466666664
Destinazione	 NEXTHOP	 Costo
1011	1012	0.9475819423083578
1000	1012	5.512326321963835
1010	1010	1.8373882009739497
1008	1012	2.6934708451473224
1007	1012	3.0547445635470267
1006	1012	3.416018281946731
1005	1012	3.772438394515203
1004	1012	4.12041598000493
1003	1012	4.468393565494656
1014	1014	1.5317054436816724
1002	1012	4.8163711509843825
1012	1012	0.5226998970374043
1001	1012	5.164348736474109
1009	1009	1.9180202384985172
=========================

Tempo:430018.03466666664
Destinazione	 NEXTHOP	 Costo
1011	1011	1.4253612873132613
1000	1012	5.512326321963835
1010	1011	1.8262531558556856
1008	1012	2.6934708451473224
1007	1012	3.0547445635470267
1006	1012	3.416018281946731
1005	1012	3.772438394515203
1004	1012	4.12041598000493
1003	1012	4.468393565494656
1014	1014	1.5317054436816724
1002	1012	4.8163711509843825
1012	1012	0.5226998970374043
1001	1012	5.164348736474109
1009	1009	1.9180202384985172
=========================

Tempo:430018.03466666664
Destinazione	 NEXTHOP	 Costo
1011	1011	1.4253612873132613
1000	1012	5.512326321963835
1010	1011	1.8262531558556856
1008	1012	2.6934708451473224
1007	1012	3.0547445635470267
1006	1012	3.416018281946731
1005	1012	3.772438394515203
1004	1012	4.12041598000493
1003	1012	4.468393565494656
1014	1014	1.5317054436816724
1002	1012	4.8163711509843825
1012	1012	0.7824262397962366
1001	1012	5.164348736474109
1009	1009	1.9180202384985172
=========================

Tempo:430018.03466666664
Destinazione	 NEXTHOP	 Costo
1011	1011	1.4253612873132613
1000	1012	5.512326321963835
1010	1011	1.8262531558556856
1008	1012	2.6934708451473224
1007	1012	3.0547445635470267
1006	1012	3.416018281946731
1005	1012	3.772438394515203
1004	1012	4.12041598000493
1003	1012	4.468393565494656
1014	1014	1.2960702601691556
1002	1012	4.8163711509843825
1012	1012	0.7824262397962366
1001	1012	5.164348736474109
1009	1009	1.9180202384985172
=========================

Tempo:435018.03466666664
Destinazione	 NEXTHOP	 Costo
1011	1011	1.4253612873132613
1000	1012	5.512326321963835
1010	1011	1.8262531558556856
1008	1012	2.6934708451473224
1007	1012	3.0547445635470267
1006	1012	3.416018281946731
1005	1012	3.772438394515203
1004	1012	4.12041598000493
1003	1012	4.468393565494656
1014	1014	1.2960702601691556
1002	1012	4.8163711509843825
1012	1012	0.7824262397962366
1001	1012	5.164348736474109
1009	1009	2.0895996970657222
=========================

Tempo:435018.03466666664
Destinazione	 NEXTHOP	 Costo
1011	1011	1.4253612873132613
1000	1012	5.512326321963835
1010	1010	1.5623183729115917
1008	1012	2.6934708451473224
1007	1012	3.0547445635470267
1006	1012	3.416018281946731
1005	1012	3.772438394515203
1004	1012	4.12041598000493
1003	1012	4.468393565494656
1014	1014	1.2960702601691556
1002	1012	4.8163711509843825
1012	1012	0.7824262397962366
1001	1012	5.164348736474109
1009	1009	2.0895996970657222
=========================

Tempo:435018.03466666664
Destinazione	 NEXTHOP	 Costo
1011	1011	1.6814358422243425
1000	1012	5.512326321963835
1010	1010	1.5623183729115917
1008	1012	2.6934708451473224
1007	1012	3.0547445635470267
1006	1012	3.416018281946731
1005	1012	3.772438394515203
1004	1012	4.12041598000493
1003	1012	4.468393565494656
1014	1014	1.2960702601691556
1002	1012	4.8163711509843825
1012	1012	0.7824262397962366
1001	1012	5.164348736474109
1009	1009	2.0895996970657222
=========================

Tempo:435018.03466666664
Destinazione	 NEXTHOP	 Costo
1011	1011	1.6814358422243425
1000	1012	5.512326321963835
1010	1010	1.5623183729115917
1008	1012	2.6934708451473224
1007	1012	3.0547445635470267
1006	1012	3.416018281946731
1005	1012	3.772438394515203
1004	1012	4.12041598000493
1003	1012	4.468393565494656
1014	1014	1.2960702601691556
1002	1012	4.8163711509843825
1012	1012	0.8148812149100593
1001	1012	5.164348736474109
1009	1009	2.0895996970657222
=========================

Tempo:435018.03466666664
Destinazione	 NEXTHOP	 Costo
1011	1011	1.6814358422243425
1000	1012	5.512326321963835
1010	1010	1.5623183729115917
1008	1012	2.6934708451473224
1007	1012	3.0547445635470267
1006	1012	3.416018281946731
1005	1012	3.772438394515203
1004	1012	4.12041598000493
1003	1012	4.468393565494656
1014	1014	0.847903482325085
1002	1012	4.8163711509843825
1012	1012	0.8148812149100593
1001	1012	5.164348736474109
1009	1009	2.0895996970657222
=========================

Tempo:440018.03466666664
Destinazione	 NEXTHOP	 Costo
1011	1011	1.6814358422243425
1000	1012	5.512326321963835
1010	1010	1.5623183729115917
1008	1012	2.6934708451473224
1007	1012	3.0547445635470267
1006	1012	3.416018281946731
1005	1012	3.772438394515203
1004	1012	4.12041598000493
1003	1012	4.468393565494656
1014	1014	0.847903482325085
1002	1012	4.8163711509843825
1012	1012	0.8148812149100593
1001	1012	5.164348736474109
=========================

Tempo:440018.03466666664
Destinazione	 NEXTHOP	 Costo
1011	1011	1.6814358422243425
1000	1012	5.512326321963835
1010	1010	1.417560768618679
1008	1012	2.6934708451473224
1007	1012	3.0547445635470267
1006	1012	3.416018281946731
1005	1012	3.772438394515203
1004	1012	4.12041598000493
1003	1012	4.468393565494656
1014	1014	0.847903482325085
1002	1012	4.8163711509843825
1012	1012	0.8148812149100593
1001	1012	5.164348736474109
1009	1010	3.0600607702078335
=========================

Tempo:440018.03466666664
Destinazione	 NEXTHOP	 Costo
1011	1011	1.927195395331645
1000	1012	5.512326321963835
1010	1010	1.417560768618679
1008	1012	2.6934708451473224
1007	1012	3.0547445635470267
1006	1012	3.416018281946731
1005	1012	3.772438394515203
1004	1012	4.12041598000493
1003	1012	4.468393565494656
1014	1014	0.847903482325085
1002	1012	4.8163711509843825
1012	1012	0.8148812149100593
1001	1012	5.164348736474109
1009	1010	3.0600607702078335
=========================

Tempo:440018.03466666664
Destinazione	 NEXTHOP	 Costo
1011	1011	1.927195395331645
1000	1012	5.512326321963835
1010	1010	1.417560768618679
1008	1012	2.6934708451473224
1007	1012	3.0547445635470267
1006	1012	3.416018281946731
1005	1012	3.772438394515203
1004	1012	4.12041598000493
1003	1012	4.468393565494656
1014	1014	0.847903482325085
1002	1012	4.8163711509843825
1012	1012	0.6768971255781955
1001	1012	5.164348736474109
1009	1010	3.0600607702078335
=========================

Tempo:440018.03466666664
Destinazione	 NEXTHOP	 Costo
1011	1011	1.927195395331645
1000	1012	5.512326321963835
1010	1010	1.417560768618679
1008	1012	2.6934708451473224
1007	1012	3.0547445635470267
1006	1012	3.416018281946731
1005	1012	3.772438394515203
1004	1012	4.12041598000493
1003	1012	4.468393565494656
1014	1014	0.5402561086415951
1002	1012	4.8163711509843825
1012	1012	0.6768971255781955
1001	1012	5.164348736474109
1009	1010	3.0600607702078335
=========================

Tempo:445018.03466666664
Destinazione	 NEXTHOP	 Costo
1011	1011	1.927195395331645
1000	1012	5.512326321963835
1010	1010	1.5234330629436263
1008	1012	2.6934708451473224
1007	1012	3.0547445635470267
1006	1012	3.416018281946731
1005	1012	3.772438394515203
1004	1012	4.12041598000493
1003	1012	4.468393565494656
1014	1014	0.5402561086415951
1002	1012	4.8163711509843825
1012	1012	0.6768971255781955
1001	1012	5.164348736474109
1009	1010	3.0600607702078335
=========================

Tempo:445018.03466666664
Destinazione	 NEXTHOP	 Costo
1011	1011	1.8426600574799419
1000	1012	5.512326321963835
1010	1010	1.5234330629436263
1008	1012	2.6934708451473224
1007	1012	3.0547445635470267
1006	1012	3.416018281946731
1005	1012	3.772438394515203
1004	1012	4.12041598000493
1003	1012	4.468393565494656
1014	1014	0.5402561086415951
1002	1012	4.8163711509843825
1012	1012	0.6768971255781955
1001	1012	5.164348736474109
1009	1010	3.0600607702078335
=========================

Tempo:445018.03466666664
Destinazione	 NEXTHOP	 Costo
1011	1012	1.674374071875544
1000	1012	5.512326321963835
1010	1010	1.5234330629436263
1008	1012	2.6934708451473224
1007	1012	3.0547445635470267
1006	1012	3.416018281946731
1005	1012	3.772438394515203
1004	1012	4.12041598000493
1003	1012	4.468393565494656
1014	1014	0.5402561086415951
1002	1012	4.8163711509843825
1012	1012	0.4362173833524047
1001	1012	5.164348736474109
1009	1012	3.028070062285659
=========================

Tempo:445018.03466666664
Destinazione	 NEXTHOP	 Costo
1011	1012	1.674374071875544
1000	1012	5.512326321963835
1010	1010	1.5234330629436263
1008	1012	2.6934708451473224
1007	1012	3.0547445635470267
1006	1012	3.416018281946731
1005	1012	3.772438394515203
1004	1012	4.12041598000493
1003	1012	4.468393565494656
1014	1014	0.3834971632860247
1002	1012	4.8163711509843825
1012	1012	0.4362173833524047
1001	1012	5.164348736474109
1009	1012	3.028070062285659
=========================

Tempo:450018.03466666664
Destinazione	 NEXTHOP	 Costo
1011	1012	1.674374071875544
1000	1012	5.512326321963835
1010	1010	2.029779150696812
1008	1012	2.6934708451473224
1007	1012	3.0547445635470267
1006	1012	3.416018281946731
1005	1012	3.772438394515203
1004	1012	4.12041598000493
1003	1012	4.468393565494656
1014	1014	0.3834971632860247
1002	1012	4.8163711509843825
1012	1012	0.4362173833524047
1001	1012	5.164348736474109
1009	1012	3.028070062285659
=========================

Tempo:450018.03466666664
Destinazione	 NEXTHOP	 Costo
1011	1011	1.736845926500608
1000	1012	5.512326321963835
1010	1010	2.029779150696812
1008	1012	2.6934708451473224
1007	1012	3.0547445635470267
1006	1012	3.416018281946731
1005	1012	3.772438394515203
1004	1012	4.12041598000493
1003	1012	4.468393565494656
1014	1014	0.3834971632860247
1002	1012	4.8163711509843825
1012	1012	0.4362173833524047
1001	1012	5.164348736474109
1009	1012	3.028070062285659
=========================

Tempo:450018.03466666664
Destinazione	 NEXTHOP	 Costo
1011	1012	1.1729943279131179
1000	1012	5.477291529065134
1010	1010	2.029779150696812
1008	1012	2.6934708451473224
1007	1012	3.041448430637049
1006	1012	3.3894260161267757
1005	1012	3.7374036016165024
1004	1012	4.085381187106229
1003	1012	4.433358772595955
1014	1014	0.3834971632860247
1002	1012	4.781336358085682
1012	1012	0.3479775854897265
1001	1012	5.129313943575408
1009	1012	2.939830264422981
=========================

Tempo:450018.03466666664
Destinazione	 NEXTHOP	 Costo
1011	1012	1.1729943279131179
1000	1012	5.477291529065134
1010	1010	2.029779150696812
1008	1012	2.6934708451473224
1007	1012	3.041448430637049
1006	1012	3.3894260161267757
1005	1012	3.7374036016165024
1004	1012	4.085381187106229
1003	1012	4.433358772595955
1014	1014	0.38409770580337144
1002	1012	4.781336358085682
1012	1012	0.3479775854897265
1001	1012	5.129313943575408
1009	1012	2.939830264422981
=========================

Tempo:450018.03466666664
Destinazione	 NEXTHOP	 Costo
1011	1012	1.1729943279131179
1000	1012	5.477291529065134
1010	1010	2.029779150696812
1008	1012	2.6934708451473224
1007	1012	3.041448430637049
1006	1012	3.3894260161267757
1005	1012	3.7374036016165024
1004	1012	4.085381187106229
1003	1012	4.433358772595955
1014	1014	0.38409770580337144
1002	1012	4.781336358085682
1012	1012	0.3479775854897265
1001	1012	5.129313943575408
1009	1012	2.939830264422981
=========================

Tempo:455018.03466666664
Destinazione	 NEXTHOP	 Costo
1011	1012	1.1729943279131179
1000	1012	5.477291529065134
1008	1012	2.6934708451473224
1007	1012	3.041448430637049
1006	1012	3.3894260161267757
1005	1012	3.7374036016165024
1004	1012	4.085381187106229
1003	1012	4.433358772595955
1014	1014	0.38409770580337144
1002	1012	4.781336358085682
1012	1012	0.3479775854897265
1001	1012	5.129313943575408
1009	1012	2.939830264422981
=========================

Tempo:455018.03466666664
Destinazione	 NEXTHOP	 Costo
1011	1011	1.669659117834646
1000	1012	5.477291529065134
1010	1011	3.3090020813354593
1008	1012	2.6934708451473224
1007	1012	3.041448430637049
1006	1012	3.3894260161267757
1005	1012	3.7374036016165024
1004	1012	4.085381187106229
1003	1012	4.433358772595955
1014	1014	0.38409770580337144
1002	1012	4.781336358085682
1012	1012	0.3479775854897265
1001	1012	5.129313943575408
1009	1012	2.939830264422981
=========================

Tempo:455018.03466666664
Destinazione	 NEXTHOP	 Costo
1011	1012	0.9525097154324411
1000	1012	5.477291529065134
1010	1012	2.5918526789332543
1008	1012	2.6934708451473224
1007	1012	3.041448430637049
1006	1012	3.3894260161267757
1005	1012	3.7374036016165024
1004	1012	4.085381187106229
1003	1012	4.433358772595955
1014	1014	0.38409770580337144
1002	1012	4.781336358085682
1012	1012	0.4248820452709536
1001	1012	5.129313943575408
1009	1012	2.939830264422981
=========================

Tempo:455018.03466666664
Destinazione	 NEXTHOP	 Costo
1011	1012	0.9525097154324411
1000	1012	5.477291529065134
1010	1012	2.5918526789332543
1008	1012	2.6934708451473224
1007	1012	3.041448430637049
1006	1012	3.3894260161267757
1005	1012	3.7374036016165024
1004	1012	4.085381187106229
1015	1014	2.1155922138906242
1003	1012	4.433358772595955
1014	1014	0.5595048752549013
1002	1012	4.781336358085682
1012	1012	0.4248820452709536
1001	1012	5.129313943575408
1009	1012	2.939830264422981
=========================

Tempo:455018.03466666664
Destinazione	 NEXTHOP	 Costo
1011	1012	0.9525097154324411
1000	1012	5.477291529065134
1010	1012	2.5918526789332543
1008	1012	2.6934708451473224
1007	1012	3.041448430637049
1006	1012	3.3894260161267757
1005	1012	3.7374036016165024
1004	1012	4.085381187106229
1015	1015	2.5818401504999966
1003	1012	4.433358772595955
1014	1014	0.5595048752549013
1002	1012	4.781336358085682
1012	1012	0.4248820452709536
1001	1012	5.129313943575408
1009	1012	2.939830264422981
=========================

Tempo:460018.03466666664
Destinazione	 NEXTHOP	 Costo
1011	1011	1.813332677060013
1000	1012	5.477291529065134
1010	1012	2.5918526789332543
1008	1012	2.6934708451473224
1007	1012	3.041448430637049
1006	1012	3.3894260161267757
1005	1012	3.7374036016165024
1004	1012	4.085381187106229
1015	1015	2.5818401504999966
1003	1012	4.433358772595955
1014	1014	0.5595048752549013
1002	1012	4.781336358085682
1012	1012	0.4248820452709536
1001	1012	5.129313943575408
1009	1012	2.939830264422981
=========================

Tempo:460018.03466666664
Destinazione	 NEXTHOP	 Costo
1011	1012	1.0654205986858765
1000	1012	5.477291529065134
1010	1012	2.5918526789332543
1008	1012	2.6934708451473224
1007	1012	3.041448430637049
1006	1012	3.3894260161267757
1005	1012	3.7374036016165024
1004	1012	4.085381187106229
1015	1015	2.5818401504999966
1003	1012	4.433358772595955
1014	1014	0.5595048752549013
1002	1012	4.781336358085682
1012	1012	0.6645287301434523
1001	1012	5.129313943575408
1009	1012	2.939830264422981
=========================

Tempo:460018.03466666664
Destinazione	 NEXTHOP	 Costo
1011	1012	1.0654205986858765
1000	1012	5.477291529065134
1010	1012	2.5918526789332543
1008	1012	2.6934708451473224
1007	1012	3.041448430637049
1006	1012	3.3894260161267757
1005	1012	3.7374036016165024
1004	1012	4.085381187106229
1015	1014	2.4221804022695457
1003	1012	4.433358772595955
1014	1014	0.8904749585878734
1002	1012	4.781336358085682
1012	1012	0.6645287301434523
1001	1012	5.129313943575408
1009	1012	2.939830264422981
=========================

Tempo:460018.03466666664
Destinazione	 NEXTHOP	 Costo
1011	1012	1.0654205986858765
1000	1012	5.477291529065134
1010	1012	2.5918526789332543
1008	1012	2.6934708451473224
1007	1012	3.041448430637049
1006	1012	3.3894260161267757
1005	1012	3.7374036016165024
1004	1012	4.085381187106229
1015	1015	2.352073971255906
1003	1012	4.433358772595955
1014	1014	0.8904749585878734
1002	1012	4.781336358085682
1012	1012	0.6645287301434523
1001	1012	5.129313943575408
1009	1012	2.939830264422981
=========================

Tempo:465018.03466666664
Destinazione	 NEXTHOP	 Costo
1011	1011	2.027180988673108
1000	1012	5.477291529065134
1010	1012	2.5918526789332543
1008	1012	2.6934708451473224
1007	1012	3.041448430637049
1006	1012	3.3894260161267757
1005	1012	3.7374036016165024
1004	1012	4.085381187106229
1015	1015	2.352073971255906
1003	1012	4.433358772595955
1014	1014	0.8904749585878734
1002	1012	4.781336358085682
1012	1012	0.6645287301434523
1001	1012	5.129313943575408
1009	1012	2.939830264422981
=========================

Tempo:465018.03466666664
Destinazione	 NEXTHOP	 Costo
1011	1012	1.4866635426967885
1000	1012	5.477291529065134
1010	1012	2.5918526789332543
1008	1012	2.6934708451473224
1007	1012	3.041448430637049
1006	1012	3.3894260161267757
1005	1012	3.7374036016165024
1004	1012	4.085381187106229
1015	1015	2.352073971255906
1003	1012	4.433358772595955
1014	1014	0.8904749585878734
1002	1012	4.781336358085682
1012	1012	1.0352777542246665
1001	1012	5.129313943575408
1009	1012	2.939830264422981
=========================

Tempo:465018.03466666664
Destinazione	 NEXTHOP	 Costo
1011	1012	1.4866635426967885
1000	1012	5.477291529065134
1010	1012	2.5918526789332543
1008	1012	2.6934708451473224
1007	1012	3.041448430637049
1006	1012	3.3894260161267757
1005	1012	3.7374036016165024
1004	1012	4.085381187106229
1015	1014	2.254082495333356
1003	1012	4.433358772595955
1014	1014	0.9580122351642002
1002	1012	4.781336358085682
1012	1012	1.0352777542246665
1001	1012	5.129313943575408
1009	1012	2.939830264422981
=========================

Tempo:465018.03466666664
Destinazione	 NEXTHOP	 Costo
1011	1012	1.4866635426967885
1000	1012	5.477291529065134
1010	1012	2.5918526789332543
1008	1012	2.6934708451473224
1007	1012	3.041448430637049
1006	1012	3.3894260161267757
1005	1012	3.7374036016165024
1004	1012	4.085381187106229
1015	1015	1.9299892428178058
1003	1012	4.433358772595955
1014	1014	0.9580122351642002
1002	1012	4.781336358085682
1012	1012	1.0352777542246665
1001	1012	5.129313943575408
1009	1012	2.939830264422981
=========================

Tempo:470018.03466666664
Destinazione	 NEXTHOP	 Costo
1011	1011	2.2682600940291002
1000	1012	5.477291529065134
1010	1012	2.5918526789332543
1008	1012	2.6934708451473224
1007	1012	3.041448430637049
1006	1012	3.3894260161267757
1005	1012	3.7374036016165024
1004	1012	4.085381187106229
1015	1015	1.9299892428178058
1003	1012	4.433358772595955
1014	1014	0.9580122351642002
1002	1012	4.781336358085682
1012	1012	1.0352777542246665
1001	1012	5.129313943575408
1009	1012	2.939830264422981
=========================

Tempo:470018.03466666664
Destinazione	 NEXTHOP	 Costo
1011	1012	2.159664963205673
1000	1012	5.477291529065134
1010	1012	2.5918526789332543
1008	1012	2.6934708451473224
1007	1012	3.041448430637049
1006	1012	3.3894260161267757
1005	1012	3.7374036016165024
1004	1012	4.085381187106229
1015	1015	1.9299892428178058
1003	1012	4.433358772595955
1014	1014	0.9580122351642002
1002	1012	4.781336358085682
1012	1012	1.4738583987361746
1001	1012	5.129313943575408
1009	1012	2.939830264422981
=========================

Tempo:470018.03466666664
Destinazione	 NEXTHOP	 Costo
1011	1012	2.159664963205673
1000	1012	5.477291529065134
1010	1012	2.5918526789332543
1008	1012	2.6934708451473224
1007	1012	3.041448430637049
1006	1012	3.3894260161267757
1005	1012	3.7374036016165024
1004	1012	4.085381187106229
1015	1014	1.630458156375986
1003	1012	4.433358772595955
1014	1014	0.7825546740509008
1002	1012	4.781336358085682
1012	1012	1.4738583987361746
1001	1012	5.129313943575408
1009	1012	2.939830264422981
=========================

Tempo:470018.03466666664
Destinazione	 NEXTHOP	 Costo
1011	1012	2.159664963205673
1000	1012	5.477291529065134
1010	1012	2.5918526789332543
1008	1012	2.6934708451473224
1007	1012	3.041448430637049
1006	1012	3.3894260161267757
1005	1012	3.7374036016165024
1004	1012	4.085381187106229
1015	1015	1.5288923519274802
1003	1012	4.433358772595955
1014	1014	0.7825546740509008
1002	1012	4.781336358085682
1012	1012	1.4738583987361746
1001	1012	5.129313943575408
1009	1012	2.939830264422981
=========================

Tempo:475018.03466666664
Destinazione	 NEXTHOP	 Costo
1011	1011	2.200434093013356
1000	1012	5.477291529065134
1010	1012	2.5918526789332543
1008	1012	2.6934708451473224
1007	1012	3.041448430637049
1006	1012	3.3894260161267757
1005	1012	3.7374036016165024
1004	1012	4.085381187106229
1015	1015	1.5288923519274802
1003	1012	4.433358772595955
1014	1014	0.7825546740509008
1002	1012	4.781336358085682
1012	1012	1.4738583987361746
1001	1012	5.129313943575408
1009	1012	2.939830264422981
=========================

Tempo:475018.03466666664
Destinazione	 NEXTHOP	 Costo
1011	1011	2.200434093013356
1000	1012	5.477291529065134
1010	1012	2.5918526789332543
1008	1012	2.6934708451473224
1007	1012	3.041448430637049
1006	1012	3.3894260161267757
1005	1012	3.7374036016165024
1004	1012	4.085381187106229
1015	1015	1.5288923519274802
1003	1012	4.433358772595955
1014	1014	0.7825546740509008
1002	1012	4.781336358085682
1012	1012	1.2381566885231394
1001	1012	5.129313943575408
1009	1012	2.939830264422981
=========================

Tempo:475018.03466666664
Destinazione	 NEXTHOP	 Costo
1011	1014	2.006580491324901
1000	1012	5.477291529065134
1010	1012	2.5918526789332543
1008	1012	2.6934708451473224
1007	1012	3.041448430637049
1006	1012	3.3894260161267757
1005	1012	3.7374036016165024
1004	1012	4.085381187106229
1015	1014	1.0234035370228696
1003	1012	4.433358772595955
1014	1014	0.4831474283812745
1002	1012	4.781336358085682
1012	1012	1.2381566885231394
1001	1012	5.129313943575408
1009	1012	2.939830264422981
=========================

Tempo:475018.03466666664
Destinazione	 NEXTHOP	 Costo
1011	1014	2.006580491324901
1000	1012	5.477291529065134
1010	1012	2.5918526789332543
1008	1012	2.6934708451473224
1007	1012	3.041448430637049
1006	1012	3.3894260161267757
1005	1012	3.7374036016165024
1004	1012	4.085381187106229
1015	1015	1.4662671018256728
1003	1012	4.433358772595955
1014	1014	0.4831474283812745
1002	1012	4.781336358085682
1012	1012	1.2381566885231394
1001	1012	5.129313943575408
1009	1012	2.939830264422981
=========================

Tempo:480018.03466666664
Destinazione	 NEXTHOP	 Costo
1011	1011	2.2413437810294967
1000	1012	5.477291529065134
1010	1012	2.5918526789332543
1008	1012	2.6934708451473224
1007	1012	3.041448430637049
1006	1012	3.3894260161267757
1005	1012	3.7374036016165024
1004	1012	4.085381187106229
1015	1015	1.4662671018256728
1003	1012	4.433358772595955
1014	1014	0.4831474283812745
1002	1012	4.781336358085682
1012	1012	1.2381566885231394
1001	1012	5.129313943575408
1009	1012	2.939830264422981
=========================

Tempo:480018.03466666664
Destinazione	 NEXTHOP	 Costo
1011	1011	2.2413437810294967
1000	1012	5.477291529065134
1010	1012	2.5918526789332543
1008	1012	2.6934708451473224
1007	1012	3.041448430637049
1006	1012	3.3894260161267757
1005	1012	3.7374036016165024
1004	1012	4.085381187106229
1015	1015	1.4662671018256728
1003	1012	4.433358772595955
1014	1014	0.4831474283812745
1002	1012	4.781336358085682
1012	1012	0.8250167424233913
1001	1012	5.129313943575408
1009	1012	2.939830264422981
=========================

Tempo:480018.03466666664
Destinazione	 NEXTHOP	 Costo
1011	1011	2.2413437810294967
1000	1012	5.477291529065134
1010	1012	2.5918526789332543
1008	1012	2.6934708451473224
1007	1012	3.041448430637049
1006	1012	3.3894260161267757
1005	1012	3.7374036016165024
1004	1012	4.085381187106229
1015	1014	0.7483617839731613
1003	1012	4.433358772595955
1014	1014	0.3648646206871366
1002	1012	4.781336358085682
1012	1012	0.8250167424233913
1001	1012	5.129313943575408
1009	1012	2.939830264422981
=========================

Tempo:480018.03466666664
Destinazione	 NEXTHOP	 Costo
1011	1011	2.2413437810294967
1000	1012	5.477291529065134
1010	1012	2.5918526789332543
1008	1012	2.6934708451473224
1007	1012	3.041448430637049
1006	1012	3.3894260161267757
1005	1012	3.7374036016165024
1004	1012	4.085381187106229
1015	1015	1.4922282447247068
1003	1012	4.433358772595955
1014	1014	0.3648646206871366
1002	1012	4.781336358085682
1012	1012	0.8250167424233913
1001	1012	5.129313943575408
1009	1012	2.939830264422981
=========================

Tempo:485018.03466666664
Destinazione	 NEXTHOP	 Costo
1011	1011	2.5005361141553313
1000	1012	5.477291529065134
1010	1012	2.5918526789332543
1008	1012	2.6934708451473224
1007	1012	3.041448430637049
1006	1012	3.3894260161267757
1005	1012	3.7374036016165024
1004	1012	4.085381187106229
1015	1015	1.4922282447247068
1003	1012	4.433358772595955
1014	1014	0.3648646206871366
1002	1012	4.781336358085682
1012	1012	0.8250167424233913
1001	1012	5.129313943575408
1009	1012	2.939830264422981
=========================

Tempo:485018.03466666664
Destinazione	 NEXTHOP	 Costo
1011	1012	2.166970633662301
1000	1012	5.477291529065134
1010	1012	2.5688509505877515
1008	1012	2.6934708451473224
1007	1012	3.041448430637049
1006	1012	3.3894260161267757
1005	1012	3.7374036016165024
1004	1012	4.085381187106229
1015	1015	1.4922282447247068
1003	1012	4.433358772595955
1014	1014	0.3648646206871366
1002	1012	4.781336358085682
1012	1012	0.5276276701614876
1001	1012	5.129313943575408
1009	1012	2.939830264422981
=========================

Tempo:485018.03466666664
Destinazione	 NEXTHOP	 Costo
1011	1012	2.166970633662301
1000	1012	5.477291529065134
1010	1012	2.5688509505877515
1008	1012	2.6934708451473224
1007	1012	3.041448430637049
1006	1012	3.3894260161267757
1005	1012	3.7374036016165024
1004	1012	4.085381187106229
1015	1014	0.809736984615421
1003	1012	4.433358772595955
1014	1014	0.4256392788120495
1002	1012	4.781336358085682
1012	1012	0.5276276701614876
1001	1012	5.129313943575408
1009	1012	2.939830264422981
=========================

Tempo:485018.03466666664
Destinazione	 NEXTHOP	 Costo
1011	1012	2.166970633662301
1000	1012	5.477291529065134
1010	1012	2.5688509505877515
1008	1012	2.6934708451473224
1007	1012	3.041448430637049
1006	1012	3.3894260161267757
1005	1012	3.7374036016165024
1016	1015	3.0785898602458284
1004	1012	4.085381187106229
1015	1015	1.5225025216101051
1003	1012	4.433358772595955
1014	1014	0.4256392788120495
1002	1012	4.781336358085682
1012	1012	0.5276276701614876
1001	1012	5.129313943575408
1009	1012	2.939830264422981
=========================

Tempo:490018.03466666664
Destinazione	 NEXTHOP	 Costo
1011	1012	2.166970633662301
1000	1012	5.477291529065134
1010	1012	2.5688509505877515
1008	1012	2.6934708451473224
1007	1012	3.041448430637049
1006	1012	3.3894260161267757
1005	1012	3.7374036016165024
1016	1015	3.0785898602458284
1004	1012	4.085381187106229
1015	1015	1.5225025216101051
1003	1012	4.433358772595955
1014	1014	0.4256392788120495
1002	1012	4.781336358085682
1012	1012	0.5276276701614876
1001	1012	5.129313943575408
1009	1012	2.939830264422981
=========================

Tempo:490018.03466666664
Destinazione	 NEXTHOP	 Costo
1011	1012	2.041223280426264
1000	1012	5.477291529065134
1010	1012	2.4421151489686883
1008	1012	2.6934708451473224
1007	1012	3.041448430637049
1006	1012	3.3894260161267757
1005	1012	3.7374036016165024
1016	1015	3.0785898602458284
1004	1012	4.085381187106229
1015	1015	1.5225025216101051
1003	1012	4.433358772595955
1014	1014	0.4256392788120495
1002	1012	4.781336358085682
1012	1012	0.4008918685424242
1001	1012	5.129313943575408
1009	1012	2.8430070175111126
=========================

Tempo:490018.03466666664
Destinazione	 NEXTHOP	 Costo
1011	1012	2.041223280426264
1000	1012	5.477291529065134
1010	1012	2.4421151489686883
1008	1012	2.6934708451473224
1007	1012	3.041448430637049
1006	1012	3.3894260161267757
1005	1012	3.7374036016165024
1016	1015	3.0785898602458284
1004	1012	4.085381187106229
1015	1014	1.237383109318412
1003	1012	4.433358772595955
1014	1014	0.6778782340635107
1002	1012	4.781336358085682
1012	1012	0.4008918685424242
1001	1012	5.129313943575408
1009	1012	2.8430070175111126
=========================

Tempo:490018.03466666664
Destinazione	 NEXTHOP	 Costo
1011	1012	2.041223280426264
1000	1012	5.477291529065134
1010	1012	2.4421151489686883
1008	1012	2.6934708451473224
1007	1012	3.041448430637049
1006	1012	3.3894260161267757
1005	1012	3.7374036016165024
1016	1015	3.0785898602458284
1004	1012	4.085381187106229
1015	1015	1.6630338351116867
1003	1012	4.433358772595955
1014	1014	0.6778782340635107
1002	1012	4.781336358085682
1012	1012	0.4008918685424242
1001	1012	5.129313943575408
1009	1012	2.8430070175111126
=========================

Tempo:495018.03466666664
Destinazione	 NEXTHOP	 Costo
1011	1012	2.041223280426264
1000	1012	5.477291529065134
1010	1012	2.4421151489686883
1008	1012	2.6934708451473224
1007	1012	3.041448430637049
1006	1012	3.3894260161267757
1005	1012	3.7374036016165024
1016	1015	3.0785898602458284
1004	1012	4.085381187106229
1015	1015	1.6630338351116867
1003	1012	4.433358772595955
1014	1014	0.6778782340635107
1002	1012	4.781336358085682
1012	1012	0.4513857884721221
1001	1012	5.129313943575408
1009	1012	2.8430070175111126
=========================

Tempo:495018.03466666664
Destinazione	 NEXTHOP	 Costo
1011	1012	2.041223280426264
1000	1012	5.477291529065134
1010	1012	2.4421151489686883
1008	1012	2.6934708451473224
1007	1012	3.041448430637049
1006	1012	3.3894260161267757
1005	1012	3.7374036016165024
1016	1015	3.0785898602458284
1004	1012	4.085381187106229
1015	1015	1.6630338351116867
1003	1012	4.433358772595955
1014	1014	1.0894597206323018
1002	1012	4.781336358085682
1012	1012	0.4513857884721221
1001	1012	5.129313943575408
1009	1012	2.8430070175111126
=========================

Tempo:495018.03466666664
Destinazione	 NEXTHOP	 Costo
1011	1012	2.041223280426264
1000	1012	5.477291529065134
1010	1012	2.4421151489686883
1008	1012	2.6934708451473224
1007	1012	3.041448430637049
1006	1012	3.3894260161267757
1005	1012	3.7374036016165024
1016	1015	3.0785898602458284
1004	1012	4.085381187106229
1015	1015	2.0819058461460846
1003	1012	4.433358772595955
1014	1014	1.0894597206323018
1002	1012	4.781336358085682
1012	1012	0.4513857884721221
1001	1012	5.129313943575408
1009	1012	2.8430070175111126
=========================

Tempo:500018.03466666664
Destinazione	 NEXTHOP	 Costo
1011	1012	2.041223280426264
1000	1012	5.477291529065134
1010	1012	2.4421151489686883
1008	1012	2.6934708451473224
1007	1012	3.041448430637049
1006	1012	3.3894260161267757
1005	1012	3.7374036016165024
1016	1015	3.0785898602458284
1004	1012	4.085381187106229
1015	1015	2.0819058461460846
1003	1012	4.433358772595955
1014	1014	1.0894597206323018
1002	1012	4.781336358085682
1012	1012	0.685806564469498
1001	1012	5.129313943575408
1009	1012	2.8430070175111126
=========================

Tempo:500018.03466666664
Destinazione	 NEXTHOP	 Costo
1011	1012	2.041223280426264
1000	1012	5.477291529065134
1010	1012	2.4421151489686883
1008	1012	2.6934708451473224
1007	1012	3.041448430637049
1006	1012	3.3894260161267757
1005	1012	3.7374036016165024
1016	1015	3.0785898602458284
1004	1012	4.085381187106229
1015	1015	2.0819058461460846
1003	1012	4.433358772595955
1014	1014	1.5815287399519495
1002	1012	4.781336358085682
1012	1012	0.685806564469498
1001	1012	5.129313943575408
1009	1012	2.8430070175111126
=========================

Tempo:500018.03466666664
Destinazione	 NEXTHOP	 Costo
1011	1012	2.041223280426264
1000	1012	5.477291529065134
1010	1012	2.4421151489686883
1008	1012	2.6934708451473224
1007	1012	3.041448430637049
1006	1012	3.3894260161267757
1005	1012	3.7374036016165024
1016	1015	3.0785898602458284
1004	1012	4.085381187106229
1015	1015	2.398529047743253
1003	1012	4.433358772595955
1014	1014	1.5815287399519495
1002	1012	4.781336358085682
1012	1012	0.685806564469498
1001	1012	5.129313943575408
1009	1012	2.8430070175111126
=========================

Tempo:505018.03466666664
Destinazione	 NEXTHOP	 Costo
1011	1012	2.041223280426264
1000	1012	5.477291529065134
1010	1012	2.4421151489686883
1008	1012	2.6934708451473224
1007	1012	3.041448430637049
1006	1012	3.3894260161267757
1005	1012	3.7374036016165024
1016	1015	3.0785898602458284
1004	1012	4.085381187106229
1015	1015	2.398529047743253
1003	1012	4.433358772595955
1014	1014	1.5815287399519495
1002	1012	4.781336358085682
1012	1012	1.0739795440211573
1001	1012	5.129313943575408
1009	1012	2.8430070175111126
=========================

Tempo:505018.03466666664
Destinazione	 NEXTHOP	 Costo
1011	1012	2.041223280426264
1000	1012	5.477291529065134
1010	1012	2.4421151489686883
1008	1012	2.6934708451473224
1007	1012	3.041448430637049
1006	1012	3.3894260161267757
1005	1012	3.7374036016165024
1016	1014	2.860757195922311
1004	1012	4.085381187106229
1015	1014	2.1144195180457315
1003	1012	4.433358772595955
1014	1014	1.3318648439948306
1002	1012	4.781336358085682
1012	1012	1.0739795440211573
1001	1012	5.129313943575408
1009	1012	2.8430070175111126
=========================

Tempo:505018.03466666664
Destinazione	 NEXTHOP	 Costo
1011	1012	2.041223280426264
1000	1012	5.477291529065134
1010	1012	2.4421151489686883
1008	1012	2.6934708451473224
1007	1012	3.041448430637049
1006	1012	3.3894260161267757
1005	1012	3.7374036016165024
1016	1015	2.764777336252496
1004	1012	4.085381187106229
1015	1015	2.224521227610901
1003	1012	4.433358772595955
1014	1014	1.3318648439948306
1002	1012	4.781336358085682
1012	1012	1.0739795440211573
1001	1012	5.129313943575408
1009	1012	2.8430070175111126
=========================

Tempo:510018.03466666664
Destinazione	 NEXTHOP	 Costo
1011	1012	2.041223280426264
1000	1012	5.477291529065134
1010	1012	2.4421151489686883
1008	1012	2.6934708451473224
1007	1012	3.041448430637049
1006	1012	3.3894260161267757
1005	1012	3.7374036016165024
1016	1015	2.764777336252496
1004	1012	4.085381187106229
1015	1015	2.224521227610901
1003	1012	4.433358772595955
1014	1014	1.3318648439948306
1002	1012	4.781336358085682
1012	1012	1.545457048499447
1001	1012	5.129313943575408
1009	1012	2.8430070175111126
=========================

Tempo:510018.03466666664
Destinazione	 NEXTHOP	 Costo
1011	1012	2.041223280426264
1000	1012	5.477291529065134
1010	1012	2.4421151489686883
1008	1012	2.6934708451473224
1007	1012	3.041448430637049
1006	1012	3.3894260161267757
1005	1012	3.7374036016165024
1016	1014	2.33869953774391
1004	1012	4.085381187106229
1015	1014	1.3555798642995118
1003	1012	4.433358772595955
1014	1014	0.8724324359182374
1002	1012	4.781336358085682
1012	1012	1.545457048499447
1001	1012	5.129313943575408
1009	1012	2.8430070175111126
=========================

Tempo:510018.03466666664
Destinazione	 NEXTHOP	 Costo
1011	1012	2.041223280426264
1000	1012	5.477291529065134
1010	1012	2.4421151489686883
1008	1012	2.6934708451473224
1007	1012	3.041448430637049
1006	1012	3.3894260161267757
1005	1012	3.7374036016165024
1016	1014	2.33869953774391
1004	1012	4.085381187106229
1015	1015	1.9571366608451795
1003	1012	4.433358772595955
1014	1014	0.8724324359182374
1002	1012	4.781336358085682
1012	1012	1.545457048499447
1001	1012	5.129313943575408
1009	1012	2.8430070175111126
=========================

Tempo:515018.03466666664
Destinazione	 NEXTHOP	 Costo
1011	1012	2.041223280426264
1000	1012	5.477291529065134
1010	1012	2.4421151489686883
1008	1012	2.6934708451473224
1007	1012	3.041448430637049
1006	1012	3.3894260161267757
1005	1012	3.7374036016165024
1016	1014	2.33869953774391
1004	1012	4.085381187106229
1015	1015	1.9571366608451795
1003	1012	4.433358772595955
1014	1014	0.8724324359182374
1002	1012	4.781336358085682
1012	1012	1.6393429635008132
1001	1012	5.129313943575408
1009	1012	2.8430070175111126
=========================

Tempo:515018.03466666664
Destinazione	 NEXTHOP	 Costo
1011	1012	2.041223280426264
1000	1012	5.477291529065134
1010	1012	2.4421151489686883
1008	1012	2.6934708451473224
1007	1012	3.041448430637049
1006	1012	3.3894260161267757
1005	1012	3.7374036016165024
1016	1014	2.03459449737568
1004	1012	4.085381187106229
1015	1014	0.9072308733381098
1003	1012	4.433358772595955
1014	1014	0.5423662526509733
1002	1012	4.781336358085682
1012	1012	1.6393429635008132
1001	1012	5.129313943575408
1009	1012	2.8430070175111126
=========================

Tempo:515018.03466666664
Destinazione	 NEXTHOP	 Costo
1011	1012	2.041223280426264
1000	1012	5.477291529065134
1010	1012	2.4421151489686883
1008	1012	2.6934708451473224
1007	1012	3.041448430637049
1006	1012	3.3894260161267757
1005	1012	3.7374036016165024
1016	1014	2.03459449737568
1004	1012	4.085381187106229
1015	1015	1.733081486442804
1003	1012	4.433358772595955
1014	1014	0.5423662526509733
1002	1012	4.781336358085682
1012	1012	1.6393429635008132
1001	1012	5.129313943575408
1009	1012	2.8430070175111126
=========================

Tempo:515018.03466666664
Destinazione	 NEXTHOP	 Costo
1011	1012	2.041223280426264
1000	1012	5.477291529065134
1010	1012	2.4421151489686883
1008	1012	2.6934708451473224
1007	1012	3.041448430637049
1006	1012	3.3894260161267757
1005	1012	3.7374036016165024
1016	1014	2.03459449737568
1004	1012	4.085381187106229
1015	1015	1.733081486442804
1003	1012	4.433358772595955
1014	1014	0.5423662526509733
1002	1012	4.781336358085682
1012	1012	1.6393429635008132
1001	1012	5.129313943575408
1009	1012	2.8430070175111126
=========================

Tempo:520018.03466666664
Destinazione	 NEXTHOP	 Costo
1011	1012	2.041223280426264
1000	1012	5.477291529065134
1010	1012	2.4421151489686883
1008	1012	2.6934708451473224
1007	1012	3.041448430637049
1006	1012	3.3894260161267757
1017	1012	5.35660600985375
1005	1012	3.7374036016165024
1016	1014	2.03459449737568
1004	1012	4.085381187106229
1015	1015	1.733081486442804
1003	1012	4.433358772595955
1014	1014	0.5423662526509733
1002	1012	4.781336358085682
1012	1012	1.6403314118838397
1001	1012	5.129313943575408
1009	1012	2.8430070175111126
=========================

Tempo:520018.03466666664
Destinazione	 NEXTHOP	 Costo
1011	1012	2.041223280426264
1000	1012	5.477291529065134
1010	1012	2.4421151489686883
1008	1012	2.6934708451473224
1007	1012	3.041448430637049
1006	1012	3.3894260161267757
1017	1014	3.4785533983834744
1005	1012	3.7374036016165024
1016	1014	1.922466059747751
1004	1012	4.085381187106229
1015	1014	0.8256028169496954
1003	1012	4.433358772595955
1014	1014	0.3999635381376459
1002	1012	4.781336358085682
1012	1012	1.6403314118838397
1001	1012	5.129313943575408
1009	1012	2.8430070175111126
=========================

Tempo:520018.03466666664
Destinazione	 NEXTHOP	 Costo
1011	1012	2.041223280426264
1000	1012	5.477291529065134
1010	1012	2.4421151489686883
1008	1012	2.6934708451473224
1007	1012	3.041448430637049
1006	1012	3.3894260161267757
1017	1014	3.4785533983834744
1005	1012	3.7374036016165024
1016	1014	1.922466059747751
1004	1012	4.085381187106229
1015	1015	1.843970557286094
1003	1012	4.433358772595955
1014	1014	0.3999635381376459
1002	1012	4.781336358085682
1012	1012	1.6403314118838397
1001	1012	5.129313943575408
1009	1012	2.8430070175111126
=========================

Tempo:520018.03466666664
Destinazione	 NEXTHOP	 Costo
1011	1012	2.041223280426264
1000	1012	5.477291529065134
1010	1012	2.4421151489686883
1008	1012	2.6934708451473224
1007	1012	3.041448430637049
1006	1012	3.3894260161267757
1017	1014	3.4785533983834744
1005	1012	3.7374036016165024
1016	1016	2.081718364178026
1004	1012	4.085381187106229
1015	1015	1.843970557286094
1003	1012	4.433358772595955
1014	1014	0.3999635381376459
1002	1012	4.781336358085682
1012	1012	1.6403314118838397
1001	1012	5.129313943575408
1009	1012	2.8430070175111126
=========================

Tempo:525018.0346666666
Destinazione	 NEXTHOP	 Costo
1011	1012	2.041223280426264
1000	1012	5.477291529065134
1010	1012	2.4421151489686883
1008	1012	2.6934708451473224
1007	1012	3.041448430637049
1006	1012	3.3894260161267757
1017	1014	3.4785533983834744
1005	1012	3.7374036016165024
1016	1016	2.081718364178026
1004	1012	4.085381187106229
1015	1015	1.843970557286094
1003	1012	4.433358772595955
1014	1014	0.3999635381376459
1002	1012	4.781336358085682
1012	1012	1.643686866618403
1001	1012	5.129313943575408
1009	1012	2.8430070175111126
=========================

Tempo:525018.0346666666
Destinazione	 NEXTHOP	 Costo
1011	1012	2.041223280426264
1000	1012	5.477291529065134
1010	1012	2.4421151489686883
1008	1012	2.6934708451473224
1007	1012	3.041448430637049
1006	1012	3.3894260161267757
1017	1014	3.4785533983834744
1005	1012	3.7374036016165024
1016	1016	2.081718364178026
1004	1012	4.085381187106229
1015	1014	1.1193679114722737
1003	1012	4.433358772595955
1014	1014	0.44148967740876294
1002	1012	4.781336358085682
1012	1012	1.643686866618403
1001	1012	5.129313943575408
1009	1012	2.8430070175111126
=========================

Tempo:525018.0346666666
Destinazione	 NEXTHOP	 Costo
1011	1012	2.041223280426264
1000	1012	5.477291529065134
1010	1012	2.4421151489686883
1008	1012	2.6934708451473224
1007	1012	3.041448430637049
1006	1012	3.3894260161267757
1017	1014	3.4785533983834744
1005	1012	3.7374036016165024
1016	1016	2.081718364178026
1004	1012	4.085381187106229
1015	1015	2.0757404237344987
1003	1012	4.433358772595955
1014	1014	0.44148967740876294
1002	1012	4.781336358085682
1012	1012	1.643686866618403
1001	1012	5.129313943575408
1009	1012	2.8430070175111126
=========================

Tempo:525018.0346666666
Destinazione	 NEXTHOP	 Costo
1011	1012	2.041223280426264
1000	1012	5.477291529065134
1010	1012	2.4421151489686883
1008	1012	2.6934708451473224
1007	1012	3.041448430637049
1006	1012	3.3894260161267757
1017	1016	3.153553517396439
1005	1012	3.7374036016165024
1016	1016	1.8574832572272835
1004	1012	4.085381187106229
1015	1015	2.0757404237344987
1003	1012	4.433358772595955
1014	1014	0.44148967740876294
1002	1012	4.781336358085682
1012	1012	1.643686866618403
1001	1012	5.129313943575408
1009	1012	2.8430070175111126
=========================

Tempo:530018.0346666666
Destinazione	 NEXTHOP	 Costo
1011	1012	2.041223280426264
1000	1012	5.477291529065134
1010	1012	2.4421151489686883
1008	1012	2.6934708451473224
1007	1012	3.041448430637049
1006	1012	3.3894260161267757
1017	1016	3.153553517396439
1005	1012	3.7374036016165024
1016	1016	1.8574832572272835
1004	1012	4.085381187106229
1015	1015	2.0757404237344987
1003	1012	4.433358772595955
1014	1014	0.44148967740876294
1002	1012	4.781336358085682
1012	1012	1.6425000015891547
1001	1012	5.129313943575408
1009	1012	2.8430070175111126
=========================

Tempo:530018.0346666666
Destinazione	 NEXTHOP	 Costo
1011	1012	2.041223280426264
1000	1012	5.477291529065134
1010	1012	2.4421151489686883
1008	1012	2.6934708451473224
1007	1012	3.041448430637049
1006	1012	3.3894260161267757
1017	1016	3.153553517396439
1005	1012	3.7374036016165024
1016	1016	1.8574832572272835
1004	1012	4.085381187106229
1015	1014	1.7552844590515349
1003	1012	4.433358772595955
1014	1014	0.6658247384192331
1002	1012	4.781336358085682
1012	1012	1.6425000015891547
1001	1012	5.129313943575408
1009	1012	2.8430070175111126
=========================

Tempo:530018.0346666666
Destinazione	 NEXTHOP	 Costo
1011	1012	2.041223280426264
1000	1012	5.477291529065134
1010	1012	2.4421151489686883
1008	1012	2.6934708451473224
1007	1012	3.041448430637049
1006	1012	3.3894260161267757
1017	1016	3.153553517396439
1005	1012	3.7374036016165024
1016	1016	1.8574832572272835
1004	1012	4.085381187106229
1015	1015	2.346290832763184
1003	1012	4.433358772595955
1014	1014	0.6658247384192331
1002	1012	4.781336358085682
1012	1012	1.6425000015891547
1001	1012	5.129313943575408
1009	1012	2.8430070175111126
=========================

Tempo:530018.0346666666
Destinazione	 NEXTHOP	 Costo
1011	1012	2.041223280426264
1000	1012	5.477291529065134
1010	1012	2.4421151489686883
1008	1012	2.6934708451473224
1007	1012	3.041448430637049
1006	1012	3.3894260161267757
1017	1016	2.5368117485323096
1005	1012	3.7374036016165024
1016	1016	1.6889082662072248
1004	1012	4.085381187106229
1015	1015	2.346290832763184
1003	1012	4.433358772595955
1014	1014	0.6658247384192331
1002	1012	4.781336358085682
1012	1012	1.6425000015891547
1001	1012	5.129313943575408
1009	1012	2.8430070175111126
=========================

Tempo:535018.0346666666
Destinazione	 NEXTHOP	 Costo
1011	1012	2.041223280426264
1000	1012	5.477291529065134
1010	1012	2.4421151489686883
1008	1012	2.6934708451473224
1007	1012	3.041448430637049
1006	1012	3.3894260161267757
1017	1016	2.5368117485323096
1005	1012	3.7374036016165024
1016	1016	1.6889082662072248
1004	1012	4.085381187106229
1015	1015	2.346290832763184
1003	1012	4.433358772595955
1014	1014	0.6658247384192331
1002	1012	4.781336358085682
1012	1012	1.628129833165582
1001	1012	5.129313943575408
1009	1012	2.8430070175111126
=========================

Tempo:535018.0346666666
Destinazione	 NEXTHOP	 Costo
1011	1012	2.041223280426264
1000	1012	5.477291529065134
1010	1012	2.4421151489686883
1008	1012	2.6934708451473224
1007	1012	3.041448430637049
1006	1012	3.3894260161267757
1017	1016	2.5368117485323096
1005	1012	3.7374036016165024
1016	1016	1.6889082662072248
1004	1012	4.085381187106229
1015	1015	2.346290832763184
1003	1012	4.433358772595955
1014	1014	1.041583062293714
1002	1012	4.781336358085682
1012	1012	1.628129833165582
1001	1012	5.129313943575408
1009	1012	2.8430070175111126
=========================

Tempo:535018.0346666666
Destinazione	 NEXTHOP	 Costo
1011	1012	2.041223280426264
1000	1012	5.477291529065134
1010	1012	2.4421151489686883
1008	1012	2.6934708451473224
1007	1012	3.041448430637049
1006	1012	3.3894260161267757
1017	1016	2.5368117485323096
1005	1012	3.7374036016165024
1016	1016	1.6889082662072248
1004	1012	4.085381187106229
1015	1015	2.282336268866487
1003	1012	4.433358772595955
1014	1014	1.041583062293714
1002	1012	4.781336358085682
1012	1012	1.628129833165582
1001	1012	5.129313943575408
1009	1012	2.8430070175111126
=========================

Tempo:535018.0346666666
Destinazione	 NEXTHOP	 Costo
1011	1012	2.041223280426264
1000	1012	5.477291529065134
1010	1012	2.4421151489686883
1008	1012	2.6934708451473224
1007	1012	3.041448430637049
1006	1012	3.3894260161267757
1017	1016	2.300004626288157
1005	1012	3.7374036016165024
1016	1016	1.7597485176465615
1004	1012	4.085381187106229
1015	1016	2.1959659009989663
1003	1012	4.433358772595955
1014	1014	1.041583062293714
1002	1012	4.781336358085682
1012	1012	1.628129833165582
1001	1012	5.129313943575408
1009	1012	2.8430070175111126
=========================
