
Tempo:1200018.0346666668
Destinazione	 NEXTHOP	 Costo
=========================

Tempo:1200018.0346666668
Destinazione	 NEXTHOP	 Costo
1000	1016	62.43159559384255
1022	1016	104.77719581735622
1021	1016	88.96999185607797
1020	1016	102.31949258878677
1019	1016	86.47368140490063
1018	1016	69.75340537277765
1017	1016	64.35807921185058
1039	1016	97.44678359430623
1016	1016	1.0
1038	1016	80.42025558634455
1015	1016	66.37848545503847
1037	1016	80.75112638488848
1014	1016	62.540976562467236
1036	1016	351.0425897187909
1035	1016	485.87884614325947
1013	1016	174.13953200709432
1012	1016	67.57389764648728
1034	1016	175.6258959594956
1011	1016	263.7906649444305
1033	1016	160.52768851591463
1010	1016	64.47444734264695
1031	1016	108.36989027884655
1030	1016	59.82383246503357
1008	1016	73.13499732693843
1007	1016	70.98878266943905
1029	1016	91.58654031588581
1006	1016	367.32287282030023
1028	1016	71.34867953771628
1005	1016	67.13584780365615
1027	1016	85.17399436909474
1004	1016	71.6330450717587
1026	1016	174.17183180968303
1003	1016	64.13135449022512
1025	1016	74.84007088930102
1002	1016	62.22568590397002
1024	1016	86.25051172355758
1001	1016	62.741159510479754
1023	1016	84.12488205706097
1009	1016	81.73204471986612
=========================

Tempo:1200018.0346666668
Destinazione	 NEXTHOP	 Costo
1000	1030	4.290226018078874
1022	1030	48.834130391607275
1021	1030	30.828622280314296
1020	1016	102.31949258878677
1019	1030	32.62182224438476
1018	1030	11.612035797013965
1017	1030	6.216709636086904
1039	1016	97.44678359430623
1016	1016	1.0
1038	1016	80.42025558634455
1015	1030	8.237115879274794
1037	1016	80.75112638488848
1014	1030	4.399606986703555
1036	1030	283.52171694107903
1035	1016	485.87884614325947
1013	1030	106.61865922938235
1012	1030	9.4325280707236
1034	1030	133.303491539155
1011	1030	103.13887458620559
1033	1030	118.20528409557403
1010	1030	6.3330777668832745
1031	1030	26.467739130114218
1030	1030	1.6824628892698885
1008	1030	14.993627751174747
1007	1030	12.84741309367537
1029	1016	91.58654031588581
1006	1030	309.1815032445366
1028	1030	13.207309961952598
1005	1030	8.994478227892468
1027	1030	27.03262479333107
1004	1030	13.491675495995018
1026	1030	106.65095903197107
1003	1030	5.989984914461443
1025	1030	16.698701313537338
1002	1030	4.084316328206338
1024	1030	28.1091421477939
1001	1030	4.599789934716071
1023	1030	25.9835124812973
1009	1016	81.73204471986612
=========================

Tempo:1200018.0346666668
Destinazione	 NEXTHOP	 Costo
1000	1030	4.290226018078874
1022	1030	48.834130391607275
1021	1030	30.828622280314296
1020	1016	102.31949258878677
1019	1030	32.62182224438476
1018	1030	11.612035797013965
1017	1030	6.216709636086904
1039	1016	97.44678359430623
1016	1016	1.0
1038	1016	80.42025558634455
1015	1030	8.237115879274794
1037	1016	80.75112638488848
1014	1030	4.399606986703555
1036	1030	283.52171694107903
1035	1016	485.87884614325947
1013	1030	106.61865922938235
1012	1030	9.4325280707236
1034	1030	133.303491539155
1011	1031	7.095848580635696
1033	1030	118.20528409557403
1010	1030	6.3330777668832745
1031	1031	4.42697020884545
1030	1030	1.6824628892698885
1008	1030	14.993627751174747
1007	1030	12.84741309367537
1029	1016	91.58654031588581
1006	1030	309.1815032445366
1028	1030	13.207309961952598
1005	1030	8.994478227892468
1027	1030	27.03262479333107
1004	1030	13.491675495995018
1026	1030	106.65095903197107
1003	1030	5.989984914461443
1025	1030	16.698701313537338
1002	1030	4.084316328206338
1024	1031	23.265912491235024
1001	1030	4.599789934716071
1023	1030	25.9835124812973
1009	1016	81.73204471986612
=========================

Tempo:1200018.0346666668
Destinazione	 NEXTHOP	 Costo
1000	1030	4.290226018078874
1022	1039	32.25453804033664
1021	1030	30.828622280314296
1020	1039	29.7968348117672
1019	1039	13.95102362788106
1018	1030	11.612035797013965
1017	1030	6.216709636086904
1039	1039	5.298434464581498
1016	1016	1.0
1038	1039	7.897597809324981
1015	1030	8.237115879274794
1037	1039	8.228468607868916
1014	1030	4.399606986703555
1036	1030	283.52171694107903
1035	1039	413.3561883662399
1013	1030	106.61865922938235
1012	1030	9.4325280707236
1034	1039	103.10323818247606
1011	1031	7.095848580635696
1033	1039	88.00503073889509
1010	1030	6.3330777668832745
1031	1031	4.42697020884545
1030	1030	1.6824628892698885
1008	1030	14.993627751174747
1007	1030	12.84741309367537
1029	1039	19.063882538866242
1006	1030	309.1815032445366
1028	1030	13.207309961952598
1005	1030	8.994478227892468
1027	1039	22.918386958684916
1004	1030	13.491675495995018
1026	1030	106.65095903197107
1003	1030	5.989984914461443
1025	1030	16.698701313537338
1002	1030	4.084316328206338
1024	1031	23.265912491235024
1001	1030	4.599789934716071
1023	1039	22.13692067421939
1009	1039	9.209386942846553
=========================

Tempo:1205018.0346666668
Destinazione	 NEXTHOP	 Costo
1000	1030	4.290226018078874
1022	1011	28.587259075818842
1021	1011	10.225242705494775
1020	1039	29.7968348117672
1019	1011	12.018442669565246
1018	1030	11.612035797013965
1017	1030	6.216709636086904
1039	1039	5.298434464581498
1016	1016	1.0
1038	1039	7.897597809324981
1015	1030	8.237115879274794
1037	1039	8.228468607868916
1014	1030	4.399606986703555
1036	1011	186.10055547068168
1035	1039	413.3561883662399
1013	1011	9.197497758985048
1012	1011	9.430595227952598
1034	1011	35.88233006875771
1011	1011	5.7177131158082934
1033	1011	20.78412262517674
1010	1030	6.3330777668832745
1031	1031	4.42697020884545
1030	1030	1.6824628892698885
1008	1030	14.993627751174747
1007	1030	12.84741309367537
1029	1039	19.063882538866242
1006	1030	309.1815032445366
1028	1030	13.207309961952598
1005	1030	8.994478227892468
1027	1039	22.918386958684916
1004	1030	13.491675495995018
1026	1011	9.22979756157378
1003	1030	5.989984914461443
1025	1030	16.698701313537338
1002	1030	4.084316328206338
1024	1011	11.548723648143062
1001	1030	4.599789934716071
1023	1039	22.13692067421939
1009	1039	9.209386942846553
=========================

Tempo:1205018.0346666668
Destinazione	 NEXTHOP	 Costo
1000	1030	4.290226018078874
1022	1011	28.587259075818842
1021	1011	10.225242705494775
1020	1039	29.7968348117672
1019	1011	12.018442669565246
1018	1030	11.612035797013965
1017	1030	6.216709636086904
1039	1039	5.298434464581498
1016	1016	0.17868250855062515
1038	1039	7.897597809324981
1015	1030	8.237115879274794
1037	1039	8.228468607868916
1014	1030	4.399606986703555
1036	1011	186.10055547068168
1035	1039	413.3561883662399
1013	1011	9.197497758985048
1012	1011	9.430595227952598
1034	1011	35.88233006875771
1011	1011	5.7177131158082934
1033	1011	20.78412262517674
1010	1030	6.3330777668832745
1031	1031	4.42697020884545
1030	1030	1.6824628892698885
1008	1030	14.993627751174747
1007	1030	12.84741309367537
1029	1039	19.063882538866242
1006	1030	309.1815032445366
1028	1030	13.207309961952598
1005	1030	8.994478227892468
1027	1039	22.918386958684916
1004	1030	13.491675495995018
1026	1011	9.22979756157378
1003	1030	5.989984914461443
1025	1030	16.698701313537338
1002	1030	4.084316328206338
1024	1011	11.548723648143062
1001	1030	4.599789934716071
1023	1039	22.13692067421939
1009	1039	9.209386942846553
=========================

Tempo:1205018.0346666668
Destinazione	 NEXTHOP	 Costo
1000	1030	4.290226018078874
1022	1011	28.587259075818842
1021	1011	10.225242705494775
1020	1039	29.7968348117672
1019	1011	12.018442669565246
1018	1030	11.612035797013965
1017	1030	6.216709636086904
1039	1039	5.298434464581498
1016	1016	0.17868250855062515
1038	1039	7.897597809324981
1015	1030	8.237115879274794
1037	1039	8.228468607868916
1014	1030	4.399606986703555
1036	1011	186.10055547068168
1035	1039	413.3561883662399
1013	1011	9.197497758985048
1012	1011	9.430595227952598
1034	1011	35.88233006875771
1011	1011	5.7177131158082934
1033	1011	20.78412262517674
1010	1030	6.3330777668832745
1031	1031	4.42697020884545
1030	1030	2.7766287202959763
1008	1030	14.993627751174747
1007	1030	12.84741309367537
1029	1039	19.063882538866242
1006	1030	309.1815032445366
1028	1030	13.207309961952598
1005	1030	8.994478227892468
1027	1039	22.918386958684916
1004	1030	13.491675495995018
1026	1011	9.22979756157378
1003	1030	5.989984914461443
1025	1030	16.698701313537338
1002	1030	4.084316328206338
1024	1011	11.548723648143062
1001	1030	4.599789934716071
1023	1039	22.13692067421939
1009	1039	9.209386942846553
=========================

Tempo:1205018.0346666668
Destinazione	 NEXTHOP	 Costo
1000	1030	4.290226018078874
1022	1011	28.587259075818842
1021	1011	10.225242705494775
1020	1039	29.7968348117672
1019	1011	12.018442669565246
1018	1030	11.612035797013965
1017	1030	6.216709636086904
1039	1039	5.298434464581498
1016	1016	0.17868250855062515
1038	1039	7.897597809324981
1015	1030	8.237115879274794
1037	1039	8.228468607868916
1014	1030	4.399606986703555
1036	1011	186.10055547068168
1035	1039	413.3561883662399
1013	1011	9.197497758985048
1012	1011	9.430595227952598
1034	1011	35.88233006875771
1011	1011	5.7177131158082934
1033	1011	20.78412262517674
1010	1030	6.3330777668832745
1031	1031	34.72073251049823
1030	1030	2.7766287202959763
1008	1030	14.993627751174747
1007	1030	12.84741309367537
1029	1039	19.063882538866242
1006	1030	309.1815032445366
1028	1030	13.207309961952598
1005	1030	8.994478227892468
1027	1039	22.918386958684916
1004	1030	13.491675495995018
1026	1011	9.22979756157378
1003	1030	5.989984914461443
1025	1030	16.698701313537338
1002	1030	4.084316328206338
1024	1011	11.548723648143062
1001	1030	4.599789934716071
1023	1039	22.13692067421939
1009	1039	9.209386942846553
=========================

Tempo:1205018.0346666668
Destinazione	 NEXTHOP	 Costo
1000	1030	4.290226018078874
1022	1011	28.587259075818842
1021	1011	10.225242705494775
1020	1039	29.7968348117672
1019	1011	12.018442669565246
1018	1030	11.612035797013965
1017	1030	6.216709636086904
1039	1039	45.95377504275207
1016	1016	0.17868250855062515
1038	1039	7.897597809324981
1015	1030	8.237115879274794
1037	1039	8.228468607868916
1014	1030	4.399606986703555
1036	1011	186.10055547068168
1035	1039	413.3561883662399
1013	1011	9.197497758985048
1012	1011	9.430595227952598
1034	1011	35.88233006875771
1011	1011	5.7177131158082934
1033	1011	20.78412262517674
1010	1030	6.3330777668832745
1031	1031	34.72073251049823
1030	1030	2.7766287202959763
1008	1030	14.993627751174747
1007	1030	12.84741309367537
1029	1039	19.063882538866242
1006	1030	309.1815032445366
1028	1030	13.207309961952598
1005	1030	8.994478227892468
1027	1039	22.918386958684916
1004	1030	13.491675495995018
1026	1011	9.22979756157378
1003	1030	5.989984914461443
1025	1030	16.698701313537338
1002	1030	4.084316328206338
1024	1011	11.548723648143062
1001	1030	4.599789934716071
1023	1039	22.13692067421939
1009	1039	9.209386942846553
=========================

Tempo:1209008.0346666668
Destinazione	 NEXTHOP	 Costo
1000	1030	4.290226018078874
1022	1011	28.587259075818842
1021	1011	10.225242705494775
1020	1039	29.7968348117672
1019	1011	12.018442669565246
1018	1030	11.612035797013965
1017	1030	6.216709636086904
1039	1039	45.95377504275207
1038	1039	7.897597809324981
1015	1030	8.237115879274794
1037	1039	8.228468607868916
1014	1030	4.399606986703555
1036	1011	186.10055547068168
1035	1039	413.3561883662399
1013	1011	9.197497758985048
1012	1011	9.430595227952598
1034	1011	35.88233006875771
1011	1011	5.7177131158082934
1033	1011	20.78412262517674
1010	1030	6.3330777668832745
1031	1031	34.72073251049823
1030	1030	2.7766287202959763
1008	1030	14.993627751174747
1007	1030	12.84741309367537
1029	1039	19.063882538866242
1006	1030	309.1815032445366
1028	1030	13.207309961952598
1005	1030	8.994478227892468
1027	1039	22.918386958684916
1004	1030	13.491675495995018
1026	1011	9.22979756157378
1003	1030	5.989984914461443
1025	1030	16.698701313537338
1002	1030	4.084316328206338
1024	1011	11.548723648143062
1001	1030	4.599789934716071
1023	1039	22.13692067421939
1009	1039	9.209386942846553
=========================

Tempo:1210018.0346666668
Destinazione	 NEXTHOP	 Costo
1000	1030	4.290226018078874
1022	1011	28.587259075818842
1021	1011	10.225242705494775
1020	1039	29.7968348117672
1019	1011	12.018442669565246
1018	1030	11.612035797013965
1017	1030	6.216709636086904
1039	1039	45.95377504275207
1038	1039	7.897597809324981
1015	1030	8.237115879274794
1037	1039	8.228468607868916
1014	1030	4.399606986703555
1036	1011	186.10055547068168
1035	1039	413.3561883662399
1013	1011	9.197497758985048
1012	1011	9.430595227952598
1034	1011	35.88233006875771
1011	1011	31.331048531586525
1033	1011	20.78412262517674
1010	1030	6.3330777668832745
1031	1031	34.72073251049823
1030	1030	2.7766287202959763
1008	1030	14.993627751174747
1007	1030	12.84741309367537
1029	1039	19.063882538866242
1006	1030	309.1815032445366
1028	1030	13.207309961952598
1005	1030	8.994478227892468
1027	1039	22.918386958684916
1004	1030	13.491675495995018
1026	1011	9.22979756157378
1003	1030	5.989984914461443
1025	1030	16.698701313537338
1002	1030	4.084316328206338
1024	1011	11.548723648143062
1001	1030	4.599789934716071
1023	1039	22.13692067421939
1009	1039	9.209386942846553
=========================

Tempo:1210018.0346666668
Destinazione	 NEXTHOP	 Costo
1000	1030	4.290226018078874
1022	1011	28.587259075818842
1021	1011	10.225242705494775
1020	1039	29.7968348117672
1019	1011	12.018442669565246
1018	1030	11.612035797013965
1017	1030	6.216709636086904
1039	1030	25.75174441843118
1038	1039	7.897597809324981
1015	1030	8.237115879274794
1037	1039	8.228468607868916
1014	1030	4.399606986703555
1036	1011	186.10055547068168
1035	1039	413.3561883662399
1013	1011	9.197497758985048
1012	1011	9.430595227952598
1034	1011	35.88233006875771
1011	1011	31.331048531586525
1033	1011	20.78412262517674
1010	1030	6.3330777668832745
1031	1031	34.72073251049823
1030	1030	3.0189456462699322
1008	1030	14.993627751174747
1007	1030	12.84741309367537
1029	1039	19.063882538866242
1006	1030	309.1815032445366
1028	1030	13.207309961952598
1005	1030	8.994478227892468
1027	1039	22.918386958684916
1004	1030	13.491675495995018
1026	1011	9.22979756157378
1003	1030	5.989984914461443
1025	1030	16.698701313537338
1002	1030	4.084316328206338
1024	1011	11.548723648143062
1001	1030	4.599789934716071
1023	1039	22.13692067421939
1009	1039	9.209386942846553
=========================

Tempo:1210018.0346666668
Destinazione	 NEXTHOP	 Costo
1000	1030	4.290226018078874
1022	1011	28.587259075818842
1021	1011	10.225242705494775
1020	1039	29.7968348117672
1019	1011	12.018442669565246
1018	1030	11.612035797013965
1017	1030	6.216709636086904
1039	1030	25.75174441843118
1038	1039	7.897597809324981
1015	1030	8.237115879274794
1037	1039	8.228468607868916
1014	1030	4.399606986703555
1036	1011	186.10055547068168
1035	1039	413.3561883662399
1013	1011	9.197497758985048
1012	1011	9.430595227952598
1034	1011	35.88233006875771
1011	1011	31.331048531586525
1033	1011	20.78412262517674
1010	1030	6.3330777668832745
1031	1031	30.11292138423427
1030	1030	3.0189456462699322
1008	1030	14.993627751174747
1007	1030	12.84741309367537
1029	1039	19.063882538866242
1006	1030	309.1815032445366
1028	1030	13.207309961952598
1005	1030	8.994478227892468
1027	1039	22.918386958684916
1004	1030	13.491675495995018
1026	1011	9.22979756157378
1003	1030	5.989984914461443
1025	1030	16.698701313537338
1002	1030	4.084316328206338
1024	1011	11.548723648143062
1001	1030	4.599789934716071
1023	1039	22.13692067421939
1009	1039	9.209386942846553
=========================

Tempo:1210018.0346666668
Destinazione	 NEXTHOP	 Costo
1000	1030	4.290226018078874
1022	1011	28.587259075818842
1021	1011	10.225242705494775
1020	1039	29.7968348117672
1019	1011	12.018442669565246
1018	1030	11.612035797013965
1017	1030	6.216709636086904
1039	1039	39.968846205057645
1038	1039	7.897597809324981
1015	1030	8.237115879274794
1037	1039	8.228468607868916
1014	1030	4.399606986703555
1036	1011	186.10055547068168
1035	1039	413.3561883662399
1013	1011	9.197497758985048
1012	1011	9.430595227952598
1034	1011	35.88233006875771
1011	1011	31.331048531586525
1033	1011	20.78412262517674
1010	1030	6.3330777668832745
1031	1031	30.11292138423427
1030	1030	3.0189456462699322
1008	1030	14.993627751174747
1007	1030	12.84741309367537
1029	1039	19.063882538866242
1006	1030	309.1815032445366
1028	1030	13.207309961952598
1005	1030	8.994478227892468
1027	1039	22.918386958684916
1004	1030	13.491675495995018
1026	1011	9.22979756157378
1003	1030	5.989984914461443
1025	1030	16.698701313537338
1002	1030	4.084316328206338
1024	1011	11.548723648143062
1001	1030	4.599789934716071
1023	1039	22.13692067421939
1009	1039	9.209386942846553
=========================

Tempo:1213008.0346666668
Destinazione	 NEXTHOP	 Costo
1000	1030	4.290226018078874
1022	1011	28.587259075818842
1021	1011	10.225242705494775
1020	1039	29.7968348117672
1019	1011	12.018442669565246
1018	1030	11.612035797013965
1017	1030	6.216709636086904
1039	1039	39.968846205057645
1038	1039	7.897597809324981
1015	1030	8.237115879274794
1037	1039	8.228468607868916
1014	1030	4.399606986703555
1036	1011	186.10055547068168
1035	1039	413.3561883662399
1013	1011	9.197497758985048
1012	1011	9.430595227952598
1034	1011	35.88233006875771
1011	1011	31.331048531586525
1033	1011	20.78412262517674
1010	1030	6.3330777668832745
1031	1031	30.11292138423427
1008	1030	14.993627751174747
1007	1030	12.84741309367537
1029	1039	19.063882538866242
1006	1030	309.1815032445366
1028	1030	13.207309961952598
1005	1030	8.994478227892468
1027	1039	22.918386958684916
1004	1030	13.491675495995018
1026	1011	9.22979756157378
1003	1030	5.989984914461443
1025	1030	16.698701313537338
1002	1030	4.084316328206338
1024	1011	11.548723648143062
1001	1030	4.599789934716071
1023	1039	22.13692067421939
1009	1039	9.209386942846553
=========================

Tempo:1215018.0346666668
Destinazione	 NEXTHOP	 Costo
1000	1030	4.290226018078874
1022	1011	28.587259075818842
1021	1011	10.225242705494775
1020	1039	29.7968348117672
1019	1011	12.018442669565246
1018	1030	11.612035797013965
1017	1030	6.216709636086904
1039	1039	39.968846205057645
1038	1039	7.897597809324981
1015	1030	8.237115879274794
1037	1039	8.228468607868916
1014	1030	4.399606986703555
1036	1011	186.10055547068168
1035	1039	413.3561883662399
1013	1011	9.197497758985048
1012	1011	9.430595227952598
1034	1011	35.88233006875771
1011	1011	18.655643673209735
1033	1011	20.78412262517674
1010	1030	6.3330777668832745
1031	1031	30.11292138423427
1008	1030	14.993627751174747
1007	1030	12.84741309367537
1029	1039	19.063882538866242
1006	1030	309.1815032445366
1028	1030	13.207309961952598
1005	1030	8.994478227892468
1027	1039	22.918386958684916
1004	1030	13.491675495995018
1026	1011	9.22979756157378
1003	1030	5.989984914461443
1025	1030	16.698701313537338
1002	1030	4.084316328206338
1024	1011	11.548723648143062
1001	1030	4.599789934716071
1023	1039	22.13692067421939
1009	1039	9.209386942846553
=========================

Tempo:1215018.0346666668
Destinazione	 NEXTHOP	 Costo
1000	1030	4.290226018078874
1022	1011	28.587259075818842
1021	1011	10.225242705494775
1020	1039	29.7968348117672
1019	1011	12.018442669565246
1018	1030	11.612035797013965
1017	1030	6.216709636086904
1039	1039	39.968846205057645
1038	1039	7.897597809324981
1015	1030	8.237115879274794
1037	1039	8.228468607868916
1014	1030	4.399606986703555
1036	1011	186.10055547068168
1035	1039	413.3561883662399
1013	1011	9.197497758985048
1012	1011	9.430595227952598
1034	1011	35.88233006875771
1011	1011	18.655643673209735
1033	1011	20.78412262517674
1010	1030	6.3330777668832745
1031	1031	25.77645916002567
1008	1030	14.993627751174747
1007	1030	12.84741309367537
1029	1039	19.063882538866242
1006	1030	309.1815032445366
1028	1030	13.207309961952598
1005	1030	8.994478227892468
1027	1039	22.918386958684916
1004	1030	13.491675495995018
1026	1011	9.22979756157378
1003	1030	5.989984914461443
1025	1030	16.698701313537338
1002	1030	4.084316328206338
1024	1011	11.548723648143062
1001	1030	4.599789934716071
1023	1039	22.13692067421939
1009	1039	9.209386942846553
=========================

Tempo:1215018.0346666668
Destinazione	 NEXTHOP	 Costo
1000	1030	4.290226018078874
1022	1011	28.587259075818842
1021	1011	10.225242705494775
1019	1011	12.018442669565246
1018	1030	11.612035797013965
1017	1030	6.216709636086904
1015	1030	8.237115879274794
1014	1030	4.399606986703555
1036	1011	186.10055547068168
1013	1011	9.197497758985048
1012	1011	9.430595227952598
1034	1011	35.88233006875771
1011	1011	18.655643673209735
1033	1011	20.78412262517674
1010	1030	6.3330777668832745
1031	1031	25.77645916002567
1008	1030	14.993627751174747
1007	1030	12.84741309367537
1006	1030	309.1815032445366
1028	1030	13.207309961952598
1005	1030	8.994478227892468
1004	1030	13.491675495995018
1026	1011	9.22979756157378
1003	1030	5.989984914461443
1025	1030	16.698701313537338
1002	1030	4.084316328206338
1024	1011	11.548723648143062
1001	1030	4.599789934716071
=========================

Tempo:1220018.0346666668
Destinazione	 NEXTHOP	 Costo
1000	1030	4.290226018078874
1022	1011	28.587259075818842
1021	1011	10.225242705494775
1020	1011	42.9039196318266
1019	1011	12.018442669565246
1018	1030	11.612035797013965
1017	1030	6.216709636086904
1039	1011	436.9272569953203
1038	1011	404.85600859958765
1015	1030	8.237115879274794
1037	1011	405.1868793981316
1014	1030	4.399606986703555
1036	1011	186.10055547068168
1013	1011	9.197497758985048
1035	1011	714.08554732836
1012	1011	9.430595227952598
1034	1011	35.88233006875771
1011	1011	17.201787306257838
1033	1011	20.78412262517674
1010	1030	6.3330777668832745
1031	1031	25.77645916002567
1008	1030	14.993627751174747
1007	1030	12.84741309367537
1029	1011	416.02229332912896
1006	1030	309.1815032445366
1028	1030	13.207309961952598
1005	1030	8.994478227892468
1027	1011	44.173498805856354
1004	1030	13.491675495995018
1026	1011	9.22979756157378
1003	1030	5.989984914461443
1025	1030	16.698701313537338
1002	1030	4.084316328206338
1024	1011	11.548723648143062
1001	1030	4.599789934716071
1023	1011	43.39203252139082
1009	1011	21.16576407790813
=========================

Tempo:1220018.0346666668
Destinazione	 NEXTHOP	 Costo
1000	1030	4.290226018078874
1022	1011	28.587259075818842
1021	1011	10.225242705494775
1020	1011	42.9039196318266
1019	1011	12.018442669565246
1018	1030	11.612035797013965
1017	1030	6.216709636086904
1039	1031	316.2647308739334
1038	1031	308.17932278073215
1015	1030	8.237115879274794
1037	1031	309.6111640452862
1014	1030	4.399606986703555
1036	1011	186.10055547068168
1013	1011	9.197497758985048
1035	1031	663.8399239794454
1012	1011	9.430595227952598
1034	1011	35.88233006875771
1011	1011	17.201787306257838
1033	1011	20.78412262517674
1010	1030	6.3330777668832745
1031	1031	22.70896223547592
1008	1030	14.993627751174747
1007	1030	12.84741309367537
1029	1031	269.5476181520717
1006	1030	309.1815032445366
1028	1030	13.207309961952598
1005	1030	8.994478227892468
1027	1011	44.173498805856354
1004	1030	13.491675495995018
1026	1011	9.22979756157378
1003	1030	5.989984914461443
1025	1030	16.698701313537338
1002	1030	4.084316328206338
1024	1011	11.548723648143062
1001	1030	4.599789934716071
1023	1011	43.39203252139082
1009	1011	21.16576407790813
=========================

Tempo:1220018.0346666668
Destinazione	 NEXTHOP	 Costo
1000	1030	4.290226018078874
1022	1011	28.587259075818842
1021	1011	10.225242705494775
1020	1011	42.9039196318266
1019	1011	12.018442669565246
1018	1030	11.612035797013965
1017	1030	6.216709636086904
1039	1031	316.2647308739334
1038	1031	308.17932278073215
1015	1030	8.237115879274794
1037	1031	309.6111640452862
1014	1030	4.399606986703555
1036	1011	186.10055547068168
1013	1011	9.197497758985048
1035	1031	663.8399239794454
1012	1011	9.430595227952598
1034	1011	35.88233006875771
1011	1011	17.201787306257838
1033	1011	20.78412262517674
1010	1030	6.3330777668832745
1031	1031	22.70896223547592
1008	1030	14.993627751174747
1007	1030	12.84741309367537
1029	1031	269.5476181520717
1006	1030	309.1815032445366
1028	1030	13.207309961952598
1005	1030	8.994478227892468
1027	1011	44.173498805856354
1004	1030	13.491675495995018
1026	1011	9.22979756157378
1003	1030	5.989984914461443
1025	1030	16.698701313537338
1002	1030	4.084316328206338
1024	1011	11.548723648143062
1001	1030	4.599789934716071
1023	1011	43.39203252139082
1009	1011	21.16576407790813
=========================

Tempo:1225018.0346666668
Destinazione	 NEXTHOP	 Costo
1000	1030	4.290226018078874
1022	1011	28.587259075818842
1021	1011	10.225242705494775
1020	1011	42.482036680930044
1019	1011	12.018442669565246
1018	1030	11.612035797013965
1017	1030	6.216709636086904
1039	1031	316.2647308739334
1038	1031	308.17932278073215
1015	1030	8.237115879274794
1037	1031	309.6111640452862
1014	1030	4.399606986703555
1036	1011	186.10055547068168
1013	1011	9.197497758985048
1035	1031	663.8399239794454
1012	1011	9.430595227952598
1034	1011	35.88233006875771
1011	1011	16.779904355361282
1033	1011	20.78412262517674
1010	1030	6.3330777668832745
1031	1031	22.70896223547592
1008	1030	14.993627751174747
1007	1030	12.84741309367537
1029	1031	269.5476181520717
1006	1030	309.1815032445366
1028	1030	13.207309961952598
1005	1030	8.994478227892468
1027	1011	43.751615854959795
1004	1030	13.491675495995018
1026	1011	9.22979756157378
1003	1030	5.989984914461443
1025	1030	16.698701313537338
1002	1030	4.084316328206338
1024	1011	11.548723648143062
1001	1030	4.599789934716071
1023	1011	42.970149570494264
1009	1011	20.743881127011573
=========================

Tempo:1225018.0346666668
Destinazione	 NEXTHOP	 Costo
1000	1030	4.290226018078874
1022	1011	28.587259075818842
1021	1011	10.225242705494775
1020	1011	42.482036680930044
1019	1011	12.018442669565246
1018	1030	11.612035797013965
1017	1030	6.216709636086904
1039	1031	312.8951493361984
1038	1031	304.80974124299723
1015	1030	8.237115879274794
1037	1031	306.24158250755124
1014	1030	4.399606986703555
1036	1011	186.10055547068168
1013	1011	9.197497758985048
1035	1031	660.4703424417104
1012	1011	9.430595227952598
1034	1011	35.88233006875771
1011	1011	16.779904355361282
1033	1011	20.78412262517674
1010	1030	6.3330777668832745
1031	1031	19.33938069774095
1008	1030	14.993627751174747
1007	1030	12.84741309367537
1029	1031	266.17803661433675
1006	1030	309.1815032445366
1028	1030	13.207309961952598
1005	1030	8.994478227892468
1027	1011	43.751615854959795
1004	1030	13.491675495995018
1026	1011	9.22979756157378
1003	1030	5.989984914461443
1025	1030	16.698701313537338
1002	1030	4.084316328206338
1024	1011	11.548723648143062
1001	1030	4.599789934716071
1023	1011	42.970149570494264
1009	1011	20.743881127011573
=========================

Tempo:1225018.0346666668
Destinazione	 NEXTHOP	 Costo
1000	1030	4.290226018078874
1022	1011	28.587259075818842
1021	1011	10.225242705494775
1020	1011	42.482036680930044
1019	1011	12.018442669565246
1018	1030	11.612035797013965
1017	1030	6.216709636086904
1039	1031	312.8951493361984
1038	1031	304.80974124299723
1015	1030	8.237115879274794
1037	1031	306.24158250755124
1014	1030	4.399606986703555
1036	1011	186.10055547068168
1013	1011	9.197497758985048
1035	1031	660.4703424417104
1012	1011	9.430595227952598
1034	1011	35.88233006875771
1011	1011	16.779904355361282
1033	1011	20.78412262517674
1010	1030	6.3330777668832745
1031	1031	19.33938069774095
1008	1030	14.993627751174747
1007	1030	12.84741309367537
1029	1031	266.17803661433675
1006	1030	309.1815032445366
1028	1030	13.207309961952598
1005	1030	8.994478227892468
1027	1011	43.751615854959795
1004	1030	13.491675495995018
1026	1011	9.22979756157378
1003	1030	5.989984914461443
1025	1030	16.698701313537338
1002	1030	4.084316328206338
1024	1011	11.548723648143062
1001	1030	4.599789934716071
1023	1011	42.970149570494264
1009	1011	20.743881127011573
=========================

Tempo:1230018.0346666668
Destinazione	 NEXTHOP	 Costo
1000	1030	4.290226018078874
1022	1011	28.587259075818842
1021	1011	10.225242705494775
1020	1011	40.20271253808363
1019	1011	12.018442669565246
1018	1030	11.612035797013965
1017	1030	6.216709636086904
1039	1031	312.8951493361984
1038	1031	304.80974124299723
1015	1030	8.237115879274794
1037	1031	306.24158250755124
1014	1030	4.399606986703555
1036	1011	186.10055547068168
1013	1011	9.197497758985048
1035	1031	660.4703424417104
1012	1011	9.430595227952598
1034	1011	35.88233006875771
1011	1011	14.500580212514869
1033	1011	20.78412262517674
1010	1030	6.3330777668832745
1031	1031	19.33938069774095
1008	1030	14.993627751174747
1007	1030	12.84741309367537
1029	1031	266.17803661433675
1006	1030	309.1815032445366
1028	1030	13.207309961952598
1005	1030	8.994478227892468
1027	1011	41.47229171211338
1004	1030	13.491675495995018
1026	1011	9.22979756157378
1003	1030	5.989984914461443
1025	1030	16.698701313537338
1002	1030	4.084316328206338
1024	1011	11.548723648143062
1001	1030	4.599789934716071
1023	1011	40.69082542764785
1009	1011	18.46455698416516
=========================

Tempo:1230018.0346666668
Destinazione	 NEXTHOP	 Costo
1000	1030	4.290226018078874
1022	1011	28.587259075818842
1021	1011	10.225242705494775
1020	1011	40.20271253808363
1019	1011	12.018442669565246
1018	1030	11.612035797013965
1017	1030	6.216709636086904
1039	1031	307.4535360925574
1038	1031	304.80974124299723
1016	1031	1383.6643800019208
1015	1030	8.237115879274794
1037	1031	300.7999692639102
1014	1030	4.399606986703555
1036	1011	186.10055547068168
1013	1011	9.197497758985048
1035	1031	655.0287291980693
1012	1011	9.430595227952598
1034	1011	35.88233006875771
1011	1011	14.500580212514869
1033	1011	20.78412262517674
1010	1030	6.3330777668832745
1031	1031	13.897767454099881
1008	1030	14.993627751174747
1007	1030	12.84741309367537
1029	1031	260.73642337069566
1006	1030	309.1815032445366
1028	1030	13.207309961952598
1005	1030	8.994478227892468
1027	1031	39.23047103657673
1004	1030	13.491675495995018
1026	1011	9.22979756157378
1003	1030	5.989984914461443
1025	1030	16.698701313537338
1002	1030	4.084316328206338
1024	1011	11.548723648143062
1001	1030	4.599789934716071
1023	1031	38.18135872454296
1009	1011	18.46455698416516
=========================

Tempo:1230018.0346666668
Destinazione	 NEXTHOP	 Costo
1000	1030	4.290226018078874
1022	1011	28.587259075818842
1021	1011	10.225242705494775
1020	1011	40.20271253808363
1019	1011	12.018442669565246
1018	1030	11.612035797013965
1017	1030	6.216709636086904
1039	1031	307.4535360925574
1038	1031	304.80974124299723
1016	1031	1383.6643800019208
1015	1030	8.237115879274794
1037	1031	300.7999692639102
1014	1030	4.399606986703555
1036	1011	186.10055547068168
1013	1011	9.197497758985048
1035	1031	655.0287291980693
1012	1011	9.430595227952598
1034	1011	35.88233006875771
1011	1011	14.500580212514869
1033	1011	20.78412262517674
1010	1030	6.3330777668832745
1031	1031	13.897767454099881
1008	1030	14.993627751174747
1007	1030	12.84741309367537
1029	1031	260.73642337069566
1006	1030	309.1815032445366
1028	1030	13.207309961952598
1005	1030	8.994478227892468
1027	1031	39.23047103657673
1004	1030	13.491675495995018
1026	1011	9.22979756157378
1003	1030	5.989984914461443
1025	1030	16.698701313537338
1002	1030	4.084316328206338
1024	1011	11.548723648143062
1001	1030	4.599789934716071
1023	1031	38.18135872454296
1009	1011	18.46455698416516
=========================

Tempo:1230018.0346666668
Destinazione	 NEXTHOP	 Costo
1000	1030	4.290226018078874
1022	1011	28.587259075818842
1021	1011	10.225242705494775
1020	1041	36.85684717943447
1041	1041	10.154714853865702
1019	1011	12.018442669565246
1018	1030	11.612035797013965
1017	1030	6.216709636086904
1039	1041	304.23847070106007
1038	1031	304.80974124299723
1016	1041	1380.4493146104235
1015	1030	8.237115879274794
1037	1041	297.5849038724129
1014	1030	4.399606986703555
1036	1011	186.10055547068168
1013	1011	9.197497758985048
1035	1041	651.8136638065721
1012	1011	9.430595227952598
1034	1011	35.88233006875771
1011	1041	11.154714853865702
1033	1011	20.78412262517674
1010	1030	6.3330777668832745
1031	1041	10.682702062602578
1008	1030	14.993627751174747
1007	1030	12.84741309367537
1029	1041	257.5213579791984
1006	1030	309.1815032445366
1028	1030	13.207309961952598
1005	1030	8.994478227892468
1027	1041	36.01540564507943
1004	1030	13.491675495995018
1026	1011	9.22979756157378
1003	1030	5.989984914461443
1025	1030	16.698701313537338
1002	1030	4.084316328206338
1024	1011	11.548723648143062
1001	1030	4.599789934716071
1023	1041	34.96629333304566
1009	1041	15.118691625515993
=========================

Tempo:1235018.0346666668
Destinazione	 NEXTHOP	 Costo
1000	1030	4.290226018078874
1022	1011	28.587259075818842
1021	1011	10.225242705494775
1020	1011	36.84091733012705
1041	1041	10.154714853865702
1019	1011	12.018442669565246
1018	1030	11.612035797013965
1017	1030	6.216709636086904
1039	1041	304.23847070106007
1038	1031	304.80974124299723
1016	1041	1380.4493146104235
1015	1030	8.237115879274794
1037	1041	297.5849038724129
1014	1030	4.399606986703555
1036	1011	186.10055547068168
1013	1011	9.197497758985048
1035	1041	651.8136638065721
1012	1011	9.430595227952598
1034	1011	35.88233006875771
1011	1011	11.138785004558285
1033	1011	20.78412262517674
1010	1030	6.3330777668832745
1031	1041	10.682702062602578
1008	1030	14.993627751174747
1007	1030	12.84741309367537
1029	1041	257.5213579791984
1006	1030	309.1815032445366
1028	1030	13.207309961952598
1005	1030	8.994478227892468
1027	1041	36.01540564507943
1004	1030	13.491675495995018
1026	1011	9.22979756157378
1003	1030	5.989984914461443
1025	1030	16.698701313537338
1002	1030	4.084316328206338
1024	1011	11.548723648143062
1001	1030	4.599789934716071
1023	1041	34.96629333304566
1009	1011	15.102761776208574
=========================

Tempo:1235018.0346666668
Destinazione	 NEXTHOP	 Costo
1000	1030	4.290226018078874
1022	1011	28.587259075818842
1021	1011	10.225242705494775
1020	1011	36.84091733012705
1041	1041	10.154714853865702
1019	1011	12.018442669565246
1018	1030	11.612035797013965
1017	1030	6.216709636086904
1039	1041	304.23847070106007
1038	1031	304.80974124299723
1016	1031	1305.5165359452303
1015	1030	8.237115879274794
1037	1041	297.5849038724129
1014	1030	4.399606986703555
1036	1011	186.10055547068168
1013	1011	9.197497758985048
1035	1041	651.8136638065721
1012	1011	9.430595227952598
1034	1011	35.88233006875771
1011	1011	11.138785004558285
1033	1011	20.78412262517674
1010	1030	6.3330777668832745
1031	1031	11.579132953788001
1008	1030	14.993627751174747
1007	1030	12.84741309367537
1029	1041	257.5213579791984
1006	1030	309.1815032445366
1028	1030	13.207309961952598
1005	1030	8.994478227892468
1027	1041	36.01540564507943
1004	1030	13.491675495995018
1026	1011	9.22979756157378
1003	1030	5.989984914461443
1025	1030	16.698701313537338
1002	1030	4.084316328206338
1024	1011	11.548723648143062
1001	1030	4.599789934716071
1023	1041	34.96629333304566
1009	1011	15.102761776208574
=========================

Tempo:1200018.0346666668
Destinazione	 NEXTHOP	 Costo
=========================

Tempo:1200018.0346666668
Destinazione	 NEXTHOP	 Costo
1000	1016	41.53284400550241
1022	1016	65.65100991292249
1021	1016	80.89736730001152
1020	1016	69.69848312257916
1019	1016	47.18244931651217
1018	1016	49.29197817402123
1017	1016	48.538685209895476
1039	1016	97.09498314895914
1016	1016	1.0
1038	1016	81.11475827483784
1015	1016	62.52935228625139
1037	1016	80.70792822999628
1014	1016	42.06596247062175
1036	1016	154.60381668117256
1035	1016	477.2091486716395
1013	1016	177.91409663173155
1012	1016	43.39583532063146
1034	1016	141.6008045477543
1011	1016	262.83569806387925
1033	1016	126.50259710417333
1010	1016	64.18897778696194
1031	1016	106.89442205352991
1030	1016	59.607640182670586
1008	1016	52.673570128182014
1007	1016	47.61672816088335
1029	1016	57.77709402721696
1006	1016	2168.18972927858
1028	1016	71.48469231689508
1005	1016	44.00631175786028
1027	1016	56.31287261679047
1004	1016	51.18197300918142
1026	1016	266.0930752437091
1003	1016	43.64698108602753
1025	1016	52.77595514948415
1002	1016	41.75001455879895
1024	1016	97.98678805644991
1001	1016	42.27843900406013
1023	1016	55.53263868989799
1009	1016	42.511820184738255
=========================

Tempo:1200018.0346666668
Destinazione	 NEXTHOP	 Costo
1000	1030	3.8481303217940113
1022	1030	57.66440502245701
1021	1030	39.62582269045848
1020	1016	69.69848312257916
1019	1030	41.40500959286774
1018	1030	11.607264490312831
1017	1030	6.263894158187213
1039	1016	97.09498314895914
1016	1016	1.0
1038	1016	81.11475827483784
1015	1030	6.465560159716853
1037	1016	80.70792822999628
1014	1030	4.3812487869133445
1036	1016	154.60381668117256
1035	1016	477.2091486716395
1013	1030	109.52410171346796
1012	1030	5.689230481435661
1034	1030	132.3025903918212
1011	1030	102.05240494707817
1033	1030	117.20438294824024
1010	1030	6.263800493561234
1031	1030	26.19619915569308
1030	1030	1.6824628892698885
1008	1030	14.988856444473612
1007	1030	9.932014477174949
1029	1016	57.77709402721696
1006	1030	2130.4831244393845
1028	1030	13.559515023494379
1005	1030	9.08173013969339
1027	1030	35.88041261294728
1004	1030	13.497259325473019
1026	1030	105.30978212690806
1003	1030	7.349053707640104
1025	1030	19.56540971377653
1002	1030	4.065300875090551
1024	1030	40.06161076304922
1001	1030	4.593725320351728
1023	1030	34.81378711214703
1009	1016	42.511820184738255
=========================

Tempo:1200018.0346666668
Destinazione	 NEXTHOP	 Costo
1000	1030	3.8481303217940113
1022	1030	57.66440502245701
1021	1030	39.62582269045848
1020	1016	69.69848312257916
1019	1030	41.40500959286774
1018	1030	11.607264490312831
1017	1030	6.263894158187213
1039	1016	97.09498314895914
1016	1016	1.0
1038	1016	81.11475827483784
1015	1030	6.465560159716853
1037	1016	80.70792822999628
1014	1030	4.3812487869133445
1036	1016	154.60381668117256
1035	1016	477.2091486716395
1013	1030	109.52410171346796
1012	1030	5.689230481435661
1034	1030	132.3025903918212
1011	1031	7.095848580635696
1033	1030	117.20438294824024
1010	1030	6.263800493561234
1031	1031	4.42697020884545
1030	1030	1.6824628892698885
1008	1030	14.988856444473612
1007	1030	9.932014477174949
1029	1016	57.77709402721696
1006	1030	2130.4831244393845
1028	1030	13.559515023494379
1005	1030	9.08173013969339
1027	1030	35.88041261294728
1004	1030	13.497259325473019
1026	1030	105.30978212690806
1003	1030	7.349053707640104
1025	1030	19.56540971377653
1002	1030	4.065300875090551
1024	1030	40.06161076304922
1001	1030	4.593725320351728
1023	1030	34.81378711214703
1009	1016	42.511820184738255
=========================

Tempo:1200018.0346666668
Destinazione	 NEXTHOP	 Costo
1000	1030	3.8481303217940113
1022	1039	31.136913648800956
1021	1030	39.62582269045848
1020	1039	35.18438685845764
1019	1039	12.668353052390646
1018	1030	11.607264490312831
1017	1030	6.263894158187213
1039	1039	5.298434464581498
1016	1016	1.0
1038	1039	8.595141513688787
1015	1030	6.465560159716853
1037	1039	8.188311468847239
1014	1030	4.3812487869133445
1036	1039	105.41743938709375
1035	1039	442.695052407518
1013	1030	109.52410171346796
1012	1030	5.689230481435661
1034	1039	107.0867082836328
1011	1031	7.095848580635696
1033	1039	91.98850084005183
1010	1030	6.263800493561234
1031	1031	4.42697020884545
1030	1030	1.6824628892698885
1008	1030	14.988856444473612
1007	1030	9.932014477174949
1029	1039	23.262997763095434
1006	1030	2130.4831244393845
1028	1030	13.559515023494379
1005	1030	9.08173013969339
1027	1039	21.79877635266894
1004	1030	13.497259325473019
1026	1030	105.30978212690806
1003	1030	7.349053707640104
1025	1039	18.26185888536262
1002	1030	4.065300875090551
1024	1030	40.06161076304922
1001	1030	4.593725320351728
1023	1039	19.084452291111052
1009	1039	7.997723920616728
=========================

Tempo:1205018.0346666668
Destinazione	 NEXTHOP	 Costo
1000	1030	3.8481303217940113
1022	1011	28.58761139508819
1021	1011	10.174460855074411
1020	1039	35.18438685845764
1019	1011	11.953647757483676
1018	1030	11.607264490312831
1017	1030	6.263894158187213
1039	1039	5.298434464581498
1016	1016	1.0
1038	1039	8.595141513688787
1015	1030	6.465560159716853
1037	1039	8.188311468847239
1014	1030	4.3812487869133445
1036	1039	105.41743938709375
1035	1039	442.695052407518
1013	1011	13.189409882198078
1012	1030	5.689230481435661
1034	1011	35.96789856055133
1011	1011	5.7177131158082934
1033	1011	20.869691116970362
1010	1030	6.263800493561234
1031	1031	4.42697020884545
1030	1030	1.6824628892698885
1008	1030	14.988856444473612
1007	1030	9.932014477174949
1029	1039	23.262997763095434
1006	1030	2130.4831244393845
1028	1030	13.559515023494379
1005	1030	9.08173013969339
1027	1039	21.79877635266894
1004	1030	13.497259325473019
1026	1011	8.97509029563818
1003	1030	7.349053707640104
1025	1039	18.26185888536262
1002	1030	4.065300875090551
1024	1011	32.989595588538315
1001	1030	4.593725320351728
1023	1039	19.084452291111052
1009	1039	7.997723920616728
=========================

Tempo:1205018.0346666668
Destinazione	 NEXTHOP	 Costo
1000	1030	3.8481303217940113
1022	1011	28.58761139508819
1021	1011	10.174460855074411
1020	1039	35.18438685845764
1019	1011	11.953647757483676
1018	1030	11.607264490312831
1017	1030	6.263894158187213
1039	1039	5.298434464581498
1016	1016	0.17868250855062515
1038	1039	8.595141513688787
1015	1030	6.465560159716853
1037	1039	8.188311468847239
1014	1030	4.3812487869133445
1036	1039	105.41743938709375
1035	1039	442.695052407518
1013	1011	13.189409882198078
1012	1030	5.689230481435661
1034	1011	35.96789856055133
1011	1011	5.7177131158082934
1033	1011	20.869691116970362
1010	1030	6.263800493561234
1031	1031	4.42697020884545
1030	1030	1.6824628892698885
1008	1030	14.988856444473612
1007	1030	9.932014477174949
1029	1039	23.262997763095434
1006	1030	2130.4831244393845
1028	1030	13.559515023494379
1005	1030	9.08173013969339
1027	1039	21.79877635266894
1004	1030	13.497259325473019
1026	1011	8.97509029563818
1003	1030	7.349053707640104
1025	1039	18.26185888536262
1002	1030	4.065300875090551
1024	1011	32.989595588538315
1001	1030	4.593725320351728
1023	1039	19.084452291111052
1009	1039	7.997723920616728
=========================

Tempo:1205018.0346666668
Destinazione	 NEXTHOP	 Costo
1000	1030	3.8481303217940113
1022	1011	28.58761139508819
1021	1011	10.174460855074411
1020	1039	35.18438685845764
1019	1011	11.953647757483676
1018	1030	11.607264490312831
1017	1030	6.263894158187213
1039	1039	5.298434464581498
1016	1016	0.17868250855062515
1038	1039	8.595141513688787
1015	1030	6.465560159716853
1037	1039	8.188311468847239
1014	1030	4.3812487869133445
1036	1039	105.41743938709375
1035	1039	442.695052407518
1013	1011	13.189409882198078
1012	1030	5.689230481435661
1034	1011	35.96789856055133
1011	1011	5.7177131158082934
1033	1011	20.869691116970362
1010	1030	6.263800493561234
1031	1031	4.42697020884545
1030	1030	2.7766287202959763
1008	1030	14.988856444473612
1007	1030	9.932014477174949
1029	1039	23.262997763095434
1006	1030	2130.4831244393845
1028	1030	13.559515023494379
1005	1030	9.08173013969339
1027	1039	21.79877635266894
1004	1030	13.497259325473019
1026	1011	8.97509029563818
1003	1030	7.349053707640104
1025	1039	18.26185888536262
1002	1030	4.065300875090551
1024	1011	32.989595588538315
1001	1030	4.593725320351728
1023	1039	19.084452291111052
1009	1039	7.997723920616728
=========================

Tempo:1205018.0346666668
Destinazione	 NEXTHOP	 Costo
1000	1030	3.8481303217940113
1022	1011	28.58761139508819
1021	1011	10.174460855074411
1020	1039	35.18438685845764
1019	1011	11.953647757483676
1018	1030	11.607264490312831
1017	1030	6.263894158187213
1039	1039	5.298434464581498
1016	1016	0.17868250855062515
1038	1039	8.595141513688787
1015	1030	6.465560159716853
1037	1039	8.188311468847239
1014	1030	4.3812487869133445
1036	1039	105.41743938709375
1035	1039	442.695052407518
1013	1011	13.189409882198078
1012	1030	5.689230481435661
1034	1011	35.96789856055133
1011	1011	5.7177131158082934
1033	1011	20.869691116970362
1010	1030	6.263800493561234
1031	1031	34.72073251049823
1030	1030	2.7766287202959763
1008	1030	14.988856444473612
1007	1030	9.932014477174949
1029	1039	23.262997763095434
1006	1030	2130.4831244393845
1028	1030	13.559515023494379
1005	1030	9.08173013969339
1027	1039	21.79877635266894
1004	1030	13.497259325473019
1026	1011	8.97509029563818
1003	1030	7.349053707640104
1025	1039	18.26185888536262
1002	1030	4.065300875090551
1024	1011	32.989595588538315
1001	1030	4.593725320351728
1023	1039	19.084452291111052
1009	1039	7.997723920616728
=========================

Tempo:1205018.0346666668
Destinazione	 NEXTHOP	 Costo
1000	1030	3.8481303217940113
1022	1011	28.58761139508819
1021	1011	10.174460855074411
1020	1039	35.18438685845764
1019	1011	11.953647757483676
1018	1030	11.607264490312831
1017	1030	6.263894158187213
1039	1039	45.95377504275207
1016	1016	0.17868250855062515
1038	1039	8.595141513688787
1015	1030	6.465560159716853
1037	1039	8.188311468847239
1014	1030	4.3812487869133445
1036	1039	105.41743938709375
1035	1039	442.695052407518
1013	1011	13.189409882198078
1012	1030	5.689230481435661
1034	1011	35.96789856055133
1011	1011	5.7177131158082934
1033	1011	20.869691116970362
1010	1030	6.263800493561234
1031	1031	34.72073251049823
1030	1030	2.7766287202959763
1008	1030	14.988856444473612
1007	1030	9.932014477174949
1029	1039	23.262997763095434
1006	1030	2130.4831244393845
1028	1030	13.559515023494379
1005	1030	9.08173013969339
1027	1039	21.79877635266894
1004	1030	13.497259325473019
1026	1011	8.97509029563818
1003	1030	7.349053707640104
1025	1039	18.26185888536262
1002	1030	4.065300875090551
1024	1011	32.989595588538315
1001	1030	4.593725320351728
1023	1039	19.084452291111052
1009	1039	7.997723920616728
=========================

Tempo:1209008.0346666668
Destinazione	 NEXTHOP	 Costo
1000	1030	3.8481303217940113
1022	1011	28.58761139508819
1021	1011	10.174460855074411
1020	1039	35.18438685845764
1019	1011	11.953647757483676
1018	1030	11.607264490312831
1017	1030	6.263894158187213
1039	1039	45.95377504275207
1038	1039	8.595141513688787
1015	1030	6.465560159716853
1037	1039	8.188311468847239
1014	1030	4.3812487869133445
1036	1039	105.41743938709375
1035	1039	442.695052407518
1013	1011	13.189409882198078
1012	1030	5.689230481435661
1034	1011	35.96789856055133
1011	1011	5.7177131158082934
1033	1011	20.869691116970362
1010	1030	6.263800493561234
1031	1031	34.72073251049823
1030	1030	2.7766287202959763
1008	1030	14.988856444473612
1007	1030	9.932014477174949
1029	1039	23.262997763095434
1006	1030	2130.4831244393845
1028	1030	13.559515023494379
1005	1030	9.08173013969339
1027	1039	21.79877635266894
1004	1030	13.497259325473019
1026	1011	8.97509029563818
1003	1030	7.349053707640104
1025	1039	18.26185888536262
1002	1030	4.065300875090551
1024	1011	32.989595588538315
1001	1030	4.593725320351728
1023	1039	19.084452291111052
1009	1039	7.997723920616728
=========================

Tempo:1210018.0346666668
Destinazione	 NEXTHOP	 Costo
1000	1030	3.8481303217940113
1022	1011	28.58761139508819
1021	1011	10.174460855074411
1020	1039	35.18438685845764
1019	1011	11.953647757483676
1018	1030	11.607264490312831
1017	1030	6.263894158187213
1039	1039	45.95377504275207
1038	1039	8.595141513688787
1015	1030	6.465560159716853
1037	1039	8.188311468847239
1014	1030	4.3812487869133445
1036	1039	105.41743938709375
1035	1039	442.695052407518
1013	1011	13.189409882198078
1012	1030	5.689230481435661
1034	1011	35.96789856055133
1011	1011	31.331048531586525
1033	1011	20.869691116970362
1010	1030	6.263800493561234
1031	1031	34.72073251049823
1030	1030	2.7766287202959763
1008	1030	14.988856444473612
1007	1030	9.932014477174949
1029	1039	23.262997763095434
1006	1030	2130.4831244393845
1028	1030	13.559515023494379
1005	1030	9.08173013969339
1027	1039	21.79877635266894
1004	1030	13.497259325473019
1026	1011	8.97509029563818
1003	1030	7.349053707640104
1025	1039	18.26185888536262
1002	1030	4.065300875090551
1024	1011	32.989595588538315
1001	1030	4.593725320351728
1023	1039	19.084452291111052
1009	1039	7.997723920616728
=========================

Tempo:1210018.0346666668
Destinazione	 NEXTHOP	 Costo
1000	1030	3.8481303217940113
1022	1011	28.58761139508819
1021	1011	10.174460855074411
1020	1039	35.18438685845764
1019	1011	11.953647757483676
1018	1030	11.607264490312831
1017	1030	6.263894158187213
1039	1030	25.571152620992294
1038	1039	8.595141513688787
1015	1030	6.465560159716853
1037	1039	8.188311468847239
1014	1030	4.3812487869133445
1036	1039	105.41743938709375
1035	1039	442.695052407518
1013	1011	13.189409882198078
1012	1030	5.689230481435661
1034	1011	35.96789856055133
1011	1011	31.331048531586525
1033	1011	20.869691116970362
1010	1030	6.263800493561234
1031	1031	34.72073251049823
1030	1030	3.0189456462699322
1008	1030	14.988856444473612
1007	1030	9.932014477174949
1029	1039	23.262997763095434
1006	1030	2130.4831244393845
1028	1030	13.559515023494379
1005	1030	9.08173013969339
1027	1039	21.79877635266894
1004	1030	13.497259325473019
1026	1011	8.97509029563818
1003	1030	7.349053707640104
1025	1039	18.26185888536262
1002	1030	4.065300875090551
1024	1011	32.989595588538315
1001	1030	4.593725320351728
1023	1039	19.084452291111052
1009	1039	7.997723920616728
=========================

Tempo:1210018.0346666668
Destinazione	 NEXTHOP	 Costo
1000	1030	3.8481303217940113
1022	1011	28.58761139508819
1021	1011	10.174460855074411
1020	1039	35.18438685845764
1019	1011	11.953647757483676
1018	1030	11.607264490312831
1017	1030	6.263894158187213
1039	1030	25.571152620992294
1038	1039	8.595141513688787
1015	1030	6.465560159716853
1037	1039	8.188311468847239
1014	1030	4.3812487869133445
1036	1039	105.41743938709375
1035	1039	442.695052407518
1013	1011	13.189409882198078
1012	1030	5.689230481435661
1034	1011	35.96789856055133
1011	1011	31.331048531586525
1033	1011	20.869691116970362
1010	1030	6.263800493561234
1031	1031	30.11292138423427
1030	1030	3.0189456462699322
1008	1030	14.988856444473612
1007	1030	9.932014477174949
1029	1039	23.262997763095434
1006	1030	2130.4831244393845
1028	1030	13.559515023494379
1005	1030	9.08173013969339
1027	1039	21.79877635266894
1004	1030	13.497259325473019
1026	1011	8.97509029563818
1003	1030	7.349053707640104
1025	1039	18.26185888536262
1002	1030	4.065300875090551
1024	1011	32.989595588538315
1001	1030	4.593725320351728
1023	1039	19.084452291111052
1009	1039	7.997723920616728
=========================

Tempo:1210018.0346666668
Destinazione	 NEXTHOP	 Costo
1000	1030	3.8481303217940113
1022	1011	28.58761139508819
1021	1011	10.174460855074411
1020	1039	35.18438685845764
1019	1011	11.953647757483676
1018	1030	11.607264490312831
1017	1030	6.263894158187213
1039	1039	39.968846205057645
1038	1039	8.595141513688787
1015	1030	6.465560159716853
1037	1039	8.188311468847239
1014	1030	4.3812487869133445
1036	1039	105.41743938709375
1035	1039	442.695052407518
1013	1011	13.189409882198078
1012	1030	5.689230481435661
1034	1011	35.96789856055133
1011	1011	31.331048531586525
1033	1011	20.869691116970362
1010	1030	6.263800493561234
1031	1031	30.11292138423427
1030	1030	3.0189456462699322
1008	1030	14.988856444473612
1007	1030	9.932014477174949
1029	1039	23.262997763095434
1006	1030	2130.4831244393845
1028	1030	13.559515023494379
1005	1030	9.08173013969339
1027	1039	21.79877635266894
1004	1030	13.497259325473019
1026	1011	8.97509029563818
1003	1030	7.349053707640104
1025	1039	18.26185888536262
1002	1030	4.065300875090551
1024	1011	32.989595588538315
1001	1030	4.593725320351728
1023	1039	19.084452291111052
1009	1039	7.997723920616728
=========================

Tempo:1213008.0346666668
Destinazione	 NEXTHOP	 Costo
1000	1030	3.8481303217940113
1022	1011	28.58761139508819
1021	1011	10.174460855074411
1020	1039	35.18438685845764
1019	1011	11.953647757483676
1018	1030	11.607264490312831
1017	1030	6.263894158187213
1039	1039	39.968846205057645
1038	1039	8.595141513688787
1015	1030	6.465560159716853
1037	1039	8.188311468847239
1014	1030	4.3812487869133445
1036	1039	105.41743938709375
1035	1039	442.695052407518
1013	1011	13.189409882198078
1012	1030	5.689230481435661
1034	1011	35.96789856055133
1011	1011	31.331048531586525
1033	1011	20.869691116970362
1010	1030	6.263800493561234
1031	1031	30.11292138423427
1008	1030	14.988856444473612
1007	1030	9.932014477174949
1029	1039	23.262997763095434
1006	1030	2130.4831244393845
1028	1030	13.559515023494379
1005	1030	9.08173013969339
1027	1039	21.79877635266894
1004	1030	13.497259325473019
1026	1011	8.97509029563818
1003	1030	7.349053707640104
1025	1039	18.26185888536262
1002	1030	4.065300875090551
1024	1011	32.989595588538315
1001	1030	4.593725320351728
1023	1039	19.084452291111052
1009	1039	7.997723920616728
=========================

Tempo:1215018.0346666668
Destinazione	 NEXTHOP	 Costo
1000	1030	3.8481303217940113
1022	1011	28.58761139508819
1021	1011	10.174460855074411
1020	1039	35.18438685845764
1019	1011	11.953647757483676
1018	1030	11.607264490312831
1017	1030	6.263894158187213
1039	1039	39.968846205057645
1038	1039	8.595141513688787
1015	1030	6.465560159716853
1037	1039	8.188311468847239
1014	1030	4.3812487869133445
1036	1039	105.41743938709375
1035	1039	442.695052407518
1013	1011	13.189409882198078
1012	1030	5.689230481435661
1034	1011	35.96789856055133
1011	1011	18.655643673209735
1033	1011	20.869691116970362
1010	1030	6.263800493561234
1031	1031	30.11292138423427
1008	1030	14.988856444473612
1007	1030	9.932014477174949
1029	1039	23.262997763095434
1006	1030	2130.4831244393845
1028	1030	13.559515023494379
1005	1030	9.08173013969339
1027	1039	21.79877635266894
1004	1030	13.497259325473019
1026	1011	8.97509029563818
1003	1030	7.349053707640104
1025	1039	18.26185888536262
1002	1030	4.065300875090551
1024	1011	32.989595588538315
1001	1030	4.593725320351728
1023	1039	19.084452291111052
1009	1039	7.997723920616728
=========================

Tempo:1215018.0346666668
Destinazione	 NEXTHOP	 Costo
1000	1030	3.8481303217940113
1022	1011	28.58761139508819
1021	1011	10.174460855074411
1020	1039	35.18438685845764
1019	1011	11.953647757483676
1018	1030	11.607264490312831
1017	1030	6.263894158187213
1039	1039	39.968846205057645
1038	1039	8.595141513688787
1015	1030	6.465560159716853
1037	1039	8.188311468847239
1014	1030	4.3812487869133445
1036	1039	105.41743938709375
1035	1039	442.695052407518
1013	1011	13.189409882198078
1012	1030	5.689230481435661
1034	1011	35.96789856055133
1011	1011	18.655643673209735
1033	1011	20.869691116970362
1010	1030	6.263800493561234
1031	1031	25.77645916002567
1008	1030	14.988856444473612
1007	1030	9.932014477174949
1029	1039	23.262997763095434
1006	1030	2130.4831244393845
1028	1030	13.559515023494379
1005	1030	9.08173013969339
1027	1039	21.79877635266894
1004	1030	13.497259325473019
1026	1011	8.97509029563818
1003	1030	7.349053707640104
1025	1039	18.26185888536262
1002	1030	4.065300875090551
1024	1011	32.989595588538315
1001	1030	4.593725320351728
1023	1039	19.084452291111052
1009	1039	7.997723920616728
=========================

Tempo:1215018.0346666668
Destinazione	 NEXTHOP	 Costo
1000	1030	3.8481303217940113
1022	1011	28.58761139508819
1021	1011	10.174460855074411
1019	1011	11.953647757483676
1018	1030	11.607264490312831
1017	1030	6.263894158187213
1015	1030	6.465560159716853
1014	1030	4.3812487869133445
1013	1011	13.189409882198078
1012	1030	5.689230481435661
1034	1011	35.96789856055133
1011	1011	18.655643673209735
1033	1011	20.869691116970362
1010	1030	6.263800493561234
1031	1031	25.77645916002567
1008	1030	14.988856444473612
1007	1030	9.932014477174949
1006	1030	2130.4831244393845
1028	1030	13.559515023494379
1005	1030	9.08173013969339
1004	1030	13.497259325473019
1026	1011	8.97509029563818
1003	1030	7.349053707640104
1002	1030	4.065300875090551
1024	1011	32.989595588538315
1001	1030	4.593725320351728
=========================

Tempo:1220018.0346666668
Destinazione	 NEXTHOP	 Costo
1000	1030	3.8481303217940113
1022	1011	28.58761139508819
1021	1011	10.174460855074411
1020	1011	57.57606644588347
1019	1011	11.953647757483676
1018	1030	11.607264490312831
1017	1030	6.263894158187213
1039	1011	440.95983568223113
1038	1011	409.5861309908623
1015	1030	6.465560159716853
1037	1011	409.17930094602076
1014	1030	4.3812487869133445
1036	1011	210.43558247955625
1013	1011	13.189409882198078
1035	1011	721.961233906348
1012	1030	5.689230481435661
1034	1011	35.96789856055133
1011	1011	17.201787306257838
1033	1011	20.869691116970362
1010	1030	6.263800493561234
1031	1031	25.77645916002567
1008	1030	14.988856444473612
1007	1030	9.932014477174949
1029	1011	424.25398724026894
1006	1030	2130.4831244393845
1028	1030	13.559515023494379
1005	1030	9.08173013969339
1027	1011	44.190455940094765
1004	1030	13.497259325473019
1026	1011	8.97509029563818
1003	1030	7.349053707640104
1025	1011	40.65353847278844
1002	1030	4.065300875090551
1024	1011	32.989595588538315
1001	1030	4.593725320351728
1023	1011	43.41022201320229
1009	1011	23.50660700055166
=========================

Tempo:1220018.0346666668
Destinazione	 NEXTHOP	 Costo
1000	1030	3.8481303217940113
1022	1011	28.58761139508819
1021	1011	10.174460855074411
1020	1011	57.57606644588347
1019	1011	11.953647757483676
1018	1030	11.607264490312831
1017	1030	6.263894158187213
1039	1031	317.84634122429196
1038	1031	309.0308605195465
1015	1030	6.465560159716853
1037	1031	309.2496597749502
1014	1030	4.3812487869133445
1036	1011	210.43558247955625
1013	1011	13.189409882198078
1035	1031	704.1608926918668
1012	1030	5.689230481435661
1034	1011	35.96789856055133
1011	1011	17.201787306257838
1033	1011	20.869691116970362
1010	1030	6.263800493561234
1031	1031	22.70896223547592
1008	1030	14.988856444473612
1007	1030	9.932014477174949
1029	1031	284.7288380474443
1006	1030	2130.4831244393845
1028	1030	13.559515023494379
1005	1030	9.08173013969339
1027	1011	44.190455940094765
1004	1030	13.497259325473019
1026	1011	8.97509029563818
1003	1030	7.349053707640104
1025	1031	40.57445073839823
1002	1030	4.065300875090551
1024	1011	32.989595588538315
1001	1030	4.593725320351728
1023	1011	43.41022201320229
1009	1011	23.50660700055166
=========================

Tempo:1220018.0346666668
Destinazione	 NEXTHOP	 Costo
1000	1030	3.8481303217940113
1022	1011	28.58761139508819
1021	1011	10.174460855074411
1020	1011	57.57606644588347
1019	1011	11.953647757483676
1018	1030	11.607264490312831
1017	1030	6.263894158187213
1039	1031	317.84634122429196
1038	1031	309.0308605195465
1015	1030	6.465560159716853
1037	1031	309.2496597749502
1014	1030	4.3812487869133445
1036	1011	210.43558247955625
1013	1011	13.189409882198078
1035	1031	704.1608926918668
1012	1030	5.689230481435661
1034	1011	35.96789856055133
1011	1011	17.201787306257838
1033	1011	20.869691116970362
1010	1030	6.263800493561234
1031	1031	22.70896223547592
1008	1030	14.988856444473612
1007	1030	9.932014477174949
1029	1031	284.7288380474443
1006	1030	2130.4831244393845
1028	1030	13.559515023494379
1005	1030	9.08173013969339
1027	1011	44.190455940094765
1004	1030	13.497259325473019
1026	1011	8.97509029563818
1003	1030	7.349053707640104
1025	1031	40.57445073839823
1002	1030	4.065300875090551
1024	1011	32.989595588538315
1001	1030	4.593725320351728
1023	1011	43.41022201320229
1009	1011	23.50660700055166
=========================

Tempo:1225018.0346666668
Destinazione	 NEXTHOP	 Costo
1000	1030	3.8481303217940113
1022	1011	28.58761139508819
1021	1011	10.174460855074411
1020	1011	57.15418349498691
1019	1011	11.953647757483676
1018	1030	11.607264490312831
1017	1030	6.263894158187213
1039	1031	317.84634122429196
1038	1031	309.0308605195465
1015	1030	6.465560159716853
1037	1031	309.2496597749502
1014	1030	4.3812487869133445
1036	1011	210.01369952865969
1013	1011	13.189409882198078
1035	1031	704.1608926918668
1012	1030	5.689230481435661
1034	1011	35.96789856055133
1011	1011	16.779904355361282
1033	1011	20.869691116970362
1010	1030	6.263800493561234
1031	1031	22.70896223547592
1008	1030	14.988856444473612
1007	1030	9.932014477174949
1029	1031	284.7288380474443
1006	1030	2130.4831244393845
1028	1030	13.559515023494379
1005	1030	9.08173013969339
1027	1011	43.768572989198205
1004	1030	13.497259325473019
1026	1011	8.97509029563818
1003	1030	7.349053707640104
1025	1011	40.23165552189188
1002	1030	4.065300875090551
1024	1011	32.989595588538315
1001	1030	4.593725320351728
1023	1011	42.98833906230573
1009	1011	23.084724049655104
=========================

Tempo:1225018.0346666668
Destinazione	 NEXTHOP	 Costo
1000	1030	3.8481303217940113
1022	1011	28.58761139508819
1021	1011	10.174460855074411
1020	1011	57.15418349498691
1019	1011	11.953647757483676
1018	1030	11.607264490312831
1017	1030	6.263894158187213
1039	1031	314.476759686557
1038	1031	305.6612789818115
1015	1030	6.465560159716853
1037	1031	305.88007823721523
1014	1030	4.3812487869133445
1036	1011	210.01369952865969
1013	1011	13.189409882198078
1035	1031	700.7913111541318
1012	1030	5.689230481435661
1034	1011	35.96789856055133
1011	1011	16.779904355361282
1033	1011	20.869691116970362
1010	1030	6.263800493561234
1031	1031	19.33938069774095
1008	1030	14.988856444473612
1007	1030	9.932014477174949
1029	1031	281.3592565097093
1006	1030	2130.4831244393845
1028	1030	13.559515023494379
1005	1030	9.08173013969339
1027	1011	43.768572989198205
1004	1030	13.497259325473019
1026	1011	8.97509029563818
1003	1030	7.349053707640104
1025	1031	37.20486920066326
1002	1030	4.065300875090551
1024	1011	32.989595588538315
1001	1030	4.593725320351728
1023	1011	42.98833906230573
1009	1011	23.084724049655104
=========================

Tempo:1225018.0346666668
Destinazione	 NEXTHOP	 Costo
1000	1030	3.8481303217940113
1022	1011	28.58761139508819
1021	1011	10.174460855074411
1020	1011	57.15418349498691
1019	1011	11.953647757483676
1018	1030	11.607264490312831
1017	1030	6.263894158187213
1039	1031	314.476759686557
1038	1031	305.6612789818115
1015	1030	6.465560159716853
1037	1031	305.88007823721523
1014	1030	4.3812487869133445
1036	1011	210.01369952865969
1013	1011	13.189409882198078
1035	1031	700.7913111541318
1012	1030	5.689230481435661
1034	1011	35.96789856055133
1011	1011	16.779904355361282
1033	1011	20.869691116970362
1010	1030	6.263800493561234
1031	1031	19.33938069774095
1008	1030	14.988856444473612
1007	1030	9.932014477174949
1029	1031	281.3592565097093
1006	1030	2130.4831244393845
1028	1030	13.559515023494379
1005	1030	9.08173013969339
1027	1011	43.768572989198205
1004	1030	13.497259325473019
1026	1011	8.97509029563818
1003	1030	7.349053707640104
1025	1031	37.20486920066326
1002	1030	4.065300875090551
1024	1011	32.989595588538315
1001	1030	4.593725320351728
1023	1011	42.98833906230573
1009	1011	23.084724049655104
=========================

Tempo:1230018.0346666668
Destinazione	 NEXTHOP	 Costo
1000	1030	3.8481303217940113
1022	1011	28.58761139508819
1021	1011	10.174460855074411
1020	1011	54.8748593521405
1019	1011	11.953647757483676
1018	1030	11.607264490312831
1017	1030	6.263894158187213
1039	1031	314.476759686557
1038	1031	305.6612789818115
1015	1030	6.465560159716853
1037	1031	305.88007823721523
1014	1030	4.3812487869133445
1036	1011	207.73437538581328
1013	1011	13.189409882198078
1035	1031	700.7913111541318
1012	1030	5.689230481435661
1034	1011	35.96789856055133
1011	1011	14.500580212514869
1033	1011	20.869691116970362
1010	1030	6.263800493561234
1031	1031	19.33938069774095
1008	1030	14.988856444473612
1007	1030	9.932014477174949
1029	1031	281.3592565097093
1006	1030	2130.4831244393845
1028	1030	13.559515023494379
1005	1030	9.08173013969339
1027	1011	41.48924884635179
1004	1030	13.497259325473019
1026	1011	8.97509029563818
1003	1030	7.349053707640104
1025	1031	37.20486920066326
1002	1030	4.065300875090551
1024	1011	32.989595588538315
1001	1030	4.593725320351728
1023	1011	40.70901491945932
1009	1011	20.80539990680869
=========================

Tempo:1230018.0346666668
Destinazione	 NEXTHOP	 Costo
1000	1030	3.8481303217940113
1022	1011	28.58761139508819
1021	1011	10.174460855074411
1020	1011	54.8748593521405
1019	1011	11.953647757483676
1018	1030	11.607264490312831
1017	1030	6.263894158187213
1039	1031	309.03514644291596
1038	1031	305.6612789818115
1016	1031	1235.874194035694
1015	1030	6.465560159716853
1037	1031	300.4384649935742
1014	1030	4.3812487869133445
1036	1011	207.73437538581328
1013	1011	13.189409882198078
1035	1031	695.3496979104907
1012	1030	5.689230481435661
1034	1011	35.96789856055133
1011	1011	14.500580212514869
1033	1011	20.869691116970362
1010	1030	6.263800493561234
1031	1031	13.897767454099881
1008	1030	14.988856444473612
1007	1030	9.932014477174949
1029	1031	275.9176432660683
1006	1030	2130.4831244393845
1028	1030	13.559515023494379
1005	1030	9.08173013969339
1027	1011	41.48924884635179
1004	1030	13.497259325473019
1026	1011	8.97509029563818
1003	1030	7.349053707640104
1025	1031	31.763255957022192
1002	1030	4.065300875090551
1024	1011	32.989595588538315
1001	1030	4.593725320351728
1023	1011	40.70901491945932
1009	1011	20.80539990680869
=========================

Tempo:1230018.0346666668
Destinazione	 NEXTHOP	 Costo
1000	1030	3.8481303217940113
1022	1011	28.58761139508819
1021	1011	10.174460855074411
1020	1011	54.8748593521405
1019	1011	11.953647757483676
1018	1030	11.607264490312831
1017	1030	6.263894158187213
1039	1031	309.03514644291596
1038	1031	305.6612789818115
1016	1031	1235.874194035694
1015	1030	6.465560159716853
1037	1031	300.4384649935742
1014	1030	4.3812487869133445
1036	1011	207.73437538581328
1013	1011	13.189409882198078
1035	1031	695.3496979104907
1012	1030	5.689230481435661
1034	1011	35.96789856055133
1011	1011	14.500580212514869
1033	1011	20.869691116970362
1010	1030	6.263800493561234
1031	1031	13.897767454099881
1008	1030	14.988856444473612
1007	1030	9.932014477174949
1029	1031	275.9176432660683
1006	1030	2130.4831244393845
1028	1030	13.559515023494379
1005	1030	9.08173013969339
1027	1011	41.48924884635179
1004	1030	13.497259325473019
1026	1011	8.97509029563818
1003	1030	7.349053707640104
1025	1031	31.763255957022192
1002	1030	4.065300875090551
1024	1011	32.989595588538315
1001	1030	4.593725320351728
1023	1011	40.70901491945932
1009	1011	20.80539990680869
=========================

Tempo:1230018.0346666668
Destinazione	 NEXTHOP	 Costo
1000	1030	3.8481303217940113
1022	1011	28.58761139508819
1021	1011	10.174460855074411
1020	1041	51.528993993491326
1041	1041	10.154714853865702
1019	1011	11.953647757483676
1018	1030	11.607264490312831
1017	1030	6.263894158187213
1039	1041	305.82008105141864
1038	1031	305.6612789818115
1016	1041	1232.6591286441967
1015	1030	6.465560159716853
1037	1041	297.2233996020769
1014	1030	4.3812487869133445
1036	1041	204.3885100271641
1013	1011	13.189409882198078
1035	1041	692.1346325189935
1012	1030	5.689230481435661
1034	1011	35.96789856055133
1011	1041	11.154714853865702
1033	1011	20.869691116970362
1010	1030	6.263800493561234
1031	1041	10.682702062602578
1008	1030	14.988856444473612
1007	1030	9.932014477174949
1029	1041	272.702577874571
1006	1030	2130.4831244393845
1028	1030	13.559515023494379
1005	1030	9.08173013969339
1027	1041	38.14338348770262
1004	1030	13.497259325473019
1026	1011	8.97509029563818
1003	1030	7.349053707640104
1025	1041	28.54819056552489
1002	1030	4.065300875090551
1024	1011	32.989595588538315
1001	1030	4.593725320351728
1023	1041	37.36314956081015
1009	1041	17.459534548159525
=========================

Tempo:1235018.0346666668
Destinazione	 NEXTHOP	 Costo
1000	1030	3.8481303217940113
1022	1011	28.58761139508819
1021	1011	10.174460855074411
1020	1011	51.513064144183915
1041	1041	10.154714853865702
1019	1011	11.953647757483676
1018	1030	11.607264490312831
1017	1030	6.263894158187213
1039	1041	305.82008105141864
1038	1031	305.6612789818115
1016	1041	1232.6591286441967
1015	1030	6.465560159716853
1037	1041	297.2233996020769
1014	1030	4.3812487869133445
1036	1011	204.3725801778567
1013	1011	13.189409882198078
1035	1041	692.1346325189935
1012	1030	5.689230481435661
1034	1011	35.96789856055133
1011	1011	11.138785004558285
1033	1011	20.869691116970362
1010	1030	6.263800493561234
1031	1041	10.682702062602578
1008	1030	14.988856444473612
1007	1030	9.932014477174949
1029	1041	272.702577874571
1006	1030	2130.4831244393845
1028	1030	13.559515023494379
1005	1030	9.08173013969339
1027	1011	38.12745363839521
1004	1030	13.497259325473019
1026	1011	8.97509029563818
1003	1030	7.349053707640104
1025	1041	28.54819056552489
1002	1030	4.065300875090551
1024	1011	32.989595588538315
1001	1030	4.593725320351728
1023	1011	37.34721971150273
1009	1011	17.443604698852106
=========================

Tempo:1235018.0346666668
Destinazione	 NEXTHOP	 Costo
1000	1030	3.8481303217940113
1022	1011	28.58761139508819
1021	1011	10.174460855074411
1020	1011	51.513064144183915
1041	1041	10.154714853865702
1019	1011	11.953647757483676
1018	1030	11.607264490312831
1017	1030	6.263894158187213
1039	1041	305.82008105141864
1038	1031	305.6612789818115
1016	1031	1157.7260346520607
1015	1030	6.465560159716853
1037	1041	297.2233996020769
1014	1030	4.3812487869133445
1036	1011	204.3725801778567
1013	1011	13.189409882198078
1035	1041	692.1346325189935
1012	1030	5.689230481435661
1034	1011	35.96789856055133
1011	1011	11.138785004558285
1033	1011	20.869691116970362
1010	1030	6.263800493561234
1031	1031	11.579132953788001
1008	1030	14.988856444473612
1007	1030	9.932014477174949
1029	1041	272.702577874571
1006	1030	2130.4831244393845
1028	1030	13.559515023494379
1005	1030	9.08173013969339
1027	1011	38.12745363839521
1004	1030	13.497259325473019
1026	1011	8.97509029563818
1003	1030	7.349053707640104
1025	1041	28.54819056552489
1002	1030	4.065300875090551
1024	1011	32.989595588538315
1001	1030	4.593725320351728
1023	1011	37.34721971150273
1009	1011	17.443604698852106
=========================

Tempo:1235018.0346666668
Destinazione	 NEXTHOP	 Costo
1000	1030	3.8481303217940113
1022	1011	28.58761139508819
1021	1011	10.174460855074411
1020	1011	51.513064144183915
1041	1041	10.154714853865702
1019	1011	11.953647757483676
1018	1030	11.607264490312831
1017	1030	6.263894158187213
1039	1041	305.82008105141864
1038	1031	305.6612789818115
1016	1031	1157.7260346520607
1015	1030	6.465560159716853
1037	1041	297.2233996020769
1014	1030	4.3812487869133445
1036	1011	204.3725801778567
1013	1011	13.189409882198078
1035	1041	692.1346325189935
1012	1030	5.689230481435661
1034	1011	35.96789856055133
1011	1011	11.138785004558285
1033	1011	20.869691116970362
1010	1030	6.263800493561234
1031	1031	11.579132953788001
1008	1030	14.988856444473612
1007	1030	9.932014477174949
1029	1041	272.702577874571
1006	1030	2130.4831244393845
1028	1030	13.559515023494379
1005	1030	9.08173013969339
1027	1011	38.12745363839521
1004	1030	13.497259325473019
1026	1011	8.97509029563818
1003	1030	7.349053707640104
1025	1041	28.54819056552489
1002	1030	4.065300875090551
1024	1011	32.989595588538315
1001	1030	4.593725320351728
1023	1011	37.34721971150273
1009	1011	17.443604698852106
=========================

Tempo:1235018.0346666668
Destinazione	 NEXTHOP	 Costo
1000	1030	3.8481303217940113
1022	1011	28.58761139508819
1021	1011	10.174460855074411
1020	1041	48.239441626484776
1041	1041	6.8651624868591465
1019	1011	11.953647757483676
1018	1030	11.607264490312831
1017	1030	6.263894158187213
1039	1041	302.4027115655864
1038	1031	305.6612789818115
1016	1041	1153.412234275043
1015	1030	6.465560159716853
1037	1041	293.80603011624464
1014	1030	4.3812487869133445
1036	1041	201.09895766015754
1013	1011	13.189409882198078
1035	1041	688.7172630331612
1012	1030	5.689230481435661
1034	1011	35.96789856055133
1011	1041	9.951793314273765
1033	1011	20.869691116970362
1010	1030	6.263800493561234
1031	1041	7.265332576770344
1008	1030	14.988856444473612
1007	1030	9.932014477174949
1029	1041	269.28520838873874
1006	1030	2130.4831244393845
1028	1030	13.559515023494379
1005	1030	9.08173013969339
1027	1041	34.85383112069607
1004	1030	13.497259325473019
1026	1011	8.97509029563818
1003	1030	7.349053707640104
1025	1041	25.13082107969265
1002	1030	4.065300875090551
1024	1011	32.989595588538315
1001	1030	4.593725320351728
1023	1041	34.07359719380359
1009	1041	14.16998218115297
=========================

Tempo:1237008.0346666668
Destinazione	 NEXTHOP	 Costo
1000	1030	3.8481303217940113
1022	1011	28.58761139508819
1021	1011	10.174460855074411
1020	1041	48.239441626484776
1041	1041	6.8651624868591465
1019	1011	11.953647757483676
1018	1030	11.607264490312831
1017	1030	6.263894158187213
1039	1041	302.4027115655864
1038	1031	305.6612789818115
1016	1041	1153.412234275043
1015	1030	6.465560159716853
1037	1041	293.80603011624464
1014	1030	4.3812487869133445
1036	1041	201.09895766015754
1013	1011	13.189409882198078
1035	1041	688.7172630331612
1012	1030	5.689230481435661
1034	1011	35.96789856055133
1011	1041	9.951793314273765
1033	1011	20.869691116970362
1010	1030	6.263800493561234
1008	1030	14.988856444473612
1007	1030	9.932014477174949
1029	1041	269.28520838873874
1006	1030	2130.4831244393845
1028	1030	13.559515023494379
1005	1030	9.08173013969339
1027	1041	34.85383112069607
1004	1030	13.497259325473019
1026	1011	8.97509029563818
1003	1030	7.349053707640104
1025	1041	25.13082107969265
1002	1030	4.065300875090551
1024	1011	32.989595588538315
1001	1030	4.593725320351728
1023	1041	34.07359719380359
1009	1041	14.16998218115297
=========================

Tempo:1240018.0346666668
Destinazione	 NEXTHOP	 Costo
1000	1030	3.8481303217940113
1022	1011	28.58761139508819
1021	1011	10.174460855074411
1020	1041	48.239441626484776
1041	1041	6.8651624868591465
1019	1011	11.953647757483676
1018	1030	11.607264490312831
1017	1030	6.263894158187213
1039	1041	302.4027115655864
1038	1031	305.6612789818115
1016	1041	1153.412234275043
1015	1030	6.465560159716853
1037	1041	293.80603011624464
1014	1030	4.3812487869133445
1036	1041	201.09895766015754
1013	1011	13.189409882198078
1035	1041	688.7172630331612
1012	1030	5.689230481435661
1034	1011	35.96789856055133
1011	1011	11.709740581294662
1033	1011	20.869691116970362
1010	1030	6.263800493561234
1008	1030	14.988856444473612
1007	1030	9.932014477174949
1029	1041	269.28520838873874
1006	1030	2130.4831244393845
1028	1030	13.559515023494379
1005	1030	9.08173013969339
1027	1041	34.85383112069607
1004	1030	13.497259325473019
1026	1011	8.97509029563818
1003	1030	7.349053707640104
1025	1041	25.13082107969265
1002	1030	4.065300875090551
1024	1011	32.989595588538315
1001	1030	4.593725320351728
1023	1041	34.07359719380359
1009	1041	14.16998218115297
=========================

Tempo:1240018.0346666668
Destinazione	 NEXTHOP	 Costo
1000	1030	3.8481303217940113
1022	1011	28.58761139508819
1021	1011	10.174460855074411
1020	1041	48.239441626484776
1041	1041	6.8651624868591465
1019	1011	11.953647757483676
1018	1030	11.607264490312831
1017	1030	6.263894158187213
1039	1041	302.4027115655864
1038	1031	305.6612789818115
1016	1041	1153.412234275043
1015	1030	6.465560159716853
1037	1041	293.80603011624464
1014	1030	4.3812487869133445
1036	1041	201.09895766015754
1013	1011	13.189409882198078
1035	1041	688.7172630331612
1012	1030	5.689230481435661
1034	1011	35.96789856055133
1011	1011	11.709740581294662
1033	1011	20.869691116970362
1010	1030	6.263800493561234
1008	1030	14.988856444473612
1007	1030	9.932014477174949
1029	1041	269.28520838873874
1006	1030	2130.4831244393845
1028	1030	13.559515023494379
1005	1030	9.08173013969339
1027	1041	34.85383112069607
1004	1030	13.497259325473019
1026	1011	8.97509029563818
1003	1030	7.349053707640104
1025	1041	25.13082107969265
1002	1030	4.065300875090551
1024	1011	32.989595588538315
1001	1030	4.593725320351728
1023	1041	34.07359719380359
1009	1041	14.16998218115297
=========================

Tempo:1240018.0346666668
Destinazione	 NEXTHOP	 Costo
1000	1030	3.8481303217940113
1022	1011	28.58761139508819
1021	1011	10.174460855074411
1020	1041	48.239441626484776
1041	1041	6.8651624868591465
1019	1011	11.953647757483676
1018	1030	11.607264490312831
1017	1030	6.263894158187213
1039	1041	302.4027115655864
1038	1031	305.6612789818115
1016	1041	1153.412234275043
1015	1030	6.465560159716853
1037	1041	293.80603011624464
1014	1030	4.3812487869133445
1036	1041	201.09895766015754
1013	1011	13.189409882198078
1035	1041	688.7172630331612
1012	1030	5.689230481435661
1034	1011	35.96789856055133
1011	1011	11.709740581294662
1033	1011	20.869691116970362
1010	1030	6.263800493561234
1008	1030	14.988856444473612
1007	1030	9.932014477174949
1029	1041	269.28520838873874
1006	1030	2130.4831244393845
1028	1030	13.559515023494379
1005	1030	9.08173013969339
1027	1041	34.85383112069607
1004	1030	13.497259325473019
1026	1011	8.97509029563818
1003	1030	7.349053707640104
1025	1041	25.13082107969265
1002	1030	4.065300875090551
1024	1011	32.989595588538315
1001	1030	4.593725320351728
1023	1041	34.07359719380359
1009	1041	14.16998218115297
=========================

Tempo:1240018.0346666668
Destinazione	 NEXTHOP	 Costo
1000	1030	3.8481303217940113
1022	1011	28.58761139508819
1021	1011	10.174460855074411
1020	1041	48.239441626484776
1041	1041	6.8651624868591465
1019	1011	11.953647757483676
1018	1030	11.607264490312831
1017	1030	6.263894158187213
1039	1041	302.4027115655864
1038	1031	305.6612789818115
1016	1041	1153.412234275043
1015	1030	6.465560159716853
1037	1041	293.80603011624464
1014	1030	4.3812487869133445
1036	1041	201.09895766015754
1013	1011	13.189409882198078
1035	1041	688.7172630331612
1012	1030	5.689230481435661
1034	1011	35.96789856055133
1011	1011	11.709740581294662
1033	1011	20.869691116970362
1010	1030	6.263800493561234
1008	1030	14.988856444473612
1007	1030	9.932014477174949
1029	1041	269.28520838873874
1006	1030	2130.4831244393845
1028	1030	13.559515023494379
1005	1030	9.08173013969339
1027	1041	34.85383112069607
1004	1030	13.497259325473019
1026	1011	8.97509029563818
1003	1030	7.349053707640104
1025	1041	25.13082107969265
1002	1030	4.065300875090551
1024	1011	32.989595588538315
1001	1030	4.593725320351728
1023	1041	34.07359719380359
1009	1041	14.16998218115297
=========================

Tempo:1240018.0346666668
Destinazione	 NEXTHOP	 Costo
1000	1030	3.8481303217940113
1022	1011	28.58761139508819
1021	1011	10.174460855074411
1020	1041	47.77806538199976
1041	1041	6.403786242374131
1019	1011	11.953647757483676
1018	1030	11.607264490312831
1017	1030	6.263894158187213
1039	1041	301.94133532110135
1038	1031	305.6612789818115
1016	1041	1152.9508580305578
1015	1030	6.465560159716853
1037	1041	293.3446538717596
1014	1030	4.3812487869133445
1036	1041	200.63758141567254
1013	1011	13.189409882198078
1035	1041	688.2558867886762
1012	1030	5.689230481435661
1034	1011	35.96789856055133
1011	1041	8.670879312689017
1033	1011	20.869691116970362
1010	1030	6.263800493561234
1008	1030	14.988856444473612
1007	1030	9.932014477174949
1029	1041	268.8238321442537
1006	1030	2130.4831244393845
1028	1030	13.559515023494379
1005	1030	9.08173013969339
1027	1041	34.392454876211055
1004	1030	13.497259325473019
1026	1011	8.97509029563818
1003	1030	7.349053707640104
1025	1041	24.66944483520764
1002	1030	4.065300875090551
1024	1011	32.989595588538315
1001	1030	4.593725320351728
1023	1041	33.612220949318576
1009	1041	13.708605936667954
=========================

Tempo:1245018.0346666668
Destinazione	 NEXTHOP	 Costo
1000	1030	3.8481303217940113
1022	1011	28.58761139508819
1021	1011	10.174460855074411
1020	1041	47.77806538199976
1041	1041	6.403786242374131
1019	1011	11.953647757483676
1018	1030	11.607264490312831
1017	1030	6.263894158187213
1039	1041	301.94133532110135
1038	1031	305.6612789818115
1016	1041	1152.9508580305578
1015	1030	6.465560159716853
1037	1041	293.3446538717596
1014	1030	4.3812487869133445
1036	1041	200.63758141567254
1013	1011	13.189409882198078
1035	1041	688.2558867886762
1012	1030	5.689230481435661
1034	1011	35.96789856055133
1011	1011	14.901684755865798
1033	1011	20.869691116970362
1010	1030	6.263800493561234
1008	1030	14.988856444473612
1007	1030	9.932014477174949
1029	1041	268.8238321442537
1006	1030	2130.4831244393845
1028	1030	13.559515023494379
1005	1030	9.08173013969339
1027	1041	34.392454876211055
1004	1030	13.497259325473019
1026	1011	8.97509029563818
1003	1030	7.349053707640104
1025	1041	24.66944483520764
1002	1030	4.065300875090551
1024	1011	32.989595588538315
1001	1030	4.593725320351728
1023	1041	33.612220949318576
1009	1041	13.708605936667954
=========================

Tempo:1245018.0346666668
Destinazione	 NEXTHOP	 Costo
1000	1030	3.8481303217940113
1022	1011	28.58761139508819
1021	1011	10.174460855074411
1020	1041	47.77806538199976
1041	1041	6.403786242374131
1019	1011	11.953647757483676
1018	1030	11.607264490312831
1017	1030	6.263894158187213
1039	1041	301.94133532110135
1038	1031	305.6612789818115
1016	1041	1152.9508580305578
1015	1030	6.465560159716853
1037	1041	293.3446538717596
1014	1030	4.3812487869133445
1036	1041	200.63758141567254
1013	1011	13.189409882198078
1035	1041	688.2558867886762
1012	1030	5.689230481435661
1034	1011	35.96789856055133
1011	1011	14.901684755865798
1033	1011	20.869691116970362
1010	1030	6.263800493561234
1008	1030	14.988856444473612
1007	1030	9.932014477174949
1029	1041	268.8238321442537
1006	1030	2130.4831244393845
1028	1030	13.559515023494379
1005	1030	9.08173013969339
1027	1041	34.392454876211055
1004	1030	13.497259325473019
1026	1011	8.97509029563818
1003	1030	7.349053707640104
1025	1041	24.66944483520764
1002	1030	4.065300875090551
1024	1011	32.989595588538315
1001	1030	4.593725320351728
1023	1041	33.612220949318576
1009	1041	13.708605936667954
=========================

Tempo:1245018.0346666668
Destinazione	 NEXTHOP	 Costo
1000	1030	3.8481303217940113
1022	1011	28.58761139508819
1021	1011	10.174460855074411
1020	1041	47.77806538199976
1041	1041	6.403786242374131
1019	1011	11.953647757483676
1018	1030	11.607264490312831
1017	1030	6.263894158187213
1039	1035	51.29799866929851
1038	1035	54.5947057184058
1016	1035	30.823508745290003
1015	1030	6.465560159716853
1037	1035	54.18787567356425
1014	1030	4.3812487869133445
1036	1041	200.63758141567254
1013	1011	13.189409882198078
1035	1035	17.86270024972783
1012	1030	5.689230481435661
1034	1011	35.96789856055133
1011	1011	14.901684755865798
1033	1011	20.869691116970362
1010	1030	6.263800493561234
1031	1035	370.96486286155834
1030	1035	47.15055999511803
1008	1030	14.988856444473612
1007	1030	9.932014477174949
1029	1035	41.773319819169245
1006	1030	2130.4831244393845
1028	1030	13.559515023494379
1005	1030	9.08173013969339
1027	1041	34.392454876211055
1004	1030	13.497259325473019
1026	1011	8.97509029563818
1003	1030	7.349053707640104
1025	1041	24.66944483520764
1002	1030	4.065300875090551
1024	1011	32.989595588538315
1001	1030	4.593725320351728
1023	1041	33.612220949318576
1009	1041	13.708605936667954
=========================

Tempo:1245018.0346666668
Destinazione	 NEXTHOP	 Costo
1000	1030	3.8481303217940113
1022	1011	28.58761139508819
1021	1011	10.174460855074411
1020	1041	47.77806538199976
1041	1041	6.403786242374131
1019	1011	11.953647757483676
1018	1030	11.607264490312831
1017	1030	6.263894158187213
1039	1035	51.29799866929851
1038	1035	54.5947057184058
1016	1035	30.823508745290003
1015	1030	6.465560159716853
1037	1035	54.18787567356425
1014	1030	4.3812487869133445
1036	1041	200.63758141567254
1013	1011	13.189409882198078
1035	1035	17.86270024972783
1012	1030	5.689230481435661
1034	1011	35.96789856055133
1011	1011	14.901684755865798
1033	1011	20.869691116970362
1010	1030	6.263800493561234
1031	1035	370.96486286155834
1030	1035	47.15055999511803
1008	1030	14.988856444473612
1007	1030	9.932014477174949
1029	1035	41.773319819169245
1006	1030	2130.4831244393845
1028	1030	13.559515023494379
1005	1030	9.08173013969339
1027	1041	34.392454876211055
1004	1030	13.497259325473019
1026	1011	8.97509029563818
1003	1030	7.349053707640104
1025	1041	24.66944483520764
1002	1030	4.065300875090551
1024	1011	32.989595588538315
1001	1030	4.593725320351728
1023	1041	33.612220949318576
1009	1041	13.708605936667954
=========================

Tempo:1245018.0346666668
Destinazione	 NEXTHOP	 Costo
1000	1030	3.8481303217940113
1022	1011	28.58761139508819
1021	1011	10.174460855074411
1020	1041	47.19492215288134
1041	1041	5.820643013255713
1019	1011	11.953647757483676
1018	1030	11.607264490312831
1017	1030	6.263894158187213
1039	1035	51.29799866929851
1038	1035	54.5947057184058
1016	1035	30.823508745290003
1015	1030	6.465560159716853
1037	1035	54.18787567356425
1014	1030	4.3812487869133445
1036	1041	200.0544381865541
1013	1011	13.189409882198078
1035	1035	17.86270024972783
1012	1030	5.689230481435661
1034	1011	35.96789856055133
1011	1041	7.562164208199311
1033	1011	20.869691116970362
1010	1030	6.263800493561234
1031	1035	370.96486286155834
1030	1035	47.15055999511803
1008	1030	14.988856444473612
1007	1030	9.932014477174949
1029	1035	41.773319819169245
1006	1030	2130.4831244393845
1028	1030	13.559515023494379
1005	1030	9.08173013969339
1027	1041	33.809311647092635
1004	1030	13.497259325473019
1026	1011	8.97509029563818
1003	1030	7.349053707640104
1025	1041	24.086301606089222
1002	1030	4.065300875090551
1024	1011	32.989595588538315
1001	1030	4.593725320351728
1023	1041	33.02907772020016
1009	1041	13.125462707549536
=========================

Tempo:1250018.0346666668
Destinazione	 NEXTHOP	 Costo
1000	1030	3.8481303217940113
1022	1011	28.58761139508819
1021	1011	10.174460855074411
1020	1041	47.19492215288134
1041	1041	5.820643013255713
1019	1011	11.953647757483676
1018	1030	11.607264490312831
1017	1030	6.263894158187213
1039	1035	51.29799866929851
1038	1035	54.5947057184058
1016	1035	30.823508745290003
1015	1030	6.465560159716853
1037	1035	54.18787567356425
1014	1030	4.3812487869133445
1036	1041	200.0544381865541
1013	1011	13.189409882198078
1035	1035	17.86270024972783
1012	1030	5.689230481435661
1034	1011	35.96789856055133
1011	1011	19.291592338117784
1033	1011	20.869691116970362
1010	1030	6.263800493561234
1031	1035	370.96486286155834
1030	1035	47.15055999511803
1008	1030	14.988856444473612
1007	1030	9.932014477174949
1029	1035	41.773319819169245
1006	1030	2130.4831244393845
1028	1030	13.559515023494379
1005	1030	9.08173013969339
1027	1041	33.809311647092635
1004	1030	13.497259325473019
1026	1011	8.97509029563818
1003	1030	7.349053707640104
1025	1041	24.086301606089222
1002	1030	4.065300875090551
1024	1011	32.989595588538315
1001	1030	4.593725320351728
1023	1041	33.02907772020016
1009	1041	13.125462707549536
=========================

Tempo:1250018.0346666668
Destinazione	 NEXTHOP	 Costo
1000	1030	3.8481303217940113
1022	1011	28.58761139508819
1021	1011	10.174460855074411
1020	1035	44.7875784607983
1041	1041	5.820643013255713
1019	1011	11.953647757483676
1018	1030	11.607264490312831
1017	1030	6.263894158187213
1039	1035	18.799656367268355
1038	1035	22.096363416375645
1016	1035	24.676489948197027
1015	1030	6.465560159716853
1037	1035	21.689533371534097
1014	1030	4.3812487869133445
1036	1035	198.88413672036677
1013	1011	13.189409882198078
1035	1035	13.049909081501418
1012	1030	5.689230481435661
1034	1035	35.9005269918114
1011	1011	19.291592338117784
1033	1035	20.80231954823042
1010	1030	6.263800493561234
1031	1035	366.15207169333195
1030	1035	42.33776882689162
1008	1030	14.988856444473612
1007	1030	9.932014477174949
1029	1035	35.62630102207628
1006	1030	2130.4831244393845
1028	1030	13.559515023494379
1005	1030	9.08173013969339
1027	1035	31.4019679550096
1004	1030	13.497259325473019
1026	1011	8.97509029563818
1003	1030	7.349053707640104
1025	1041	24.086301606089222
1002	1030	4.065300875090551
1024	1011	32.989595588538315
1001	1030	4.593725320351728
1023	1035	30.621734028117125
1009	1041	13.125462707549536
=========================

Tempo:1250018.0346666668
Destinazione	 NEXTHOP	 Costo
1000	1030	3.8481303217940113
1022	1011	28.58761139508819
1021	1011	10.174460855074411
1020	1035	44.7875784607983
1041	1041	5.820643013255713
1019	1011	11.953647757483676
1018	1030	11.607264490312831
1017	1030	6.263894158187213
1039	1035	18.799656367268355
1038	1035	22.096363416375645
1016	1035	24.676489948197027
1015	1030	6.465560159716853
1037	1035	21.689533371534097
1014	1030	4.3812487869133445
1036	1035	198.88413672036677
1013	1011	13.189409882198078
1035	1035	13.049909081501418
1012	1030	5.689230481435661
1034	1035	35.9005269918114
1011	1011	19.291592338117784
1033	1035	20.80231954823042
1010	1030	6.263800493561234
1031	1035	366.15207169333195
1030	1035	42.33776882689162
1008	1030	14.988856444473612
1007	1030	9.932014477174949
1029	1035	35.62630102207628
1006	1030	2130.4831244393845
1028	1030	13.559515023494379
1005	1030	9.08173013969339
1027	1035	31.4019679550096
1004	1030	13.497259325473019
1026	1011	8.97509029563818
1003	1030	7.349053707640104
1025	1041	24.086301606089222
1002	1030	4.065300875090551
1024	1011	32.989595588538315
1001	1030	4.593725320351728
1023	1035	30.621734028117125
1009	1041	13.125462707549536
=========================

Tempo:1250018.0346666668
Destinazione	 NEXTHOP	 Costo
1000	1030	3.8481303217940113
1022	1011	28.58761139508819
1021	1011	10.174460855074411
1020	1035	44.7875784607983
1041	1041	5.350369085744398
1019	1011	11.953647757483676
1018	1030	11.607264490312831
1017	1030	6.263894158187213
1039	1035	18.799656367268355
1038	1035	22.096363416375645
1016	1035	24.676489948197027
1015	1030	6.465560159716853
1037	1035	21.689533371534097
1014	1030	4.3812487869133445
1036	1035	198.88413672036677
1013	1011	13.189409882198078
1035	1035	13.049909081501418
1012	1030	5.689230481435661
1034	1035	35.9005269918114
1011	1041	7.754415382920202
1033	1035	20.80231954823042
1010	1030	6.263800493561234
1031	1035	366.15207169333195
1030	1035	42.33776882689162
1008	1030	14.988856444473612
1007	1030	9.932014477174949
1029	1035	35.62630102207628
1006	1030	2130.4831244393845
1028	1030	13.559515023494379
1005	1030	9.08173013969339
1027	1035	31.4019679550096
1004	1030	13.497259325473019
1026	1011	8.97509029563818
1003	1030	7.349053707640104
1025	1041	23.616027678577904
1002	1030	4.065300875090551
1024	1011	32.989595588538315
1001	1030	4.593725320351728
1023	1035	30.621734028117125
1009	1041	12.65518878003822
=========================

Tempo:1255018.0346666668
Destinazione	 NEXTHOP	 Costo
1000	1030	3.8481303217940113
1022	1011	28.58761139508819
1021	1011	10.174460855074411
1020	1035	40.12154002380709
1041	1041	5.350369085744398
1019	1011	11.953647757483676
1018	1030	11.607264490312831
1017	1030	6.263894158187213
1039	1035	14.133617930277147
1038	1035	17.430324979384437
1016	1035	20.01045151120582
1015	1030	6.465560159716853
1037	1035	17.02349493454289
1014	1030	4.3812487869133445
1036	1035	195.75695843077244
1013	1011	13.189409882198078
1035	1035	9.922730791907089
1012	1030	5.689230481435661
1034	1035	32.77334870221706
1011	1041	7.754415382920202
1033	1035	17.675141258636096
1010	1030	6.263800493561234
1031	1035	363.0248934037376
1030	1035	38.395814021915015
1008	1030	14.988856444473612
1007	1030	9.932014477174949
1029	1035	30.960262585085065
1006	1030	2130.4831244393845
1028	1030	13.559515023494379
1005	1030	9.08173013969339
1027	1035	26.73592951801839
1004	1030	13.497259325473019
1026	1011	8.97509029563818
1003	1030	7.349053707640104
1025	1041	23.616027678577904
1002	1030	4.065300875090551
1024	1035	31.2035192420281
1001	1030	4.593725320351728
1023	1035	25.955695591125917
1009	1041	12.65518878003822
=========================

Tempo:1255018.0346666668
Destinazione	 NEXTHOP	 Costo
1000	1030	3.8481303217940113
1022	1011	28.58761139508819
1021	1011	10.174460855074411
1020	1035	40.12154002380709
1041	1041	5.350369085744398
1019	1011	11.953647757483676
1018	1030	11.607264490312831
1017	1030	6.263894158187213
1039	1035	14.133617930277147
1038	1035	17.430324979384437
1016	1035	20.01045151120582
1015	1030	6.465560159716853
1037	1035	17.02349493454289
1014	1030	4.3812487869133445
1036	1035	195.75695843077244
1013	1011	13.189409882198078
1035	1035	9.922730791907089
1012	1030	5.689230481435661
1034	1035	32.77334870221706
1011	1041	7.754415382920202
1033	1035	17.675141258636096
1010	1030	6.263800493561234
1031	1035	363.0248934037376
1030	1035	38.395814021915015
1008	1030	14.988856444473612
1007	1030	9.932014477174949
1029	1035	30.960262585085065
1006	1030	2130.4831244393845
1028	1030	13.559515023494379
1005	1030	9.08173013969339
1027	1035	26.73592951801839
1004	1030	13.497259325473019
1026	1011	8.97509029563818
1003	1030	7.349053707640104
1025	1041	23.616027678577904
1002	1030	4.065300875090551
1024	1035	31.2035192420281
1001	1030	4.593725320351728
1023	1035	25.955695591125917
1009	1041	12.65518878003822
=========================

Tempo:1255018.0346666668
Destinazione	 NEXTHOP	 Costo
1000	1030	3.8481303217940113
1022	1011	28.58761139508819
1021	1011	10.174460855074411
1020	1035	40.12154002380709
1041	1041	5.992168333479175
1019	1011	11.953647757483676
1018	1030	11.607264490312831
1017	1030	6.263894158187213
1039	1035	14.133617930277147
1038	1035	17.430324979384437
1016	1035	20.01045151120582
1015	1030	6.465560159716853
1037	1035	17.02349493454289
1014	1030	4.3812487869133445
1036	1035	195.75695843077244
1013	1011	13.189409882198078
1035	1035	9.922730791907089
1012	1030	5.689230481435661
1034	1035	32.77334870221706
1011	1041	7.754415382920202
1033	1035	17.675141258636096
1010	1030	6.263800493561234
1031	1035	363.0248934037376
1030	1035	38.395814021915015
1008	1030	14.988856444473612
1007	1030	9.932014477174949
1029	1035	30.960262585085065
1006	1030	2130.4831244393845
1028	1030	13.559515023494379
1005	1030	9.08173013969339
1027	1035	26.73592951801839
1004	1030	13.497259325473019
1026	1011	8.97509029563818
1003	1030	7.349053707640104
1025	1041	23.616027678577904
1002	1030	4.065300875090551
1024	1035	31.2035192420281
1001	1030	4.593725320351728
1023	1035	25.955695591125917
1009	1041	12.65518878003822
=========================
