
Tempo:840018.0346666666
Destinazione	 NEXTHOP	 Costo
1000	1002	8.65296031304204
1022	1002	14.82629486532129
1021	1002	10.878075250647484
1020	1002	41.70447354276885
1019	1002	13.740313171180956
1018	1002	8.8203213284504
1017	1002	5.808581038803241
1016	1002	14.464994350052143
1015	1002	439.3015290694911
1014	1002	15.69336768665644
1013	1002	20.250140628074988
1012	1002	137.08393931582398
1011	1002	14.673189352077197
1010	1002	13.053058085102196
1008	1002	13.549652844550709
1007	1002	16.53450042147613
1006	1002	8.506070447064236
1005	1002	220.2302833156247
1027	1002	204.63437765727835
1004	1002	19.328814001276957
1026	1002	404.5287592511294
1003	1002	12.54986880820379
1025	1002	188.50900413181702
1002	1002	1.0
1024	1002	7.6140298964852215
1001	1002	15.1934655504314
1023	1002	229.04217658715615
1009	1002	6.6767805604128245
=========================

Tempo:840018.0346666666
Destinazione	 NEXTHOP	 Costo
1000	1002	8.65296031304204
1022	1002	14.82629486532129
1021	1002	10.878075250647484
1020	1002	41.70447354276885
1019	1002	13.740313171180956
1018	1002	8.8203213284504
1017	1002	5.808581038803241
1016	1002	14.464994350052143
1015	1002	439.3015290694911
1014	1002	15.69336768665644
1013	1002	20.250140628074988
1012	1002	137.08393931582398
1011	1002	14.673189352077197
1010	1002	13.053058085102196
1008	1002	13.549652844550709
1007	1002	16.53450042147613
1006	1002	8.506070447064236
1005	1002	220.2302833156247
1027	1025	79.73644256939669
1004	1002	19.328814001276957
1026	1002	404.5287592511294
1003	1002	12.54986880820379
1025	1025	18.356798076926793
1002	1002	1.0
1024	1002	7.6140298964852215
1001	1002	15.1934655504314
1023	1002	229.04217658715615
1009	1002	6.6767805604128245
=========================

Tempo:843008.0346666666
Destinazione	 NEXTHOP	 Costo
1000	1002	8.65296031304204
1022	1002	14.82629486532129
1021	1002	10.878075250647484
1020	1002	41.70447354276885
1019	1002	13.740313171180956
1018	1002	8.8203213284504
1017	1002	5.808581038803241
1016	1002	14.464994350052143
1015	1002	439.3015290694911
1014	1002	15.69336768665644
1013	1002	20.250140628074988
1012	1002	137.08393931582398
1011	1002	14.673189352077197
1010	1002	13.053058085102196
1008	1002	13.549652844550709
1007	1002	16.53450042147613
1006	1002	8.506070447064236
1005	1002	220.2302833156247
1027	1025	79.73644256939669
1004	1002	19.328814001276957
1026	1002	404.5287592511294
1003	1002	12.54986880820379
1025	1025	18.356798076926793
1024	1002	7.6140298964852215
1001	1002	15.1934655504314
1023	1002	229.04217658715615
1009	1002	6.6767805604128245
=========================

Tempo:845018.0346666666
Destinazione	 NEXTHOP	 Costo
1000	1002	8.65296031304204
1022	1002	14.82629486532129
1021	1002	10.878075250647484
1020	1002	41.70447354276885
1019	1002	13.740313171180956
1018	1002	8.8203213284504
1017	1002	5.808581038803241
1016	1002	14.464994350052143
1015	1015	7.014090392809517
1014	1002	15.69336768665644
1013	1002	20.250140628074988
1012	1015	79.2191212437215
1011	1002	14.673189352077197
1010	1002	13.053058085102196
1008	1002	13.549652844550709
1007	1002	16.53450042147613
1006	1002	8.506070447064236
1005	1002	220.2302833156247
1027	1015	33.77076682866284
1004	1002	19.328814001276957
1026	1002	404.5287592511294
1003	1002	12.54986880820379
1025	1025	18.356798076926793
1024	1002	7.6140298964852215
1002	1015	807.8662140293981
1001	1002	15.1934655504314
1023	1002	229.04217658715615
1009	1002	6.6767805604128245
=========================

Tempo:845018.0346666666
Destinazione	 NEXTHOP	 Costo
1000	1025	8.357208010015379
1022	1025	14.530542562294626
1021	1025	9.71841333589152
1020	1025	41.408721239742185
1019	1025	13.444560868154293
1018	1025	8.524569025423736
1017	1025	5.512828735776579
1016	1025	14.16924204702548
1015	1015	7.014090392809517
1014	1025	15.397615383629777
1013	1025	19.954388325048328
1012	1015	79.2191212437215
1011	1025	14.377437049050533
1010	1025	12.757305782075532
1008	1025	13.253900541524045
1007	1025	16.238748118449468
1006	1025	8.210318144037574
1005	1025	219.93453101259803
1027	1015	33.77076682866284
1004	1025	19.033061698250297
1026	1002	404.5287592511294
1003	1025	12.254116505177127
1025	1025	0.519823039949453
1024	1025	7.161993707110061
1002	1015	807.8662140293981
1001	1025	14.897713247404736
1023	1025	228.590140397781
1009	1025	6.381028257386163
=========================

Tempo:845018.0346666666
Destinazione	 NEXTHOP	 Costo
1000	1025	8.357208010015379
1022	1025	14.530542562294626
1021	1025	9.71841333589152
1020	1026	26.372637762505803
1019	1025	13.444560868154293
1018	1025	8.524569025423736
1017	1025	5.512828735776579
1016	1025	14.16924204702548
1015	1015	7.014090392809517
1014	1025	15.397615383629777
1013	1025	19.954388325048328
1012	1026	28.170588698031604
1011	1025	14.377437049050533
1010	1025	12.757305782075532
1008	1025	13.253900541524045
1007	1025	16.238748118449468
1006	1025	8.210318144037574
1005	1026	19.834583688521953
1027	1026	27.594579241436726
1004	1025	19.033061698250297
1026	1026	14.772548542384563
1003	1025	12.254116505177127
1025	1025	0.519823039949453
1024	1025	7.161993707110061
1002	1026	30.16506952073993
1001	1025	14.897713247404736
1023	1026	29.282401155576366
1009	1025	6.381028257386163
=========================

Tempo:845018.0346666666
Destinazione	 NEXTHOP	 Costo
1000	1025	8.357208010015379
1022	1025	14.530542562294626
1021	1025	9.71841333589152
1020	1026	26.372637762505803
1019	1025	13.444560868154293
1018	1025	8.524569025423736
1017	1025	5.512828735776579
1016	1025	14.16924204702548
1015	1015	7.014090392809517
1014	1025	15.397615383629777
1013	1025	19.954388325048328
1012	1026	28.170588698031604
1011	1025	14.377437049050533
1010	1025	12.757305782075532
1008	1025	13.253900541524045
1007	1025	16.238748118449468
1006	1025	8.210318144037574
1005	1026	19.834583688521953
1027	1027	11.068496524544607
1004	1025	19.033061698250297
1026	1026	14.772548542384563
1003	1025	12.254116505177127
1025	1025	0.519823039949453
1024	1025	7.161993707110061
1002	1026	30.16506952073993
1001	1025	14.897713247404736
1023	1026	29.282401155576366
1009	1025	6.381028257386163
=========================

Tempo:850018.0346666666
Destinazione	 NEXTHOP	 Costo
1000	1025	8.357208010015379
1022	1025	14.530542562294626
1021	1025	9.71841333589152
1020	1026	26.372637762505803
1019	1025	13.444560868154293
1018	1025	8.524569025423736
1017	1025	5.512828735776579
1016	1025	14.16924204702548
1015	1015	0.8285399143056801
1014	1025	15.397615383629777
1013	1025	19.954388325048328
1012	1026	28.170588698031604
1011	1025	14.377437049050533
1010	1025	12.757305782075532
1008	1025	13.253900541524045
1007	1025	16.238748118449468
1006	1025	8.210318144037574
1005	1026	19.834583688521953
1027	1027	11.068496524544607
1004	1025	19.033061698250297
1026	1026	14.772548542384563
1003	1025	12.254116505177127
1025	1025	0.519823039949453
1024	1025	7.161993707110061
1002	1026	30.16506952073993
1001	1025	14.897713247404736
1023	1026	29.282401155576366
1009	1025	6.381028257386163
=========================

Tempo:850018.0346666666
Destinazione	 NEXTHOP	 Costo
1000	1025	8.357208010015379
1022	1025	14.530542562294626
1021	1025	9.71841333589152
1020	1026	26.372637762505803
1019	1025	13.444560868154293
1018	1025	8.524569025423736
1017	1025	5.512828735776579
1016	1025	14.16924204702548
1015	1015	0.8285399143056801
1014	1025	15.397615383629777
1013	1025	19.954388325048328
1012	1026	28.170588698031604
1011	1025	14.377437049050533
1010	1025	12.757305782075532
1008	1025	13.253900541524045
1007	1025	16.238748118449468
1006	1025	8.210318144037574
1005	1026	19.834583688521953
1027	1027	11.068496524544607
1004	1025	19.033061698250297
1026	1026	14.772548542384563
1003	1025	12.254116505177127
1025	1025	5.235180876004243
1024	1025	7.161993707110061
1002	1026	30.16506952073993
1001	1025	14.897713247404736
1023	1026	29.282401155576366
1009	1025	6.381028257386163
=========================

Tempo:850018.0346666666
Destinazione	 NEXTHOP	 Costo
1000	1025	8.357208010015379
1022	1025	14.530542562294626
1021	1025	9.71841333589152
1020	1026	18.819022367310588
1019	1025	13.444560868154293
1018	1025	8.524569025423736
1017	1025	5.512828735776579
1016	1025	14.16924204702548
1015	1015	0.8285399143056801
1014	1025	15.397615383629777
1013	1025	19.954388325048328
1012	1026	20.616973302836385
1011	1025	14.377437049050533
1010	1025	12.757305782075532
1008	1025	13.253900541524045
1007	1025	16.238748118449468
1006	1025	8.210318144037574
1005	1026	12.280968293326733
1027	1027	11.068496524544607
1004	1025	19.033061698250297
1026	1026	10.380366146902539
1003	1025	12.254116505177127
1025	1025	5.235180876004243
1024	1025	7.161993707110061
1002	1026	22.61145412554471
1001	1025	14.897713247404736
1023	1026	21.429560612951423
1009	1025	6.381028257386163
=========================

Tempo:850018.0346666666
Destinazione	 NEXTHOP	 Costo
1000	1025	8.357208010015379
1022	1025	14.530542562294626
1021	1025	9.71841333589152
1020	1026	18.819022367310588
1019	1025	13.444560868154293
1018	1025	8.524569025423736
1017	1025	5.512828735776579
1016	1025	14.16924204702548
1015	1015	0.8285399143056801
1014	1025	15.397615383629777
1013	1025	19.954388325048328
1012	1026	20.616973302836385
1011	1025	14.377437049050533
1010	1025	12.757305782075532
1008	1025	13.253900541524045
1007	1025	16.238748118449468
1006	1025	8.210318144037574
1005	1026	12.280968293326733
1027	1027	4.884124418723478
1004	1025	19.033061698250297
1026	1026	10.380366146902539
1003	1025	12.254116505177127
1025	1025	5.235180876004243
1024	1025	7.161993707110061
1002	1026	22.61145412554471
1001	1025	14.897713247404736
1023	1026	21.429560612951423
1009	1025	6.381028257386163
=========================

Tempo:853008.0346666666
Destinazione	 NEXTHOP	 Costo
1000	1025	8.357208010015379
1022	1025	14.530542562294626
1021	1025	9.71841333589152
1020	1026	18.819022367310588
1019	1025	13.444560868154293
1018	1025	8.524569025423736
1017	1025	5.512828735776579
1016	1025	14.16924204702548
1015	1015	0.8285399143056801
1014	1025	15.397615383629777
1013	1025	19.954388325048328
1012	1026	20.616973302836385
1011	1025	14.377437049050533
1010	1025	12.757305782075532
1008	1025	13.253900541524045
1007	1025	16.238748118449468
1006	1025	8.210318144037574
1005	1026	12.280968293326733
1027	1027	4.884124418723478
1004	1025	19.033061698250297
1026	1026	10.380366146902539
1003	1025	12.254116505177127
1024	1025	7.161993707110061
1002	1026	22.61145412554471
1001	1025	14.897713247404736
1023	1026	21.429560612951423
1009	1025	6.381028257386163
=========================

Tempo:855018.0346666666
Destinazione	 NEXTHOP	 Costo
1000	1025	8.357208010015379
1022	1025	14.530542562294626
1021	1025	9.71841333589152
1020	1026	18.819022367310588
1019	1025	13.444560868154293
1018	1025	8.524569025423736
1017	1025	5.512828735776579
1016	1025	14.16924204702548
1015	1015	0.09106293868862615
1014	1025	15.397615383629777
1013	1025	19.954388325048328
1012	1026	20.616973302836385
1011	1025	14.377437049050533
1010	1025	12.757305782075532
1008	1025	13.253900541524045
1007	1025	16.238748118449468
1006	1025	8.210318144037574
1005	1026	12.280968293326733
1027	1027	4.884124418723478
1004	1025	19.033061698250297
1026	1026	10.380366146902539
1003	1025	12.254116505177127
1024	1025	7.161993707110061
1002	1026	22.61145412554471
1001	1025	14.897713247404736
1023	1026	21.429560612951423
1009	1025	6.381028257386163
=========================

Tempo:855018.0346666666
Destinazione	 NEXTHOP	 Costo
1000	1025	8.357208010015379
1022	1025	14.530542562294626
1021	1025	9.71841333589152
1019	1025	13.444560868154293
1018	1025	8.524569025423736
1017	1025	5.512828735776579
1016	1025	14.16924204702548
1015	1015	0.09106293868862615
1014	1025	15.397615383629777
1013	1025	19.954388325048328
1011	1025	14.377437049050533
1010	1025	12.757305782075532
1008	1025	13.253900541524045
1007	1025	16.238748118449468
1006	1025	8.210318144037574
1027	1027	4.884124418723478
1004	1025	19.033061698250297
1003	1025	12.254116505177127
1024	1025	7.161993707110061
1001	1025	14.897713247404736
1009	1025	6.381028257386163
=========================

Tempo:855018.0346666666
Destinazione	 NEXTHOP	 Costo
1000	1025	8.357208010015379
1022	1025	14.530542562294626
1021	1025	9.71841333589152
1020	1027	2980.3453751902034
1019	1025	13.444560868154293
1018	1025	8.524569025423736
1017	1025	5.512828735776579
1016	1025	14.16924204702548
1015	1015	0.09106293868862615
1014	1025	15.397615383629777
1013	1025	19.954388325048328
1012	1027	2555.3082324873135
1011	1025	14.377437049050533
1010	1025	12.757305782075532
1008	1025	13.253900541524045
1007	1025	16.238748118449468
1006	1025	8.210318144037574
1027	1027	2439.5040915252184
1005	1027	3004.551272358541
1004	1025	19.033061698250297
1026	1027	4396.898893750446
1003	1025	12.254116505177127
1025	1027	4762.938270833891
1024	1025	7.161993707110061
1002	1027	4780.3145440834305
1001	1025	14.897713247404736
1023	1027	2667.532930848341
1009	1025	6.381028257386163
=========================

Tempo:860018.0346666666
Destinazione	 NEXTHOP	 Costo
1000	1025	8.357208010015379
1022	1025	14.530542562294626
1021	1025	9.71841333589152
1020	1027	2980.3453751902034
1019	1025	13.444560868154293
1018	1025	8.524569025423736
1017	1025	5.512828735776579
1016	1025	14.16924204702548
1015	1015	0.09106293868862615
1014	1025	15.397615383629777
1013	1025	19.954388325048328
1012	1027	2555.3082324873135
1011	1025	14.377437049050533
1010	1025	12.757305782075532
1008	1025	13.253900541524045
1007	1025	16.238748118449468
1006	1025	8.210318144037574
1027	1027	2439.5040915252184
1005	1027	3004.551272358541
1004	1025	19.033061698250297
1026	1027	4396.898893750446
1003	1025	12.254116505177127
1025	1027	4762.938270833891
1024	1025	7.161993707110061
1002	1027	4780.3145440834305
1001	1025	14.897713247404736
1023	1027	2667.532930848341
1009	1025	6.381028257386163
=========================

Tempo:860018.0346666666
Destinazione	 NEXTHOP	 Costo
1000	1025	8.357208010015379
1022	1025	14.530542562294626
1021	1025	9.71841333589152
1020	1015	273.43054278615523
1019	1025	13.444560868154293
1018	1025	8.524569025423736
1017	1025	5.512828735776579
1016	1025	14.16924204702548
1015	1015	30.89927829236102
1014	1025	15.397615383629777
1013	1025	19.954388325048328
1012	1015	103.104309143273
1011	1025	14.377437049050533
1010	1025	12.757305782075532
1008	1025	13.253900541524045
1007	1025	16.238748118449468
1006	1025	8.210318144037574
1027	1015	1823.0708020077095
1005	1015	266.89248871217137
1004	1025	19.033061698250297
1026	1015	264.99188656574717
1003	1025	12.254116505177127
1025	1015	4146.504981316381
1024	1025	7.161993707110061
1002	1015	277.22297454438933
1001	1025	14.897713247404736
1023	1015	276.04108103179607
1009	1025	6.381028257386163
=========================

Tempo:860018.0346666666
Destinazione	 NEXTHOP	 Costo
1000	1025	8.357208010015379
1022	1025	14.530542562294626
1021	1025	9.71841333589152
1020	1015	273.43054278615523
1019	1025	13.444560868154293
1018	1025	8.524569025423736
1017	1025	5.512828735776579
1016	1025	14.16924204702548
1015	1015	30.89927829236102
1014	1025	15.397615383629777
1013	1025	19.954388325048328
1012	1015	103.104309143273
1011	1025	14.377437049050533
1010	1025	12.757305782075532
1008	1025	13.253900541524045
1007	1025	16.238748118449468
1006	1025	8.210318144037574
1027	1027	3703.378088728874
1005	1015	266.89248871217137
1004	1025	19.033061698250297
1026	1015	264.99188656574717
1003	1025	12.254116505177127
1025	1015	4146.504981316381
1024	1025	7.161993707110061
1002	1015	277.22297454438933
1001	1025	14.897713247404736
1023	1015	276.04108103179607
1009	1025	6.381028257386163
=========================

Tempo:865018.0346666666
Destinazione	 NEXTHOP	 Costo
1000	1025	8.357208010015379
1022	1025	14.530542562294626
1021	1025	9.71841333589152
1020	1015	273.43054278615523
1019	1025	13.444560868154293
1018	1025	8.524569025423736
1017	1025	5.512828735776579
1016	1025	14.16924204702548
1015	1015	30.89927829236102
1014	1025	15.397615383629777
1013	1025	19.954388325048328
1012	1015	103.104309143273
1011	1025	14.377437049050533
1010	1025	12.757305782075532
1008	1025	13.253900541524045
1007	1025	16.238748118449468
1006	1025	8.210318144037574
1027	1005	3025.1114224047597
1005	1005	3010.1848150154656
1004	1025	19.033061698250297
1026	1015	264.99188656574717
1003	1025	12.254116505177127
1025	1005	3025.0097006845504
1024	1025	7.161993707110061
1002	1015	277.22297454438933
1001	1025	14.897713247404736
1023	1015	276.04108103179607
1009	1025	6.381028257386163
=========================

Tempo:865018.0346666666
Destinazione	 NEXTHOP	 Costo
1000	1025	8.357208010015379
1022	1025	14.530542562294626
1021	1025	9.71841333589152
1020	1015	273.43054278615523
1019	1025	13.444560868154293
1018	1025	8.524569025423736
1017	1025	5.512828735776579
1016	1025	14.16924204702548
1015	1015	881.1881968531164
1014	1025	15.397615383629777
1013	1025	19.954388325048328
1012	1015	103.104309143273
1011	1025	14.377437049050533
1010	1025	12.757305782075532
1008	1025	13.253900541524045
1007	1025	16.238748118449468
1006	1025	8.210318144037574
1027	1005	3025.1114224047597
1005	1005	3010.1848150154656
1004	1025	19.033061698250297
1026	1015	264.99188656574717
1003	1025	12.254116505177127
1025	1005	3025.0097006845504
1024	1025	7.161993707110061
1002	1015	277.22297454438933
1001	1025	14.897713247404736
1023	1015	276.04108103179607
1009	1025	6.381028257386163
=========================

Tempo:865018.0346666666
Destinazione	 NEXTHOP	 Costo
1000	1025	8.357208010015379
1022	1025	14.530542562294626
1021	1025	9.71841333589152
1020	1015	273.43054278615523
1019	1025	13.444560868154293
1018	1025	8.524569025423736
1017	1025	5.512828735776579
1016	1025	14.16924204702548
1015	1015	881.1881968531164
1014	1025	15.397615383629777
1013	1025	19.954388325048328
1012	1015	103.104309143273
1011	1025	14.377437049050533
1010	1025	12.757305782075532
1008	1025	13.253900541524045
1007	1025	16.238748118449468
1006	1025	8.210318144037574
1027	1005	3025.1114224047597
1005	1005	3010.1848150154656
1004	1025	19.033061698250297
1026	1015	264.99188656574717
1003	1025	12.254116505177127
1025	1005	3025.0097006845504
1024	1025	7.161993707110061
1002	1015	277.22297454438933
1001	1025	14.897713247404736
1023	1015	276.04108103179607
1009	1025	6.381028257386163
=========================

Tempo:870018.0346666666
Destinazione	 NEXTHOP	 Costo
1000	1025	8.357208010015379
1022	1025	14.530542562294626
1021	1025	9.71841333589152
1020	1015	273.43054278615523
1019	1025	13.444560868154293
1018	1025	8.524569025423736
1017	1025	5.512828735776579
1016	1025	14.16924204702548
1015	1015	881.1881968531164
1014	1025	15.397615383629777
1013	1025	19.954388325048328
1012	1015	103.104309143273
1011	1025	14.377437049050533
1010	1025	12.757305782075532
1008	1025	13.253900541524045
1007	1025	16.238748118449468
1006	1025	8.210318144037574
1027	1005	1293.4963049927305
1005	1005	1278.5696976034367
1004	1025	19.033061698250297
1026	1015	264.99188656574717
1003	1025	12.254116505177127
1025	1005	1293.3945832725217
1024	1025	7.161993707110061
1002	1015	277.22297454438933
1001	1025	14.897713247404736
1023	1015	276.04108103179607
1009	1025	6.381028257386163
=========================

Tempo:870018.0346666666
Destinazione	 NEXTHOP	 Costo
1000	1025	8.357208010015379
1022	1025	14.530542562294626
1021	1025	9.71841333589152
1020	1015	273.43054278615523
1019	1025	13.444560868154293
1018	1025	8.524569025423736
1017	1025	5.512828735776579
1016	1025	14.16924204702548
1015	1015	2626.1670958928335
1014	1025	15.397615383629777
1013	1025	19.954388325048328
1012	1015	103.104309143273
1011	1025	14.377437049050533
1010	1025	12.757305782075532
1008	1025	13.253900541524045
1007	1025	16.238748118449468
1006	1025	8.210318144037574
1027	1005	1293.4963049927305
1005	1005	1278.5696976034367
1004	1025	19.033061698250297
1026	1015	264.99188656574717
1003	1025	12.254116505177127
1025	1005	1293.3945832725217
1024	1025	7.161993707110061
1002	1015	277.22297454438933
1001	1025	14.897713247404736
1023	1015	276.04108103179607
1009	1025	6.381028257386163
=========================

Tempo:870018.0346666666
Destinazione	 NEXTHOP	 Costo
1000	1025	8.357208010015379
1022	1025	14.530542562294626
1021	1025	9.71841333589152
1020	1015	273.43054278615523
1019	1025	13.444560868154293
1018	1025	8.524569025423736
1017	1025	5.512828735776579
1016	1025	14.16924204702548
1015	1015	2626.1670958928335
1014	1025	15.397615383629777
1013	1025	19.954388325048328
1012	1015	103.104309143273
1011	1025	14.377437049050533
1010	1025	12.757305782075532
1008	1025	13.253900541524045
1007	1025	16.238748118449468
1006	1025	8.210318144037574
1027	1005	1293.4963049927305
1005	1005	1278.5696976034367
1004	1025	19.033061698250297
1026	1015	264.99188656574717
1003	1025	12.254116505177127
1025	1005	1293.3945832725217
1024	1025	7.161993707110061
1002	1015	277.22297454438933
1001	1025	14.897713247404736
1023	1015	276.04108103179607
1009	1025	6.381028257386163
=========================

Tempo:870018.0346666666
Destinazione	 NEXTHOP	 Costo
1000	1025	8.357208010015379
1022	1025	14.530542562294626
1021	1025	9.71841333589152
1020	1015	273.43054278615523
1019	1025	13.444560868154293
1018	1025	8.524569025423736
1017	1025	5.512828735776579
1016	1025	14.16924204702548
1015	1015	2626.1670958928335
1014	1025	15.397615383629777
1013	1025	19.954388325048328
1012	1015	103.104309143273
1011	1025	14.377437049050533
1010	1025	12.757305782075532
1008	1025	13.253900541524045
1007	1025	16.238748118449468
1006	1025	8.210318144037574
1027	1005	1293.4963049927305
1005	1005	1278.5696976034367
1004	1025	19.033061698250297
1026	1015	264.99188656574717
1003	1025	12.254116505177127
1025	1005	1293.3945832725217
1024	1025	7.161993707110061
1002	1015	277.22297454438933
1001	1025	14.897713247404736
1023	1015	276.04108103179607
1009	1025	6.381028257386163
=========================

Tempo:873008.0346666666
Destinazione	 NEXTHOP	 Costo
1000	1025	8.357208010015379
1022	1025	14.530542562294626
1021	1025	9.71841333589152
1020	1015	273.43054278615523
1019	1025	13.444560868154293
1018	1025	8.524569025423736
1017	1025	5.512828735776579
1016	1025	14.16924204702548
1014	1025	15.397615383629777
1013	1025	19.954388325048328
1012	1015	103.104309143273
1011	1025	14.377437049050533
1010	1025	12.757305782075532
1008	1025	13.253900541524045
1007	1025	16.238748118449468
1006	1025	8.210318144037574
1027	1005	1293.4963049927305
1005	1005	1278.5696976034367
1004	1025	19.033061698250297
1026	1015	264.99188656574717
1003	1025	12.254116505177127
1025	1005	1293.3945832725217
1024	1025	7.161993707110061
1002	1015	277.22297454438933
1001	1025	14.897713247404736
1023	1015	276.04108103179607
1009	1025	6.381028257386163
=========================

Tempo:875018.0346666666
Destinazione	 NEXTHOP	 Costo
1000	1025	8.357208010015379
1022	1025	14.530542562294626
1021	1025	9.71841333589152
1020	1015	273.43054278615523
1019	1025	13.444560868154293
1018	1025	8.524569025423736
1017	1025	5.512828735776579
1016	1025	14.16924204702548
1015	1005	480.1504256752041
1014	1025	15.397615383629777
1013	1025	19.954388325048328
1012	1015	103.104309143273
1011	1025	14.377437049050533
1010	1025	12.757305782075532
1008	1025	13.253900541524045
1007	1025	16.238748118449468
1006	1025	8.210318144037574
1027	1005	372.07361966185647
1005	1005	357.1470122725625
1004	1025	19.033061698250297
1026	1015	264.99188656574717
1003	1025	12.254116505177127
1025	1005	371.97189794164746
1024	1025	7.161993707110061
1002	1015	277.22297454438933
1001	1025	14.897713247404736
1023	1015	276.04108103179607
1009	1025	6.381028257386163
=========================

Tempo:875018.0346666666
Destinazione	 NEXTHOP	 Costo
1000	1025	8.357208010015379
1022	1025	14.530542562294626
1021	1025	9.71841333589152
1020	1015	273.43054278615523
1019	1025	13.444560868154293
1018	1025	8.524569025423736
1017	1025	5.512828735776579
1016	1025	14.16924204702548
1015	1005	480.1504256752041
1014	1025	15.397615383629777
1013	1025	19.954388325048328
1012	1015	103.104309143273
1011	1025	14.377437049050533
1010	1025	12.757305782075532
1008	1025	13.253900541524045
1007	1025	16.238748118449468
1006	1025	8.210318144037574
1027	1005	372.07361966185647
1005	1005	357.1470122725625
1004	1025	19.033061698250297
1026	1015	264.99188656574717
1003	1025	12.254116505177127
1025	1005	371.97189794164746
1024	1025	7.161993707110061
1002	1015	277.22297454438933
1001	1025	14.897713247404736
1023	1015	276.04108103179607
1009	1025	6.381028257386163
=========================

Tempo:875018.0346666666
Destinazione	 NEXTHOP	 Costo
1000	1025	8.357208010015379
1022	1025	14.530542562294626
1021	1025	9.71841333589152
1020	1015	273.43054278615523
1019	1025	13.444560868154293
1018	1025	8.524569025423736
1017	1025	5.512828735776579
1016	1025	14.16924204702548
1015	1005	480.1504256752041
1014	1025	15.397615383629777
1013	1025	19.954388325048328
1012	1015	103.104309143273
1011	1025	14.377437049050533
1010	1025	12.757305782075532
1008	1025	13.253900541524045
1007	1025	16.238748118449468
1006	1025	8.210318144037574
1027	1027	3076.4456606124386
1005	1005	357.1470122725625
1004	1025	19.033061698250297
1026	1015	264.99188656574717
1003	1025	12.254116505177127
1025	1005	371.97189794164746
1024	1025	7.161993707110061
1002	1015	277.22297454438933
1001	1025	14.897713247404736
1023	1015	276.04108103179607
1009	1025	6.381028257386163
=========================

Tempo:875018.0346666666
Destinazione	 NEXTHOP	 Costo
1000	1025	8.357208010015379
1022	1025	14.530542562294626
1021	1025	9.71841333589152
1020	1015	273.43054278615523
1019	1025	13.444560868154293
1018	1025	8.524569025423736
1017	1025	5.512828735776579
1016	1025	14.16924204702548
1015	1005	480.1504256752041
1014	1025	15.397615383629777
1013	1025	19.954388325048328
1012	1015	103.104309143273
1011	1025	14.377437049050533
1010	1025	12.757305782075532
1008	1025	13.253900541524045
1007	1025	16.238748118449468
1029	1029	1315.2324769136014
1006	1025	8.210318144037574
1027	1029	1343.7662966415833
1005	1005	357.1470122725625
1004	1025	19.033061698250297
1026	1015	264.99188656574717
1003	1025	12.254116505177127
1025	1005	371.97189794164746
1024	1025	7.161993707110061
1002	1015	277.22297454438933
1001	1025	14.897713247404736
1023	1015	276.04108103179607
1009	1025	6.381028257386163
=========================

Tempo:880018.0346666666
Destinazione	 NEXTHOP	 Costo
1000	1025	8.357208010015379
1022	1025	14.530542562294626
1021	1025	9.71841333589152
1020	1005	82.6999516430353
1019	1025	13.444560868154293
1018	1025	8.524569025423736
1017	1025	5.512828735776579
1016	1025	14.16924204702548
1015	1005	199.165310971693
1014	1025	15.397615383629777
1013	1025	19.954388325048328
1012	1005	84.4979025785611
1011	1025	14.377437049050533
1010	1025	12.757305782075532
1008	1025	13.253900541524045
1007	1025	16.238748118449468
1029	1005	431.14692439186064
1006	1025	8.210318144037574
1027	1005	91.08850495834541
1005	1005	76.16189756905145
1004	1025	19.033061698250297
1026	1015	264.99188656574717
1003	1025	12.254116505177127
1025	1005	90.98678323813641
1024	1025	7.161993707110061
1002	1005	86.49238340126942
1001	1025	14.897713247404736
1023	1005	114.21472627100847
1009	1025	6.381028257386163
=========================

Tempo:880018.0346666666
Destinazione	 NEXTHOP	 Costo
1000	1025	8.357208010015379
1022	1025	14.530542562294626
1021	1025	9.71841333589152
1020	1005	82.6999516430353
1019	1025	13.444560868154293
1018	1025	8.524569025423736
1017	1025	5.512828735776579
1016	1025	14.16924204702548
1015	1005	199.165310971693
1014	1025	15.397615383629777
1013	1025	19.954388325048328
1012	1005	84.4979025785611
1011	1025	14.377437049050533
1010	1025	12.757305782075532
1008	1025	13.253900541524045
1007	1025	16.238748118449468
1029	1005	431.14692439186064
1006	1025	8.210318144037574
1027	1005	91.08850495834541
1005	1005	76.16189756905145
1004	1025	19.033061698250297
1026	1015	264.99188656574717
1003	1025	12.254116505177127
1025	1005	90.98678323813641
1024	1025	7.161993707110061
1002	1005	86.49238340126942
1001	1025	14.897713247404736
1023	1005	114.21472627100847
1009	1025	6.381028257386163
=========================

Tempo:880018.0346666666
Destinazione	 NEXTHOP	 Costo
1000	1025	8.357208010015379
1022	1025	14.530542562294626
1021	1025	9.71841333589152
1020	1005	82.6999516430353
1019	1025	13.444560868154293
1018	1025	8.524569025423736
1017	1025	5.512828735776579
1016	1025	14.16924204702548
1015	1005	199.165310971693
1014	1025	15.397615383629777
1013	1025	19.954388325048328
1012	1005	84.4979025785611
1011	1025	14.377437049050533
1010	1025	12.757305782075532
1008	1025	13.253900541524045
1007	1025	16.238748118449468
1029	1005	431.14692439186064
1006	1025	8.210318144037574
1027	1005	91.08850495834541
1005	1005	76.16189756905145
1004	1025	19.033061698250297
1026	1015	264.99188656574717
1003	1025	12.254116505177127
1025	1005	90.98678323813641
1024	1025	7.161993707110061
1002	1005	86.49238340126942
1001	1025	14.897713247404736
1023	1005	114.21472627100847
1009	1025	6.381028257386163
=========================

Tempo:880018.0346666666
Destinazione	 NEXTHOP	 Costo
1000	1025	8.357208010015379
1022	1025	14.530542562294626
1021	1025	9.71841333589152
1020	1005	82.6999516430353
1019	1025	13.444560868154293
1018	1025	8.524569025423736
1017	1025	5.512828735776579
1016	1025	14.16924204702548
1015	1005	199.165310971693
1014	1025	15.397615383629777
1013	1025	19.954388325048328
1012	1005	84.4979025785611
1011	1025	14.377437049050533
1010	1025	12.757305782075532
1008	1025	13.253900541524045
1007	1025	16.238748118449468
1029	1005	431.14692439186064
1006	1025	8.210318144037574
1027	1027	2048.2367023489396
1005	1005	76.16189756905145
1004	1025	19.033061698250297
1026	1015	264.99188656574717
1003	1025	12.254116505177127
1025	1005	90.98678323813641
1024	1025	7.161993707110061
1002	1005	86.49238340126942
1001	1025	14.897713247404736
1023	1005	114.21472627100847
1009	1025	6.381028257386163
=========================

Tempo:880018.0346666666
Destinazione	 NEXTHOP	 Costo
1000	1025	8.357208010015379
1022	1025	14.530542562294626
1021	1025	9.71841333589152
1020	1005	82.6999516430353
1019	1025	13.444560868154293
1018	1025	8.524569025423736
1017	1025	5.512828735776579
1016	1025	14.16924204702548
1015	1005	199.165310971693
1014	1025	15.397615383629777
1013	1025	19.954388325048328
1012	1005	84.4979025785611
1011	1025	14.377437049050533
1010	1025	12.757305782075532
1008	1025	13.253900541524045
1007	1025	16.238748118449468
1029	1029	568.4054801198735
1006	1025	8.210318144037574
1027	1029	577.5132448751406
1005	1005	76.16189756905145
1004	1025	19.033061698250297
1026	1015	264.99188656574717
1003	1025	12.254116505177127
1025	1005	90.98678323813641
1024	1025	7.161993707110061
1002	1005	86.49238340126942
1001	1025	14.897713247404736
1023	1005	114.21472627100847
1009	1025	6.381028257386163
=========================

Tempo:885018.0346666666
Destinazione	 NEXTHOP	 Costo
1000	1025	8.357208010015379
1022	1005	14.05640357737418
1021	1025	9.71841333589152
1020	1005	9.366625862320351
1019	1025	13.444560868154293
1018	1025	8.524569025423736
1017	1025	5.512828735776579
1016	1025	14.16924204702548
1015	1005	125.83198519097806
1014	1005	15.307124971741235
1013	1005	15.60082144306265
1012	1005	11.164576797846152
1011	1025	14.377437049050533
1010	1025	12.757305782075532
1008	1025	13.253900541524045
1007	1025	16.238748118449468
1029	1005	195.33254436738133
1006	1025	8.210318144037574
1027	1005	204.44030912264847
1005	1005	2.8285717883364994
1004	1005	15.817364431160332
1026	1015	264.99188656574717
1003	1005	9.038419238087165
1025	1005	17.653457457421457
1024	1025	7.161993707110061
1002	1005	13.159057620554478
1001	1025	14.897713247404736
1023	1005	40.88140049029352
1009	1025	6.381028257386163
=========================

Tempo:885018.0346666666
Destinazione	 NEXTHOP	 Costo
1000	1025	8.357208010015379
1022	1005	14.05640357737418
1021	1025	9.71841333589152
1020	1005	9.366625862320351
1019	1025	13.444560868154293
1018	1018	1672.1519969130054
1017	1025	5.512828735776579
1016	1025	14.16924204702548
1015	1005	125.83198519097806
1014	1005	15.307124971741235
1013	1005	15.60082144306265
1012	1005	11.164576797846152
1011	1025	14.377437049050533
1010	1025	12.757305782075532
1008	1025	13.253900541524045
1007	1025	16.238748118449468
1029	1005	195.33254436738133
1006	1025	8.210318144037574
1027	1005	204.44030912264847
1005	1005	2.8285717883364994
1004	1005	15.817364431160332
1026	1015	264.99188656574717
1003	1005	9.038419238087165
1025	1005	17.653457457421457
1024	1025	7.161993707110061
1002	1005	13.159057620554478
1001	1025	14.897713247404736
1023	1005	40.88140049029352
1009	1025	6.381028257386163
=========================

Tempo:885018.0346666666
Destinazione	 NEXTHOP	 Costo
1000	1025	8.357208010015379
1022	1005	14.05640357737418
1021	1025	9.71841333589152
1020	1005	9.366625862320351
1019	1025	13.444560868154293
1018	1018	1672.1519969130054
1017	1025	5.512828735776579
1016	1025	14.16924204702548
1015	1005	125.83198519097806
1014	1005	15.307124971741235
1013	1005	15.60082144306265
1012	1005	11.164576797846152
1011	1025	14.377437049050533
1010	1025	12.757305782075532
1008	1025	13.253900541524045
1007	1025	16.238748118449468
1029	1005	195.33254436738133
1006	1025	8.210318144037574
1027	1005	204.44030912264847
1005	1005	2.8285717883364994
1004	1005	15.817364431160332
1026	1015	264.99188656574717
1003	1005	9.038419238087165
1025	1005	17.653457457421457
1024	1025	7.161993707110061
1002	1005	13.159057620554478
1001	1025	14.897713247404736
1023	1005	40.88140049029352
1009	1025	6.381028257386163
=========================

Tempo:885018.0346666666
Destinazione	 NEXTHOP	 Costo
1000	1025	8.357208010015379
1022	1005	14.05640357737418
1021	1025	9.71841333589152
1020	1005	9.366625862320351
1019	1025	13.444560868154293
1018	1018	1672.1519969130054
1017	1025	5.512828735776579
1016	1025	14.16924204702548
1015	1005	125.83198519097806
1014	1005	15.307124971741235
1013	1005	15.60082144306265
1012	1005	11.164576797846152
1011	1025	14.377437049050533
1010	1025	12.757305782075532
1008	1025	13.253900541524045
1007	1025	16.238748118449468
1029	1005	195.33254436738133
1006	1025	8.210318144037574
1027	1027	1574.1211017633186
1005	1005	2.8285717883364994
1004	1005	15.817364431160332
1026	1015	264.99188656574717
1003	1005	9.038419238087165
1025	1005	17.653457457421457
1024	1025	7.161993707110061
1002	1005	13.159057620554478
1001	1025	14.897713247404736
1023	1005	40.88140049029352
1009	1025	6.381028257386163
=========================

Tempo:885018.0346666666
Destinazione	 NEXTHOP	 Costo
1000	1025	8.357208010015379
1022	1005	14.05640357737418
1021	1025	9.71841333589152
1020	1005	9.366625862320351
1019	1025	13.444560868154293
1018	1029	754.3880608764028
1017	1025	5.512828735776579
1016	1025	14.16924204702548
1015	1005	125.83198519097806
1014	1005	15.307124971741235
1013	1005	15.60082144306265
1012	1005	11.164576797846152
1011	1025	14.377437049050533
1010	1025	12.757305782075532
1008	1025	13.253900541524045
1007	1025	16.238748118449468
1029	1029	744.7958232740851
1006	1025	8.210318144037574
1027	1029	750.3817543393235
1005	1005	2.8285717883364994
1004	1005	15.817364431160332
1026	1015	264.99188656574717
1003	1005	9.038419238087165
1025	1005	17.653457457421457
1024	1025	7.161993707110061
1002	1005	13.159057620554478
1001	1025	14.897713247404736
1023	1005	40.88140049029352
1009	1025	6.381028257386163
=========================

Tempo:890018.0346666666
Destinazione	 NEXTHOP	 Costo
1000	1025	8.357208010015379
1022	1005	14.05640357737418
1021	1025	9.71841333589152
1020	1005	9.366625862320351
1019	1025	13.444560868154293
1018	1005	219.22690428966212
1017	1025	5.512828735776579
1016	1025	14.16924204702548
1015	1005	125.83198519097806
1014	1005	15.307124971741235
1013	1005	15.60082144306265
1012	1005	11.164576797846152
1011	1025	14.377437049050533
1010	1025	12.757305782075532
1008	1025	13.253900541524045
1007	1025	16.238748118449468
1029	1005	209.63466668734435
1006	1025	8.210318144037574
1027	1005	215.22059775258268
1005	1005	23.80682023559346
1004	1005	15.817364431160332
1026	1015	264.99188656574717
1003	1005	9.038419238087165
1025	1005	17.653457457421457
1024	1025	7.161993707110061
1002	1005	13.159057620554478
1001	1025	14.897713247404736
1023	1005	40.88140049029352
1009	1025	6.381028257386163
=========================

Tempo:890018.0346666666
Destinazione	 NEXTHOP	 Costo
1000	1025	8.357208010015379
1022	1005	14.05640357737418
1021	1025	9.71841333589152
1020	1005	9.366625862320351
1019	1025	13.444560868154293
1018	1018	1608.691764574492
1017	1025	5.512828735776579
1016	1025	14.16924204702548
1015	1005	125.83198519097806
1014	1005	15.307124971741235
1013	1005	15.60082144306265
1012	1005	11.164576797846152
1011	1025	14.377437049050533
1010	1025	12.757305782075532
1008	1025	13.253900541524045
1007	1025	16.238748118449468
1029	1005	209.63466668734435
1006	1025	8.210318144037574
1027	1005	215.22059775258268
1005	1005	23.80682023559346
1004	1005	15.817364431160332
1026	1015	264.99188656574717
1003	1005	9.038419238087165
1025	1005	17.653457457421457
1024	1025	7.161993707110061
1002	1005	13.159057620554478
1001	1025	14.897713247404736
1023	1005	40.88140049029352
1009	1025	6.381028257386163
=========================

Tempo:890018.0346666666
Destinazione	 NEXTHOP	 Costo
1000	1025	8.357208010015379
1022	1005	14.05640357737418
1021	1025	9.71841333589152
1020	1005	9.366625862320351
1019	1025	13.444560868154293
1018	1018	1608.691764574492
1017	1025	5.512828735776579
1016	1025	14.16924204702548
1015	1005	125.83198519097806
1014	1005	15.307124971741235
1013	1005	15.60082144306265
1012	1005	11.164576797846152
1011	1025	14.377437049050533
1010	1025	12.757305782075532
1008	1025	13.253900541524045
1007	1025	16.238748118449468
1029	1005	209.63466668734435
1006	1025	8.210318144037574
1027	1005	215.22059775258268
1005	1005	23.80682023559346
1004	1005	15.817364431160332
1026	1015	264.99188656574717
1003	1005	9.038419238087165
1025	1005	17.653457457421457
1024	1025	7.161993707110061
1002	1005	13.159057620554478
1001	1025	14.897713247404736
1023	1005	40.88140049029352
1009	1025	6.381028257386163
=========================

Tempo:890018.0346666666
Destinazione	 NEXTHOP	 Costo
1000	1025	8.357208010015379
1022	1005	14.05640357737418
1021	1025	9.71841333589152
1020	1005	9.366625862320351
1019	1025	13.444560868154293
1018	1018	1608.691764574492
1017	1025	5.512828735776579
1016	1025	14.16924204702548
1015	1005	125.83198519097806
1014	1005	15.307124971741235
1013	1005	15.60082144306265
1012	1005	11.164576797846152
1011	1025	14.377437049050533
1010	1025	12.757305782075532
1008	1025	13.253900541524045
1007	1025	16.238748118449468
1029	1005	209.63466668734435
1006	1025	8.210318144037574
1027	1027	1569.4493114812688
1005	1005	23.80682023559346
1004	1005	15.817364431160332
1026	1015	264.99188656574717
1003	1005	9.038419238087165
1025	1005	17.653457457421457
1024	1025	7.161993707110061
1002	1005	13.159057620554478
1001	1025	14.897713247404736
1023	1005	40.88140049029352
1009	1025	6.381028257386163
=========================

Tempo:890018.0346666666
Destinazione	 NEXTHOP	 Costo
1000	1025	8.357208010015379
1022	1005	14.05640357737418
1021	1025	9.71841333589152
1020	1005	9.366625862320351
1019	1025	13.444560868154293
1018	1029	734.6937730505263
1017	1025	5.512828735776579
1016	1025	14.16924204702548
1015	1005	125.83198519097806
1014	1005	15.307124971741235
1013	1005	15.60082144306265
1012	1005	11.164576797846152
1011	1025	14.377437049050533
1010	1025	12.757305782075532
1008	1025	13.253900541524045
1007	1025	16.238748118449468
1029	1029	730.9281570498003
1006	1025	8.210318144037574
1027	1029	736.5140881150387
1005	1005	23.80682023559346
1004	1005	15.817364431160332
1026	1015	264.99188656574717
1003	1005	9.038419238087165
1025	1005	17.653457457421457
1024	1025	7.161993707110061
1002	1005	13.159057620554478
1001	1025	14.897713247404736
1023	1005	40.88140049029352
1009	1025	6.381028257386163
=========================

Tempo:895018.0346666666
Destinazione	 NEXTHOP	 Costo
1000	1025	8.357208010015379
1022	1005	14.05640357737418
1021	1025	9.71841333589152
1020	1005	9.366625862320351
1019	1025	13.444560868154293
1018	1005	235.3112253569504
1017	1025	5.512828735776579
1016	1025	14.16924204702548
1015	1005	125.83198519097806
1014	1005	15.307124971741235
1013	1005	15.60082144306265
1012	1005	11.164576797846152
1011	1025	14.377437049050533
1010	1025	12.757305782075532
1008	1025	13.253900541524045
1007	1025	16.238748118449468
1029	1005	231.54560935622442
1006	1025	8.210318144037574
1027	1005	237.13154042146277
1005	1005	105.95250011226543
1004	1005	15.817364431160332
1026	1015	264.99188656574717
1003	1005	9.038419238087165
1025	1005	17.653457457421457
1024	1025	7.161993707110061
1002	1005	13.159057620554478
1001	1025	14.897713247404736
1023	1005	40.88140049029352
1009	1025	6.381028257386163
=========================

Tempo:895018.0346666666
Destinazione	 NEXTHOP	 Costo
1000	1025	8.357208010015379
1022	1005	14.05640357737418
1021	1025	9.71841333589152
1020	1005	9.366625862320351
1019	1025	13.444560868154293
1018	1005	235.3112253569504
1017	1025	5.512828735776579
1016	1025	14.16924204702548
1015	1005	125.83198519097806
1014	1005	15.307124971741235
1013	1005	15.60082144306265
1012	1005	11.164576797846152
1011	1025	14.377437049050533
1010	1025	12.757305782075532
1008	1025	13.253900541524045
1007	1025	16.238748118449468
1029	1005	231.54560935622442
1006	1025	8.210318144037574
1027	1005	237.13154042146277
1005	1005	105.95250011226543
1004	1005	15.817364431160332
1026	1015	264.99188656574717
1003	1005	9.038419238087165
1025	1005	17.653457457421457
1024	1025	7.161993707110061
1002	1005	13.159057620554478
1001	1025	14.897713247404736
1023	1005	40.88140049029352
1009	1025	6.381028257386163
=========================

Tempo:895018.0346666666
Destinazione	 NEXTHOP	 Costo
1000	1025	8.357208010015379
1022	1005	14.05640357737418
1021	1025	9.71841333589152
1020	1005	9.366625862320351
1019	1025	13.444560868154293
1018	1005	235.3112253569504
1017	1025	5.512828735776579
1016	1025	14.16924204702548
1015	1005	125.83198519097806
1014	1005	15.307124971741235
1013	1005	15.60082144306265
1012	1005	11.164576797846152
1011	1025	14.377437049050533
1010	1025	12.757305782075532
1008	1025	13.253900541524045
1007	1025	16.238748118449468
1029	1005	231.54560935622442
1006	1025	8.210318144037574
1027	1005	237.13154042146277
1005	1005	105.95250011226543
1004	1005	15.817364431160332
1026	1015	264.99188656574717
1003	1005	9.038419238087165
1025	1005	17.653457457421457
1024	1025	7.161993707110061
1002	1005	13.159057620554478
1001	1025	14.897713247404736
1023	1005	40.88140049029352
1009	1025	6.381028257386163
=========================

Tempo:895018.0346666666
Destinazione	 NEXTHOP	 Costo
1000	1025	8.357208010015379
1022	1005	14.05640357737418
1021	1025	9.71841333589152
1020	1005	9.366625862320351
1019	1025	13.444560868154293
1018	1005	235.3112253569504
1017	1025	5.512828735776579
1016	1025	14.16924204702548
1015	1005	125.83198519097806
1014	1005	15.307124971741235
1013	1005	15.60082144306265
1012	1005	11.164576797846152
1011	1025	14.377437049050533
1010	1025	12.757305782075532
1008	1025	13.253900541524045
1007	1025	16.238748118449468
1029	1029	575.0075090520118
1006	1025	8.210318144037574
1027	1005	237.13154042146277
1005	1005	105.95250011226543
1004	1005	15.817364431160332
1026	1015	264.99188656574717
1003	1005	9.038419238087165
1025	1005	17.653457457421457
1024	1025	7.161993707110061
1002	1005	13.159057620554478
1001	1025	14.897713247404736
1023	1005	40.88140049029352
1009	1025	6.381028257386163
=========================

Tempo:900018.0346666666
Destinazione	 NEXTHOP	 Costo
1000	1025	8.357208010015379
1022	1005	14.05640357737418
1021	1025	9.71841333589152
1020	1005	9.366625862320351
1019	1025	13.444560868154293
1018	1005	177.0197452529076
1017	1025	5.512828735776579
1016	1025	14.16924204702548
1015	1005	125.83198519097806
1014	1005	15.307124971741235
1013	1005	15.60082144306265
1012	1005	11.164576797846152
1011	1025	14.377437049050533
1010	1025	12.757305782075532
1008	1025	13.253900541524045
1007	1025	16.238748118449468
1029	1005	173.74991436164936
1006	1025	8.210318144037574
1027	1005	179.3358454268877
1005	1005	123.36583266913253
1004	1005	15.817364431160332
1026	1015	264.99188656574717
1003	1005	9.038419238087165
1025	1005	17.653457457421457
1024	1025	7.161993707110061
1002	1005	13.159057620554478
1001	1025	14.897713247404736
1023	1005	40.88140049029352
1009	1025	6.381028257386163
=========================

Tempo:900018.0346666666
Destinazione	 NEXTHOP	 Costo
1000	1025	8.357208010015379
1022	1005	14.05640357737418
1021	1025	9.71841333589152
1020	1005	9.366625862320351
1019	1025	13.444560868154293
1018	1005	177.0197452529076
1017	1025	5.512828735776579
1016	1025	14.16924204702548
1015	1005	125.83198519097806
1014	1005	15.307124971741235
1013	1005	15.60082144306265
1012	1005	11.164576797846152
1011	1025	14.377437049050533
1010	1025	12.757305782075532
1008	1025	13.253900541524045
1007	1025	16.238748118449468
1029	1029	180.92768368875068
1006	1025	8.210318144037574
1027	1005	179.3358454268877
1005	1005	123.36583266913253
1004	1005	15.817364431160332
1026	1015	264.99188656574717
1003	1005	9.038419238087165
1025	1005	17.653457457421457
1024	1025	7.161993707110061
1002	1005	13.159057620554478
1001	1025	14.897713247404736
1023	1005	40.88140049029352
1009	1025	6.381028257386163
=========================

Tempo:905018.0346666666
Destinazione	 NEXTHOP	 Costo
1000	1025	8.357208010015379
1022	1005	14.05640357737418
1021	1025	9.71841333589152
1020	1005	9.366625862320351
1019	1025	13.444560868154293
1018	1005	170.39626816487538
1017	1025	5.512828735776579
1016	1025	14.16924204702548
1015	1005	125.83198519097806
1014	1005	15.307124971741235
1013	1005	15.60082144306265
1012	1005	11.164576797846152
1011	1025	14.377437049050533
1010	1025	12.757305782075532
1008	1025	13.253900541524045
1007	1025	16.238748118449468
1029	1005	118.47149633028718
1006	1025	8.210318144037574
1027	1005	124.05742739552552
1005	1005	116.7423555811003
1004	1005	15.817364431160332
1026	1015	264.99188656574717
1003	1005	9.038419238087165
1025	1005	17.653457457421457
1024	1025	7.161993707110061
1002	1005	13.159057620554478
1001	1025	14.897713247404736
1023	1005	40.88140049029352
1009	1025	6.381028257386163
=========================

Tempo:905018.0346666666
Destinazione	 NEXTHOP	 Costo
1000	1025	8.357208010015379
1022	1005	14.05640357737418
1021	1025	9.71841333589152
1020	1005	9.366625862320351
1019	1025	13.444560868154293
1018	1029	60.48946744496764
1017	1025	5.512828735776579
1016	1025	14.16924204702548
1015	1005	125.83198519097806
1014	1005	15.307124971741235
1013	1005	15.60082144306265
1012	1005	11.164576797846152
1011	1025	14.377437049050533
1010	1025	12.757305782075532
1008	1025	13.253900541524045
1007	1025	16.238748118449468
1029	1029	5.941296864344162
1006	1025	8.210318144037574
1027	1029	11.527227929582502
1005	1029	6.835554861192574
1004	1005	15.817364431160332
1026	1029	193.7792802664911
1003	1005	9.038419238087165
1025	1005	17.653457457421457
1024	1025	7.161993707110061
1002	1005	13.159057620554478
1001	1025	14.897713247404736
1023	1005	40.88140049029352
1009	1025	6.381028257386163
=========================

Tempo:910018.0346666666
Destinazione	 NEXTHOP	 Costo
1000	1025	8.357208010015379
1022	1005	14.05640357737418
1021	1025	9.71841333589152
1020	1005	9.366625862320351
1019	1025	13.444560868154293
1018	1029	60.48946744496764
1017	1025	5.512828735776579
1016	1025	14.16924204702548
1015	1005	125.83198519097806
1014	1005	15.307124971741235
1013	1005	15.60082144306265
1012	1005	11.164576797846152
1011	1025	14.377437049050533
1010	1025	12.757305782075532
1008	1025	13.253900541524045
1007	1025	16.238748118449468
1029	1029	5.941296864344162
1006	1025	8.210318144037574
1027	1029	11.527227929582502
1005	1005	95.85461163157582
1004	1005	15.817364431160332
1026	1029	193.7792802664911
1003	1005	9.038419238087165
1025	1005	17.653457457421457
1024	1025	7.161993707110061
1002	1005	13.159057620554478
1001	1025	14.897713247404736
1023	1005	40.88140049029352
1009	1025	6.381028257386163
=========================

Tempo:910018.0346666666
Destinazione	 NEXTHOP	 Costo
1000	1025	8.357208010015379
1022	1005	14.05640357737418
1021	1025	9.71841333589152
1020	1005	9.366625862320351
1019	1025	13.444560868154293
1018	1029	60.48946744496764
1017	1025	5.512828735776579
1016	1025	14.16924204702548
1015	1005	125.83198519097806
1014	1005	15.307124971741235
1013	1005	15.60082144306265
1012	1005	11.164576797846152
1011	1025	14.377437049050533
1010	1025	12.757305782075532
1008	1025	13.253900541524045
1007	1025	16.238748118449468
1029	1029	64.6677372979972
1006	1025	8.210318144037574
1027	1029	11.527227929582502
1005	1029	71.3985338568737
1004	1005	15.817364431160332
1026	1029	193.7792802664911
1003	1005	9.038419238087165
1025	1005	17.653457457421457
1024	1025	7.161993707110061
1002	1005	13.159057620554478
1001	1025	14.897713247404736
1023	1005	40.88140049029352
1009	1025	6.381028257386163
=========================

Tempo:915018.0346666666
Destinazione	 NEXTHOP	 Costo
1000	1025	8.357208010015379
1022	1005	14.05640357737418
1021	1025	9.71841333589152
1020	1005	9.366625862320351
1019	1025	13.444560868154293
1018	1029	60.48946744496764
1017	1025	5.512828735776579
1016	1025	14.16924204702548
1015	1005	125.83198519097806
1014	1005	15.307124971741235
1013	1005	15.60082144306265
1012	1005	11.164576797846152
1011	1025	14.377437049050533
1010	1025	12.757305782075532
1008	1025	13.253900541524045
1007	1025	16.238748118449468
1029	1029	64.6677372979972
1006	1025	8.210318144037574
1027	1029	11.527227929582502
1005	1005	19.43229867677337
1004	1005	15.817364431160332
1026	1029	193.7792802664911
1003	1005	9.038419238087165
1025	1005	17.653457457421457
1024	1025	7.161993707110061
1002	1005	13.159057620554478
1001	1025	14.897713247404736
1023	1005	40.88140049029352
1009	1025	6.381028257386163
=========================

Tempo:915018.0346666666
Destinazione	 NEXTHOP	 Costo
1000	1025	8.357208010015379
1022	1005	14.05640357737418
1021	1025	9.71841333589152
1020	1005	9.366625862320351
1019	1025	13.444560868154293
1018	1018	1124.8258034674232
1017	1025	5.512828735776579
1016	1025	14.16924204702548
1015	1005	125.83198519097806
1014	1005	15.307124971741235
1013	1005	15.60082144306265
1012	1005	11.164576797846152
1011	1025	14.377437049050533
1010	1025	12.757305782075532
1008	1025	13.253900541524045
1007	1025	16.238748118449468
1029	1029	64.6677372979972
1006	1025	8.210318144037574
1027	1029	11.527227929582502
1005	1005	19.43229867677337
1004	1005	15.817364431160332
1026	1029	193.7792802664911
1003	1005	9.038419238087165
1025	1005	17.653457457421457
1024	1025	7.161993707110061
1002	1005	13.159057620554478
1001	1025	14.897713247404736
1023	1005	40.88140049029352
1009	1025	6.381028257386163
=========================

Tempo:915018.0346666666
Destinazione	 NEXTHOP	 Costo
1000	1025	8.357208010015379
1022	1005	14.05640357737418
1021	1025	9.71841333589152
1020	1005	9.366625862320351
1019	1025	13.444560868154293
1018	1029	371.9660351765515
1017	1025	5.512828735776579
1016	1025	14.16924204702548
1015	1005	125.83198519097806
1014	1005	15.307124971741235
1013	1005	15.60082144306265
1012	1005	11.164576797846152
1011	1025	14.377437049050533
1010	1025	12.757305782075532
1008	1025	13.253900541524045
1007	1025	16.238748118449468
1029	1029	317.417864595928
1006	1025	8.210318144037574
1027	1029	11.527227929582502
1005	1005	19.43229867677337
1004	1005	15.817364431160332
1026	1029	193.7792802664911
1003	1005	9.038419238087165
1025	1005	17.653457457421457
1024	1025	7.161993707110061
1002	1005	13.159057620554478
1001	1025	14.897713247404736
1023	1005	40.88140049029352
1009	1025	6.381028257386163
=========================

Tempo:920018.0346666666
Destinazione	 NEXTHOP	 Costo
1000	1025	8.357208010015379
1022	1005	14.05640357737418
1021	1025	9.71841333589152
1020	1005	9.366625862320351
1019	1025	13.444560868154293
1018	1005	220.2208201774347
1017	1025	5.512828735776579
1016	1025	14.16924204702548
1015	1005	125.83198519097806
1014	1005	15.307124971741235
1013	1005	15.60082144306265
1012	1005	11.164576797846152
1011	1025	14.377437049050533
1010	1025	12.757305782075532
1008	1025	13.253900541524045
1007	1025	16.238748118449468
1029	1005	165.67264959681123
1006	1025	8.210318144037574
1027	1029	11.527227929582502
1005	1005	9.376983090031036
1004	1005	15.817364431160332
1026	1029	193.7792802664911
1003	1005	9.038419238087165
1025	1005	17.653457457421457
1024	1025	7.161993707110061
1002	1005	13.159057620554478
1001	1025	14.897713247404736
1023	1005	40.88140049029352
1009	1025	6.381028257386163
=========================

Tempo:920018.0346666666
Destinazione	 NEXTHOP	 Costo
1000	1025	8.357208010015379
1022	1005	14.05640357737418
1021	1025	9.71841333589152
1020	1005	9.366625862320351
1019	1025	13.444560868154293
1018	1018	581.8154391276141
1017	1025	5.512828735776579
1016	1025	14.16924204702548
1015	1005	125.83198519097806
1014	1005	15.307124971741235
1013	1005	15.60082144306265
1012	1005	11.164576797846152
1011	1025	14.377437049050533
1010	1025	12.757305782075532
1008	1025	13.253900541524045
1007	1025	16.238748118449468
1029	1005	165.67264959681123
1006	1025	8.210318144037574
1027	1029	11.527227929582502
1005	1005	9.376983090031036
1004	1005	15.817364431160332
1026	1029	193.7792802664911
1003	1005	9.038419238087165
1025	1005	17.653457457421457
1024	1025	7.161993707110061
1002	1005	13.159057620554478
1001	1025	14.897713247404736
1023	1005	40.88140049029352
1009	1025	6.381028257386163
=========================

Tempo:920018.0346666666
Destinazione	 NEXTHOP	 Costo
1000	1025	8.357208010015379
1022	1005	14.05640357737418
1021	1025	9.71841333589152
1020	1005	9.366625862320351
1019	1025	13.444560868154293
1018	1029	560.9454576756865
1017	1025	5.512828735776579
1016	1025	14.16924204702548
1015	1005	125.83198519097806
1014	1005	15.307124971741235
1013	1005	15.60082144306265
1012	1005	11.164576797846152
1011	1025	14.377437049050533
1010	1025	12.757305782075532
1008	1025	13.253900541524045
1007	1025	16.238748118449468
1029	1029	513.5331004124891
1006	1025	8.210318144037574
1027	1029	11.527227929582502
1005	1005	9.376983090031036
1004	1005	15.817364431160332
1026	1029	193.7792802664911
1003	1005	9.038419238087165
1025	1005	17.653457457421457
1024	1025	7.161993707110061
1002	1005	13.159057620554478
1001	1025	14.897713247404736
1023	1005	40.88140049029352
1009	1025	6.381028257386163
=========================

Tempo:925018.0346666666
Destinazione	 NEXTHOP	 Costo
1000	1025	8.357208010015379
1022	1005	14.05640357737418
1021	1025	9.71841333589152
1020	1005	9.366625862320351
1019	1025	13.444560868154293
1018	1005	517.3856111613018
1017	1025	5.512828735776579
1016	1025	14.16924204702548
1015	1005	125.83198519097806
1014	1005	15.307124971741235
1013	1005	15.60082144306265
1012	1005	11.164576797846152
1011	1025	14.377437049050533
1010	1025	12.757305782075532
1008	1025	13.253900541524045
1007	1025	16.238748118449468
1029	1005	484.64311704674355
1006	1025	8.210318144037574
1027	1029	11.527227929582502
1005	1005	316.0710078168116
1004	1005	15.817364431160332
1026	1029	193.7792802664911
1003	1005	9.038419238087165
1025	1005	17.653457457421457
1024	1025	7.161993707110061
1002	1005	13.159057620554478
1001	1025	14.897713247404736
1023	1005	40.88140049029352
1009	1025	6.381028257386163
=========================

Tempo:925018.0346666666
Destinazione	 NEXTHOP	 Costo
1000	1025	8.357208010015379
1022	1005	14.05640357737418
1021	1025	9.71841333589152
1020	1005	9.366625862320351
1019	1025	13.444560868154293
1018	1018	552.3677232956093
1017	1025	5.512828735776579
1016	1025	14.16924204702548
1015	1005	125.83198519097806
1014	1005	15.307124971741235
1013	1005	15.60082144306265
1012	1005	11.164576797846152
1011	1025	14.377437049050533
1010	1025	12.757305782075532
1008	1025	13.253900541524045
1007	1025	16.238748118449468
1029	1005	484.64311704674355
1006	1025	8.210318144037574
1027	1029	11.527227929582502
1005	1005	316.0710078168116
1004	1005	15.817364431160332
1026	1029	193.7792802664911
1003	1005	9.038419238087165
1025	1005	17.653457457421457
1024	1025	7.161993707110061
1002	1005	13.159057620554478
1001	1025	14.897713247404736
1023	1005	40.88140049029352
1009	1025	6.381028257386163
=========================

Tempo:925018.0346666666
Destinazione	 NEXTHOP	 Costo
1000	1025	8.357208010015379
1022	1005	14.05640357737418
1021	1025	9.71841333589152
1020	1005	9.366625862320351
1019	1025	13.444560868154293
1018	1029	521.900385694173
1017	1025	5.512828735776579
1016	1025	14.16924204702548
1015	1005	125.83198519097806
1014	1005	15.307124971741235
1013	1005	15.60082144306265
1012	1005	11.164576797846152
1011	1025	14.377437049050533
1010	1025	12.757305782075532
1008	1025	13.253900541524045
1007	1025	16.238748118449468
1029	1029	482.1633458639986
1006	1025	8.210318144037574
1027	1029	11.527227929582502
1005	1005	316.0710078168116
1004	1005	15.817364431160332
1026	1029	193.7792802664911
1003	1005	9.038419238087165
1025	1005	17.653457457421457
1024	1025	7.161993707110061
1002	1005	13.159057620554478
1001	1025	14.897713247404736
1023	1005	40.88140049029352
1009	1025	6.381028257386163
=========================

Tempo:930018.0346666666
Destinazione	 NEXTHOP	 Costo
1000	1025	8.357208010015379
1022	1005	14.05640357737418
1021	1025	9.71841333589152
1020	1005	9.366625862320351
1019	1025	13.444560868154293
1018	1029	521.900385694173
1017	1025	5.512828735776579
1016	1025	14.16924204702548
1015	1005	125.83198519097806
1014	1005	15.307124971741235
1013	1005	15.60082144306265
1012	1005	11.164576797846152
1011	1025	14.377437049050533
1010	1025	12.757305782075532
1008	1025	13.253900541524045
1007	1025	16.238748118449468
1029	1029	482.1633458639986
1006	1025	8.210318144037574
1027	1029	11.527227929582502
1005	1005	825.3825833130486
1004	1005	15.817364431160332
1026	1029	193.7792802664911
1003	1005	9.038419238087165
1025	1005	17.653457457421457
1024	1025	7.161993707110061
1002	1005	13.159057620554478
1001	1025	14.897713247404736
1023	1005	40.88140049029352
1009	1025	6.381028257386163
=========================

Tempo:930018.0346666666
Destinazione	 NEXTHOP	 Costo
1000	1025	8.357208010015379
1022	1005	14.05640357737418
1021	1025	9.71841333589152
1020	1005	9.366625862320351
1019	1025	13.444560868154293
1018	1018	524.9116986777402
1017	1025	5.512828735776579
1016	1025	14.16924204702548
1015	1005	125.83198519097806
1014	1005	15.307124971741235
1013	1005	15.60082144306265
1012	1005	11.164576797846152
1011	1025	14.377437049050533
1010	1025	12.757305782075532
1008	1025	13.253900541524045
1007	1025	16.238748118449468
1029	1029	482.1633458639986
1006	1025	8.210318144037574
1027	1029	11.527227929582502
1005	1005	825.3825833130486
1004	1005	15.817364431160332
1026	1029	193.7792802664911
1003	1005	9.038419238087165
1025	1005	17.653457457421457
1024	1025	7.161993707110061
1002	1005	13.159057620554478
1001	1025	14.897713247404736
1023	1005	40.88140049029352
1009	1025	6.381028257386163
=========================

Tempo:930018.0346666666
Destinazione	 NEXTHOP	 Costo
1000	1025	8.357208010015379
1022	1005	14.05640357737418
1021	1025	9.71841333589152
1020	1005	9.366625862320351
1019	1025	13.444560868154293
1018	1018	524.9116986777402
1017	1025	5.512828735776579
1016	1025	14.16924204702548
1015	1005	125.83198519097806
1014	1005	15.307124971741235
1013	1005	15.60082144306265
1012	1005	11.164576797846152
1011	1025	14.377437049050533
1010	1025	12.757305782075532
1008	1025	13.253900541524045
1007	1025	16.238748118449468
1029	1029	605.6147256751052
1006	1025	8.210318144037574
1027	1029	11.527227929582502
1005	1029	626.9820110354087
1004	1005	15.817364431160332
1026	1029	193.7792802664911
1003	1005	9.038419238087165
1025	1005	17.653457457421457
1024	1025	7.161993707110061
1002	1005	13.159057620554478
1001	1025	14.897713247404736
1023	1005	40.88140049029352
1009	1025	6.381028257386163
=========================

Tempo:933008.0346666666
Destinazione	 NEXTHOP	 Costo
1000	1025	8.357208010015379
1022	1005	14.05640357737418
1021	1025	9.71841333589152
1020	1005	9.366625862320351
1019	1025	13.444560868154293
1018	1018	524.9116986777402
1017	1025	5.512828735776579
1016	1025	14.16924204702548
1015	1005	125.83198519097806
1014	1005	15.307124971741235
1013	1005	15.60082144306265
1012	1005	11.164576797846152
1011	1025	14.377437049050533
1010	1025	12.757305782075532
1008	1025	13.253900541524045
1007	1025	16.238748118449468
1029	1029	605.6147256751052
1006	1025	8.210318144037574
1027	1029	11.527227929582502
1004	1005	15.817364431160332
1026	1029	193.7792802664911
1003	1005	9.038419238087165
1025	1005	17.653457457421457
1024	1025	7.161993707110061
1002	1005	13.159057620554478
1001	1025	14.897713247404736
1023	1005	40.88140049029352
1009	1025	6.381028257386163
=========================

Tempo:935018.0346666666
Destinazione	 NEXTHOP	 Costo
1000	1025	8.357208010015379
1022	1005	14.05640357737418
1021	1025	9.71841333589152
1020	1005	9.366625862320351
1019	1025	13.444560868154293
1018	1018	396.9298214158649
1017	1025	5.512828735776579
1016	1025	14.16924204702548
1015	1005	125.83198519097806
1014	1005	15.307124971741235
1013	1005	15.60082144306265
1012	1005	11.164576797846152
1011	1025	14.377437049050533
1010	1025	12.757305782075532
1008	1025	13.253900541524045
1007	1025	16.238748118449468
1029	1029	605.6147256751052
1006	1025	8.210318144037574
1027	1029	11.527227929582502
1005	1018	2391.2933722967778
1004	1005	15.817364431160332
1026	1029	193.7792802664911
1003	1005	9.038419238087165
1025	1005	17.653457457421457
1024	1025	7.161993707110061
1002	1005	13.159057620554478
1001	1025	14.897713247404736
1023	1005	40.88140049029352
1009	1025	6.381028257386163
=========================

Tempo:935018.0346666666
Destinazione	 NEXTHOP	 Costo
1000	1025	8.357208010015379
1022	1005	14.05640357737418
1021	1025	9.71841333589152
1020	1005	9.366625862320351
1019	1025	13.444560868154293
1018	1018	396.9298214158649
1017	1025	5.512828735776579
1016	1025	14.16924204702548
1015	1005	125.83198519097806
1014	1005	15.307124971741235
1013	1005	15.60082144306265
1012	1005	11.164576797846152
1011	1025	14.377437049050533
1010	1025	12.757305782075532
1008	1025	13.253900541524045
1007	1025	16.238748118449468
1029	1029	928.905795167483
1006	1025	8.210318144037574
1027	1029	11.527227929582502
1005	1029	946.1287816330972
1004	1005	15.817364431160332
1026	1029	193.7792802664911
1003	1005	9.038419238087165
1025	1005	17.653457457421457
1024	1025	7.161993707110061
1002	1005	13.159057620554478
1001	1025	14.897713247404736
1023	1005	40.88140049029352
1009	1025	6.381028257386163
=========================

Tempo:940018.0346666666
Destinazione	 NEXTHOP	 Costo
1000	1025	8.357208010015379
1022	1005	14.05640357737418
1021	1025	9.71841333589152
1020	1005	9.366625862320351
1019	1025	13.444560868154293
1018	1018	908.0630373206361
1017	1025	5.512828735776579
1016	1025	14.16924204702548
1015	1005	125.83198519097806
1014	1005	15.307124971741235
1013	1005	15.60082144306265
1012	1005	11.164576797846152
1011	1025	14.377437049050533
1010	1025	12.757305782075532
1008	1025	13.253900541524045
1007	1025	16.238748118449468
1029	1029	928.905795167483
1006	1025	8.210318144037574
1027	1029	11.527227929582502
1005	1029	946.1287816330972
1004	1005	15.817364431160332
1026	1029	193.7792802664911
1003	1005	9.038419238087165
1025	1005	17.653457457421457
1024	1025	7.161993707110061
1002	1005	13.159057620554478
1001	1025	14.897713247404736
1023	1005	40.88140049029352
1009	1025	6.381028257386163
=========================

Tempo:963008.0346666666
Destinazione	 NEXTHOP	 Costo
1000	1025	8.357208010015379
1022	1005	14.05640357737418
1021	1025	9.71841333589152
1020	1005	9.366625862320351
1019	1025	13.444560868154293
1017	1025	5.512828735776579
1016	1025	14.16924204702548
1015	1005	125.83198519097806
1014	1005	15.307124971741235
1013	1005	15.60082144306265
1012	1005	11.164576797846152
1011	1025	14.377437049050533
1010	1025	12.757305782075532
1008	1025	13.253900541524045
1007	1025	16.238748118449468
1029	1029	928.905795167483
1006	1025	8.210318144037574
1027	1029	11.527227929582502
1005	1029	946.1287816330972
1004	1005	15.817364431160332
1026	1029	193.7792802664911
1003	1005	9.038419238087165
1025	1005	17.653457457421457
1024	1025	7.161993707110061
1002	1005	13.159057620554478
1001	1025	14.897713247404736
1023	1005	40.88140049029352
1009	1025	6.381028257386163
=========================

Tempo:1023008.0346666666
Destinazione	 NEXTHOP	 Costo
1000	1025	8.357208010015379
1022	1005	14.05640357737418
1021	1025	9.71841333589152
1020	1005	9.366625862320351
1019	1025	13.444560868154293
1017	1025	5.512828735776579
1016	1025	14.16924204702548
1015	1005	125.83198519097806
1014	1005	15.307124971741235
1013	1005	15.60082144306265
1012	1005	11.164576797846152
1011	1025	14.377437049050533
1010	1025	12.757305782075532
1007	1025	16.238748118449468
1029	1029	928.905795167483
1006	1025	8.210318144037574
1027	1029	11.527227929582502
1005	1029	946.1287816330972
1004	1005	15.817364431160332
1026	1029	193.7792802664911
1003	1005	9.038419238087165
1025	1005	17.653457457421457
1024	1025	7.161993707110061
1002	1005	13.159057620554478
1001	1025	14.897713247404736
1023	1005	40.88140049029352
1009	1025	6.381028257386163
=========================

Tempo:1053008.0346666668
Destinazione	 NEXTHOP	 Costo
1000	1025	8.357208010015379
1022	1005	14.05640357737418
1020	1005	9.366625862320351
1019	1025	13.444560868154293
1017	1025	5.512828735776579
1016	1025	14.16924204702548
1015	1005	125.83198519097806
1014	1005	15.307124971741235
1013	1005	15.60082144306265
1012	1005	11.164576797846152
1011	1025	14.377437049050533
1010	1025	12.757305782075532
1007	1025	16.238748118449468
1029	1029	928.905795167483
1006	1025	8.210318144037574
1027	1029	11.527227929582502
1005	1029	946.1287816330972
1004	1005	15.817364431160332
1026	1029	193.7792802664911
1003	1005	9.038419238087165
1025	1005	17.653457457421457
1024	1025	7.161993707110061
1002	1005	13.159057620554478
1001	1025	14.897713247404736
1023	1005	40.88140049029352
1009	1025	6.381028257386163
=========================

Tempo:1113008.0346666668
Destinazione	 NEXTHOP	 Costo
1000	1025	8.357208010015379
1022	1005	14.05640357737418
1020	1005	9.366625862320351
1019	1025	13.444560868154293
1017	1025	5.512828735776579
1016	1025	14.16924204702548
1015	1005	125.83198519097806
1014	1005	15.307124971741235
1013	1005	15.60082144306265
1012	1005	11.164576797846152
1010	1025	12.757305782075532
1007	1025	16.238748118449468
1029	1029	928.905795167483
1006	1025	8.210318144037574
1027	1029	11.527227929582502
1005	1029	946.1287816330972
1004	1005	15.817364431160332
1026	1029	193.7792802664911
1003	1005	9.038419238087165
1025	1005	17.653457457421457
1024	1025	7.161993707110061
1002	1005	13.159057620554478
1001	1025	14.897713247404736
1023	1005	40.88140049029352
1009	1025	6.381028257386163
=========================

Tempo:1143008.0346666668
Destinazione	 NEXTHOP	 Costo
1000	1025	8.357208010015379
1022	1005	14.05640357737418
1020	1005	9.366625862320351
1019	1025	13.444560868154293
1017	1025	5.512828735776579
1016	1025	14.16924204702548
1015	1005	125.83198519097806
1014	1005	15.307124971741235
1013	1005	15.60082144306265
1012	1005	11.164576797846152
1010	1025	12.757305782075532
1007	1025	16.238748118449468
1029	1029	928.905795167483
1006	1025	8.210318144037574
1027	1029	11.527227929582502
1005	1029	946.1287816330972
1004	1005	15.817364431160332
1026	1029	193.7792802664911
1003	1005	9.038419238087165
1025	1005	17.653457457421457
1002	1005	13.159057620554478
1001	1025	14.897713247404736
1023	1005	40.88140049029352
1009	1025	6.381028257386163
=========================

Tempo:1203008.0346666668
Destinazione	 NEXTHOP	 Costo
1000	1025	8.357208010015379
1022	1005	14.05640357737418
1020	1005	9.366625862320351
1019	1025	13.444560868154293
1017	1025	5.512828735776579
1016	1025	14.16924204702548
1015	1005	125.83198519097806
1013	1005	15.60082144306265
1012	1005	11.164576797846152
1010	1025	12.757305782075532
1007	1025	16.238748118449468
1029	1029	928.905795167483
1006	1025	8.210318144037574
1027	1029	11.527227929582502
1005	1029	946.1287816330972
1004	1005	15.817364431160332
1026	1029	193.7792802664911
1003	1005	9.038419238087165
1025	1005	17.653457457421457
1002	1005	13.159057620554478
1001	1025	14.897713247404736
1023	1005	40.88140049029352
1009	1025	6.381028257386163
=========================

Tempo:1233008.0346666668
Destinazione	 NEXTHOP	 Costo
1000	1025	8.357208010015379
1022	1005	14.05640357737418
1020	1005	9.366625862320351
1019	1025	13.444560868154293
1017	1025	5.512828735776579
1016	1025	14.16924204702548
1015	1005	125.83198519097806
1013	1005	15.60082144306265
1012	1005	11.164576797846152
1010	1025	12.757305782075532
1007	1025	16.238748118449468
1029	1029	928.905795167483
1006	1025	8.210318144037574
1005	1029	946.1287816330972
1004	1005	15.817364431160332
1026	1029	193.7792802664911
1003	1005	9.038419238087165
1025	1005	17.653457457421457
1002	1005	13.159057620554478
1001	1025	14.897713247404736
1023	1005	40.88140049029352
1009	1025	6.381028257386163
=========================

Tempo:1293008.0346666668
Destinazione	 NEXTHOP	 Costo
1000	1025	8.357208010015379
1022	1005	14.05640357737418
1020	1005	9.366625862320351
1019	1025	13.444560868154293
1016	1025	14.16924204702548
1015	1005	125.83198519097806
1013	1005	15.60082144306265
1012	1005	11.164576797846152
1010	1025	12.757305782075532
1007	1025	16.238748118449468
1029	1029	928.905795167483
1006	1025	8.210318144037574
1005	1029	946.1287816330972
1004	1005	15.817364431160332
1026	1029	193.7792802664911
1003	1005	9.038419238087165
1025	1005	17.653457457421457
1002	1005	13.159057620554478
1001	1025	14.897713247404736
1023	1005	40.88140049029352
1009	1025	6.381028257386163
=========================

Tempo:1383008.0346666668
Destinazione	 NEXTHOP	 Costo
1000	1025	8.357208010015379
1022	1005	14.05640357737418
1019	1025	13.444560868154293
1016	1025	14.16924204702548
1015	1005	125.83198519097806
1013	1005	15.60082144306265
1012	1005	11.164576797846152
1010	1025	12.757305782075532
1007	1025	16.238748118449468
1029	1029	928.905795167483
1006	1025	8.210318144037574
1005	1029	946.1287816330972
1004	1005	15.817364431160332
1026	1029	193.7792802664911
1003	1005	9.038419238087165
1025	1005	17.653457457421457
1002	1005	13.159057620554478
1001	1025	14.897713247404736
1023	1005	40.88140049029352
1009	1025	6.381028257386163
=========================

Tempo:1473008.0346666668
Destinazione	 NEXTHOP	 Costo
1000	1025	8.357208010015379
1022	1005	14.05640357737418
1019	1025	13.444560868154293
1016	1025	14.16924204702548
1015	1005	125.83198519097806
1013	1005	15.60082144306265
1012	1005	11.164576797846152
1010	1025	12.757305782075532
1007	1025	16.238748118449468
1029	1029	928.905795167483
1006	1025	8.210318144037574
1005	1029	946.1287816330972
1004	1005	15.817364431160332
1026	1029	193.7792802664911
1003	1005	9.038419238087165
1025	1005	17.653457457421457
1002	1005	13.159057620554478
1001	1025	14.897713247404736
1009	1025	6.381028257386163
=========================

Tempo:1563008.0346666668
Destinazione	 NEXTHOP	 Costo
1000	1025	8.357208010015379
1022	1005	14.05640357737418
1019	1025	13.444560868154293
1016	1025	14.16924204702548
1015	1005	125.83198519097806
1013	1005	15.60082144306265
1012	1005	11.164576797846152
1010	1025	12.757305782075532
1007	1025	16.238748118449468
1029	1029	928.905795167483
1006	1025	8.210318144037574
1005	1029	946.1287816330972
1004	1005	15.817364431160332
1003	1005	9.038419238087165
1025	1005	17.653457457421457
1002	1005	13.159057620554478
1001	1025	14.897713247404736
1009	1025	6.381028257386163
=========================

Tempo:1653008.0346666668
Destinazione	 NEXTHOP	 Costo
1000	1025	8.357208010015379
1022	1005	14.05640357737418
1019	1025	13.444560868154293
1016	1025	14.16924204702548
1015	1005	125.83198519097806
1013	1005	15.60082144306265
1012	1005	11.164576797846152
1010	1025	12.757305782075532
1007	1025	16.238748118449468
1006	1025	8.210318144037574
1005	1029	946.1287816330972
1004	1005	15.817364431160332
1003	1005	9.038419238087165
1025	1005	17.653457457421457
1002	1005	13.159057620554478
1001	1025	14.897713247404736
1009	1025	6.381028257386163
=========================
