
Tempo:120018.03466666667
Destinazione	 NEXTHOP	 Costo
=========================

Tempo:120018.03466666667
Destinazione	 NEXTHOP	 Costo
1003	1003	1.0
1002	1003	1.3830123783884272
1001	1003	1.7735881654328225
1000	1003	2.8763536732575035
=========================

Tempo:120018.03466666667
Destinazione	 NEXTHOP	 Costo
=========================

Tempo:120018.03466666667
Destinazione	 NEXTHOP	 Costo
1003	1003	1.0
1002	1003	1.3830123783884272
1001	1003	1.7735881654328225
1000	1003	2.8763536732575035
=========================

Tempo:125018.03466666667
Destinazione	 NEXTHOP	 Costo
1003	1003	1.0
1002	1002	1.2825969756739009
1001	1002	1.758237821726931
1000	1002	2.463172076917016
=========================

Tempo:125018.03466666667
Destinazione	 NEXTHOP	 Costo
1003	1003	0.8796328189101617
1002	1002	1.2825969756739009
1001	1002	1.758237821726931
1000	1002	2.463172076917016
=========================

Tempo:130018.03466666667
Destinazione	 NEXTHOP	 Costo
1003	1003	0.8796328189101617
1002	1002	1.1985807641241477
1001	1002	1.758237821726931
1000	1002	2.463172076917016
=========================

Tempo:130018.03466666667
Destinazione	 NEXTHOP	 Costo
1003	1003	0.8002330416965865
1002	1002	1.1985807641241477
1001	1002	1.758237821726931
1000	1002	2.463172076917016
=========================

Tempo:135018.03466666667
Destinazione	 NEXTHOP	 Costo
1003	1003	0.8002330416965865
1002	1002	1.0582094744126986
1001	1002	1.758237821726931
1000	1002	2.463172076917016
=========================

Tempo:135018.03466666667
Destinazione	 NEXTHOP	 Costo
1003	1003	0.6038711480816
1002	1002	1.0582094744126986
1001	1002	1.758237821726931
1000	1003	2.268030102797109
=========================

Tempo:140018.03466666667
Destinazione	 NEXTHOP	 Costo
1003	1003	0.6038711480816
1002	1002	0.9633763372721189
1001	1002	1.758237821726931
1000	1003	2.268030102797109
=========================

Tempo:140018.03466666667
Destinazione	 NEXTHOP	 Costo
1003	1003	0.4492124024743753
1002	1002	0.9633763372721189
1001	1002	1.758237821726931
1000	1003	1.9440082475780127
=========================

Tempo:145018.03466666667
Destinazione	 NEXTHOP	 Costo
1003	1003	0.4492124024743753
1002	1002	1.081860867232073
1001	1002	1.758237821726931
1000	1003	1.9440082475780127
=========================

Tempo:145018.03466666667
Destinazione	 NEXTHOP	 Costo
1003	1003	0.36127371839970424
1002	1003	0.8176840719189097
1001	1002	1.758237821726931
1000	1003	1.9440082475780127
=========================

Tempo:150018.03466666667
Destinazione	 NEXTHOP	 Costo
1003	1003	0.36127371839970424
1002	1003	0.8176840719189097
1001	1002	1.758237821726931
1000	1003	1.9440082475780127
=========================

Tempo:150018.03466666667
Destinazione	 NEXTHOP	 Costo
1003	1003	0.36127371839970424
1002	1002	1.288027101658079
1001	1002	1.758237821726931
1000	1003	1.9440082475780127
=========================

Tempo:150018.03466666667
Destinazione	 NEXTHOP	 Costo
1003	1003	0.3830123783884272
1002	1003	0.7463307987857812
1001	1003	1.630530017554839
1000	1003	1.9440082475780127
=========================

Tempo:150018.03466666667
Destinazione	 NEXTHOP	 Costo
1005	1005	1.556087338635723
1003	1003	0.3830123783884272
1002	1003	0.7463307987857812
1001	1003	1.630530017554839
1000	1003	1.9440082475780127
=========================

Tempo:155018.03466666667
Destinazione	 NEXTHOP	 Costo
1005	1005	1.556087338635723
1003	1003	0.3830123783884272
1002	1003	0.7463307987857812
1001	1003	1.630530017554839
1000	1000	2.0822093316722596
=========================

Tempo:155018.03466666667
Destinazione	 NEXTHOP	 Costo
1005	1005	1.556087338635723
1003	1003	0.3830123783884272
1002	1003	0.7463307987857812
1001	1003	1.630530017554839
1000	1000	2.0822093316722596
=========================

Tempo:155018.03466666667
Destinazione	 NEXTHOP	 Costo
1005	1005	1.556087338635723
1003	1003	0.3830123783884272
1002	1002	1.3713522949670665
1001	1003	1.630530017554839
1000	1000	2.0822093316722596
=========================

Tempo:155018.03466666667
Destinazione	 NEXTHOP	 Costo
1005	1005	1.556087338635723
1003	1003	0.5226998970374043
1002	1003	0.9658493694896653
1001	1003	1.5297449388948023
1000	1000	2.0822093316722596
=========================

Tempo:155018.03466666667
Destinazione	 NEXTHOP	 Costo
1005	1005	1.5317054436816724
1003	1003	0.5226998970374043
1002	1003	0.9658493694896653
1001	1003	1.5297449388948023
1000	1000	2.0822093316722596
=========================

Tempo:160018.03466666667
Destinazione	 NEXTHOP	 Costo
1005	1005	1.5317054436816724
1003	1003	0.5226998970374043
1002	1003	0.9658493694896653
1001	1003	1.5297449388948023
1000	1000	1.9180202384985172
=========================

Tempo:160018.03466666667
Destinazione	 NEXTHOP	 Costo
1005	1005	1.5317054436816724
1003	1003	0.5226998970374043
1002	1003	0.9658493694896653
1001	1001	1.8373882009739497
1000	1000	1.9180202384985172
=========================

Tempo:160018.03466666667
Destinazione	 NEXTHOP	 Costo
1005	1005	1.5317054436816724
1003	1003	0.5226998970374043
1002	1002	1.4253612873132613
1001	1001	1.8373882009739497
1000	1000	1.9180202384985172
=========================

Tempo:160018.03466666667
Destinazione	 NEXTHOP	 Costo
1005	1005	1.5317054436816724
1003	1003	0.7824262397962366
1002	1002	1.4253612873132613
1001	1001	1.8373882009739497
1000	1000	1.9180202384985172
=========================

Tempo:160018.03466666667
Destinazione	 NEXTHOP	 Costo
1005	1005	1.2960702601691556
1003	1003	0.7824262397962366
1002	1002	1.4253612873132613
1001	1001	1.8373882009739497
1000	1000	1.9180202384985172
=========================

Tempo:165018.03466666667
Destinazione	 NEXTHOP	 Costo
1005	1005	1.2960702601691556
1003	1003	0.7824262397962366
1002	1002	1.4253612873132613
1001	1001	1.8373882009739497
1000	1000	2.0895996970657222
=========================

Tempo:165018.03466666667
Destinazione	 NEXTHOP	 Costo
1005	1005	1.2960702601691556
1003	1003	0.7824262397962366
1002	1002	1.4253612873132613
1001	1001	1.5623183729115917
1000	1000	2.0895996970657222
=========================

Tempo:165018.03466666667
Destinazione	 NEXTHOP	 Costo
1005	1005	1.2960702601691556
1003	1003	0.7824262397962366
1002	1002	1.6814358422243425
1001	1001	1.5623183729115917
1000	1000	2.0895996970657222
=========================

Tempo:165018.03466666667
Destinazione	 NEXTHOP	 Costo
1005	1005	1.2960702601691556
1003	1003	0.8148812149100593
1002	1002	1.6814358422243425
1001	1001	1.5623183729115917
1000	1000	2.0895996970657222
=========================

Tempo:165018.03466666667
Destinazione	 NEXTHOP	 Costo
1005	1005	0.847903482325085
1003	1003	0.8148812149100593
1002	1002	1.6814358422243425
1001	1001	1.5623183729115917
1000	1000	2.0895996970657222
=========================

Tempo:170018.03466666667
Destinazione	 NEXTHOP	 Costo
1005	1005	0.847903482325085
1003	1003	0.8148812149100593
1002	1002	1.6814358422243425
1001	1001	1.5623183729115917
=========================

Tempo:170018.03466666667
Destinazione	 NEXTHOP	 Costo
1005	1005	0.847903482325085
1003	1003	0.8148812149100593
1002	1002	1.6814358422243425
1001	1001	1.417560768618679
1000	1001	3.3830635622174956
=========================

Tempo:170018.03466666667
Destinazione	 NEXTHOP	 Costo
1005	1005	0.847903482325085
1003	1003	0.8148812149100593
1002	1002	1.927195395331645
1001	1001	1.417560768618679
1000	1001	3.3830635622174956
=========================

Tempo:170018.03466666667
Destinazione	 NEXTHOP	 Costo
1005	1005	0.847903482325085
1003	1003	0.6768971255781955
1002	1002	1.927195395331645
1001	1001	1.417560768618679
1000	1003	3.3424123136994
=========================

Tempo:170018.03466666667
Destinazione	 NEXTHOP	 Costo
1005	1005	0.5402561086415951
1003	1003	0.6768971255781955
1002	1002	1.927195395331645
1001	1001	1.417560768618679
1000	1005	3.2337269537889175
=========================

Tempo:175018.03466666667
Destinazione	 NEXTHOP	 Costo
1005	1005	0.5402561086415951
1003	1003	0.6768971255781955
1002	1002	1.927195395331645
1001	1001	1.5234330629436263
1000	1005	3.2337269537889175
=========================

Tempo:175018.03466666667
Destinazione	 NEXTHOP	 Costo
1005	1005	0.5402561086415951
1003	1003	0.6768971255781955
1002	1002	1.8426600574799419
1001	1001	1.5234330629436263
1000	1005	3.2337269537889175
=========================

Tempo:175018.03466666667
Destinazione	 NEXTHOP	 Costo
1005	1005	0.5402561086415951
1003	1003	0.4362173833524047
1002	1003	1.7104621750834688
1001	1001	1.5234330629436263
1000	1003	3.1017325714736095
=========================

Tempo:175018.03466666667
Destinazione	 NEXTHOP	 Costo
1005	1005	0.3834971632860247
1003	1003	0.4362173833524047
1002	1003	1.7104621750834688
1001	1001	1.5234330629436263
1000	1005	3.0769680084333473
=========================

Tempo:180018.03466666667
Destinazione	 NEXTHOP	 Costo
1005	1005	0.3834971632860247
1003	1003	0.4362173833524047
1002	1003	1.7104621750834688
1001	1001	2.029779150696812
1000	1005	3.0769680084333473
=========================

Tempo:180018.03466666667
Destinazione	 NEXTHOP	 Costo
1005	1005	0.3834971632860247
1003	1003	0.4362173833524047
1002	1002	1.736845926500608
1001	1001	2.029779150696812
1000	1005	3.0769680084333473
=========================

Tempo:180018.03466666667
Destinazione	 NEXTHOP	 Costo
1005	1005	0.3834971632860247
1003	1003	0.3479775854897265
1002	1003	1.1955571727661771
1001	1001	2.029779150696812
1000	1003	3.0134927736109316
=========================

Tempo:180018.03466666667
Destinazione	 NEXTHOP	 Costo
1005	1005	0.38409770580337144
1003	1003	0.3479775854897265
1002	1003	1.1955571727661771
1001	1001	2.029779150696812
1000	1003	3.0134927736109316
=========================

Tempo:180018.03466666667
Destinazione	 NEXTHOP	 Costo
1005	1005	0.38409770580337144
1003	1003	0.3479775854897265
1002	1003	1.1955571727661771
1001	1001	2.029779150696812
1000	1003	3.0134927736109316
=========================

Tempo:185018.03466666667
Destinazione	 NEXTHOP	 Costo
1005	1005	0.38409770580337144
1003	1003	0.3479775854897265
1002	1003	1.1955571727661771
1000	1003	3.0134927736109316
=========================

Tempo:185018.03466666667
Destinazione	 NEXTHOP	 Costo
1005	1005	0.38409770580337144
1003	1003	0.3479775854897265
1002	1002	1.669659117834646
1001	1002	3.3964961402257416
1000	1003	3.0134927736109316
=========================

Tempo:185018.03466666667
Destinazione	 NEXTHOP	 Costo
1005	1005	0.38409770580337144
1003	1003	0.4248820452709536
1002	1003	0.9663415570774119
1001	1003	2.6931785794685075
1000	1003	3.0134927736109316
=========================

Tempo:185018.03466666667
Destinazione	 NEXTHOP	 Costo
1006	1005	2.1155922138906242
1005	1005	0.5595048752549013
1003	1003	0.4248820452709536
1002	1003	0.9663415570774119
1001	1005	2.641714206927161
1000	1003	3.0134927736109316
=========================

Tempo:185018.03466666667
Destinazione	 NEXTHOP	 Costo
1006	1006	2.5818401504999966
1005	1005	0.5595048752549013
1003	1003	0.4248820452709536
1002	1003	0.9663415570774119
1001	1005	2.641714206927161
1000	1003	3.0134927736109316
=========================

Tempo:190018.03466666667
Destinazione	 NEXTHOP	 Costo
1006	1006	2.5818401504999966
1005	1005	0.5595048752549013
1003	1003	0.4248820452709536
1002	1002	1.813332677060013
1001	1005	2.641714206927161
1000	1003	3.0134927736109316
=========================

Tempo:190018.03466666667
Destinazione	 NEXTHOP	 Costo
1006	1006	2.5818401504999966
1005	1005	0.5595048752549013
1003	1003	0.6645287301434523
1002	1003	1.0757559335593843
1001	1005	2.641714206927161
1000	1003	3.0134927736109316
=========================

Tempo:190018.03466666667
Destinazione	 NEXTHOP	 Costo
1006	1005	2.4221804022695457
1005	1005	0.8904749585878734
1003	1003	0.6645287301434523
1002	1003	1.0757559335593843
1001	1005	2.641714206927161
1000	1003	3.0134927736109316
=========================

Tempo:190018.03466666667
Destinazione	 NEXTHOP	 Costo
1006	1006	2.352073971255906
1005	1005	0.8904749585878734
1003	1003	0.6645287301434523
1002	1003	1.0757559335593843
1001	1005	2.641714206927161
1000	1003	3.0134927736109316
=========================

Tempo:195018.03466666667
Destinazione	 NEXTHOP	 Costo
1006	1006	2.352073971255906
1005	1005	0.8904749585878734
1003	1003	0.6645287301434523
1002	1002	2.027180988673108
1001	1005	2.641714206927161
1000	1003	3.0134927736109316
=========================

Tempo:195018.03466666667
Destinazione	 NEXTHOP	 Costo
1006	1006	2.352073971255906
1005	1005	0.8904749585878734
1003	1003	1.0352777542246665
1002	1003	1.497950374236767
1001	1005	2.641714206927161
1000	1003	3.0134927736109316
=========================

Tempo:195018.03466666667
Destinazione	 NEXTHOP	 Costo
1006	1005	2.254082495333356
1005	1005	0.9580122351642002
1003	1003	1.0352777542246665
1002	1003	1.497950374236767
1001	1005	2.641714206927161
1000	1003	3.0134927736109316
=========================

Tempo:195018.03466666667
Destinazione	 NEXTHOP	 Costo
1006	1006	1.9299892428178058
1005	1005	0.9580122351642002
1003	1003	1.0352777542246665
1002	1003	1.497950374236767
1001	1005	2.641714206927161
1000	1003	3.0134927736109316
=========================

Tempo:200018.03466666667
Destinazione	 NEXTHOP	 Costo
1006	1006	1.9299892428178058
1005	1005	0.9580122351642002
1003	1003	1.0352777542246665
1002	1002	2.2682600940291002
1001	1005	2.641714206927161
1000	1003	3.0134927736109316
=========================

Tempo:200018.03466666667
Destinazione	 NEXTHOP	 Costo
1006	1006	1.9299892428178058
1005	1005	0.9580122351642002
1003	1003	1.4738583987361746
1002	1003	2.1760743416919355
1001	1005	2.641714206927161
1000	1003	3.0134927736109316
=========================

Tempo:200018.03466666667
Destinazione	 NEXTHOP	 Costo
1006	1005	1.630458156375986
1005	1005	0.7825546740509008
1003	1003	1.4738583987361746
1002	1003	2.1760743416919355
1001	1005	2.641714206927161
1000	1003	3.0134927736109316
=========================

Tempo:200018.03466666667
Destinazione	 NEXTHOP	 Costo
1006	1006	1.5288923519274802
1005	1005	0.7825546740509008
1003	1003	1.4738583987361746
1002	1003	2.1760743416919355
1001	1005	2.641714206927161
1000	1003	3.0134927736109316
=========================

Tempo:205018.03466666667
Destinazione	 NEXTHOP	 Costo
1006	1006	1.5288923519274802
1005	1005	0.7825546740509008
1003	1003	1.4738583987361746
1002	1002	2.200434093013356
1001	1005	2.641714206927161
1000	1003	3.0134927736109316
=========================

Tempo:205018.03466666667
Destinazione	 NEXTHOP	 Costo
1006	1006	1.5288923519274802
1005	1005	0.7825546740509008
1003	1003	1.2381566885231394
1002	1002	2.200434093013356
1001	1005	2.641714206927161
1000	1003	3.0134927736109316
=========================

Tempo:205018.03466666667
Destinazione	 NEXTHOP	 Costo
1006	1005	1.0234035370228696
1005	1005	0.4831474283812745
1003	1003	1.2381566885231394
1002	1005	2.006580491324901
1001	1005	2.641714206927161
1000	1003	3.0134927736109316
=========================

Tempo:205018.03466666667
Destinazione	 NEXTHOP	 Costo
1006	1006	1.4662671018256728
1005	1005	0.4831474283812745
1003	1003	1.2381566885231394
1002	1005	2.006580491324901
1001	1005	2.641714206927161
1000	1003	3.0134927736109316
=========================

Tempo:210018.03466666667
Destinazione	 NEXTHOP	 Costo
1006	1006	1.4662671018256728
1005	1005	0.4831474283812745
1003	1003	1.2381566885231394
1002	1002	2.2413437810294967
1001	1005	2.641714206927161
1000	1003	3.0134927736109316
=========================

Tempo:210018.03466666667
Destinazione	 NEXTHOP	 Costo
1006	1006	1.4662671018256728
1005	1005	0.4831474283812745
1003	1003	0.8250167424233913
1002	1002	2.2413437810294967
1001	1005	2.641714206927161
1000	1003	3.0134927736109316
=========================

Tempo:210018.03466666667
Destinazione	 NEXTHOP	 Costo
1006	1005	0.7483617839731613
1005	1005	0.3648646206871366
1003	1003	0.8250167424233913
1002	1002	2.2413437810294967
1001	1005	2.641714206927161
1000	1003	3.0134927736109316
=========================

Tempo:210018.03466666667
Destinazione	 NEXTHOP	 Costo
1006	1006	1.4922282447247068
1005	1005	0.3648646206871366
1003	1003	0.8250167424233913
1002	1002	2.2413437810294967
1001	1005	2.641714206927161
1000	1003	3.0134927736109316
=========================

Tempo:215018.03466666667
Destinazione	 NEXTHOP	 Costo
1006	1006	1.4922282447247068
1005	1005	0.3648646206871366
1003	1003	0.8250167424233913
1002	1002	2.5005361141553313
1001	1005	2.641714206927161
1000	1003	3.0134927736109316
=========================

Tempo:215018.03466666667
Destinazione	 NEXTHOP	 Costo
1006	1006	1.4922282447247068
1005	1005	0.3648646206871366
1003	1003	0.5276276701614876
1002	1003	2.2008683529542994
1001	1005	2.641714206927161
1000	1003	3.0134927736109316
=========================

Tempo:215018.03466666667
Destinazione	 NEXTHOP	 Costo
1006	1005	0.809736984615421
1005	1005	0.4256392788120495
1003	1003	0.5276276701614876
1002	1003	2.2008683529542994
1001	1005	2.641714206927161
1000	1003	3.0134927736109316
=========================

Tempo:215018.03466666667
Destinazione	 NEXTHOP	 Costo
1007	1006	3.0785898602458284
1006	1006	1.5225025216101051
1005	1005	0.4256392788120495
1003	1003	0.5276276701614876
1002	1003	2.2008683529542994
1001	1005	2.641714206927161
1000	1003	3.0134927736109316
=========================

Tempo:220018.03466666667
Destinazione	 NEXTHOP	 Costo
1007	1006	3.0785898602458284
1006	1006	1.5225025216101051
1005	1005	0.4256392788120495
1003	1003	0.5276276701614876
1002	1003	2.2008683529542994
1001	1005	2.641714206927161
1000	1003	3.0134927736109316
=========================

Tempo:220018.03466666667
Destinazione	 NEXTHOP	 Costo
1007	1006	3.0785898602458284
1006	1006	1.5225025216101051
1005	1005	0.4256392788120495
1003	1003	0.4008918685424242
1002	1003	2.0739456686143702
1001	1003	2.5367220795729004
1000	1003	3.0134927736109316
=========================

Tempo:220018.03466666667
Destinazione	 NEXTHOP	 Costo
1007	1006	3.0785898602458284
1006	1005	1.237383109318412
1005	1005	0.6778782340635107
1003	1003	0.4008918685424242
1002	1003	2.0739456686143702
1001	1003	2.5367220795729004
1000	1003	3.0134927736109316
=========================

Tempo:220018.03466666667
Destinazione	 NEXTHOP	 Costo
1007	1006	3.0785898602458284
1006	1006	1.6630338351116867
1005	1005	0.6778782340635107
1003	1003	0.4008918685424242
1002	1003	2.0739456686143702
1001	1003	2.5367220795729004
1000	1003	3.0134927736109316
=========================

Tempo:225018.03466666667
Destinazione	 NEXTHOP	 Costo
1007	1006	3.0785898602458284
1006	1006	1.6630338351116867
1005	1005	0.6778782340635107
1003	1003	0.4513857884721221
1002	1003	2.0739456686143702
1001	1003	2.5367220795729004
1000	1003	3.0134927736109316
=========================

Tempo:225018.03466666667
Destinazione	 NEXTHOP	 Costo
1007	1006	3.0785898602458284
1006	1006	1.6630338351116867
1005	1005	1.0894597206323018
1003	1003	0.4513857884721221
1002	1003	2.0739456686143702
1001	1003	2.5367220795729004
1000	1003	3.0134927736109316
=========================

Tempo:225018.03466666667
Destinazione	 NEXTHOP	 Costo
1007	1006	3.0785898602458284
1006	1006	2.0819058461460846
1005	1005	1.0894597206323018
1003	1003	0.4513857884721221
1002	1003	2.0739456686143702
1001	1003	2.5367220795729004
1000	1003	3.0134927736109316
=========================

Tempo:230018.03466666667
Destinazione	 NEXTHOP	 Costo
1007	1006	3.0785898602458284
1006	1006	2.0819058461460846
1005	1005	1.0894597206323018
1003	1003	0.685806564469498
1002	1003	2.0739456686143702
1001	1003	2.5367220795729004
1000	1003	3.0134927736109316
=========================

Tempo:230018.03466666667
Destinazione	 NEXTHOP	 Costo
1007	1006	3.0785898602458284
1006	1006	2.0819058461460846
1005	1005	1.5815287399519495
1003	1003	0.685806564469498
1002	1003	2.0739456686143702
1001	1003	2.5367220795729004
1000	1003	3.0134927736109316
=========================

Tempo:230018.03466666667
Destinazione	 NEXTHOP	 Costo
1007	1006	3.0785898602458284
1006	1006	2.398529047743253
1005	1005	1.5815287399519495
1003	1003	0.685806564469498
1002	1003	2.0739456686143702
1001	1003	2.5367220795729004
1000	1003	3.0134927736109316
=========================

Tempo:235018.03466666667
Destinazione	 NEXTHOP	 Costo
1007	1006	3.0785898602458284
1006	1006	2.398529047743253
1005	1005	1.5815287399519495
1003	1003	1.0739795440211573
1002	1003	2.0739456686143702
1001	1003	2.5367220795729004
1000	1003	3.0134927736109316
=========================

Tempo:235018.03466666667
Destinazione	 NEXTHOP	 Costo
1007	1005	2.860757195922311
1006	1005	2.1144195180457315
1005	1005	1.3318648439948306
1003	1003	1.0739795440211573
1002	1003	2.0739456686143702
1001	1003	2.5367220795729004
1000	1003	3.0134927736109316
=========================

Tempo:235018.03466666667
Destinazione	 NEXTHOP	 Costo
1007	1006	2.764777336252496
1006	1006	2.224521227610901
1005	1005	1.3318648439948306
1003	1003	1.0739795440211573
1002	1003	2.0739456686143702
1001	1003	2.5367220795729004
1000	1003	3.0134927736109316
=========================

Tempo:240018.03466666667
Destinazione	 NEXTHOP	 Costo
1007	1006	2.764777336252496
1006	1006	2.224521227610901
1005	1005	1.3318648439948306
1003	1003	1.545457048499447
1002	1003	2.0739456686143702
1001	1003	2.5367220795729004
1000	1003	3.0134927736109316
=========================

Tempo:240018.03466666667
Destinazione	 NEXTHOP	 Costo
1007	1005	2.33869953774391
1006	1005	1.3555798642995118
1005	1005	0.8724324359182374
1003	1003	1.545457048499447
1002	1003	2.0739456686143702
1001	1003	2.5367220795729004
1000	1003	3.0134927736109316
=========================

Tempo:240018.03466666667
Destinazione	 NEXTHOP	 Costo
1007	1005	2.33869953774391
1006	1006	1.9571366608451795
1005	1005	0.8724324359182374
1003	1003	1.545457048499447
1002	1003	2.0739456686143702
1001	1003	2.5367220795729004
1000	1003	3.0134927736109316
=========================

Tempo:245018.03466666667
Destinazione	 NEXTHOP	 Costo
1007	1005	2.33869953774391
1006	1006	1.9571366608451795
1005	1005	0.8724324359182374
1003	1003	1.6393429635008132
1002	1003	2.0739456686143702
1001	1003	2.5367220795729004
1000	1003	3.0134927736109316
=========================

Tempo:245018.03466666667
Destinazione	 NEXTHOP	 Costo
1007	1005	2.03459449737568
1006	1005	0.9072308733381098
1005	1005	0.5423662526509733
1003	1003	1.6393429635008132
1002	1003	2.0739456686143702
1001	1003	2.5367220795729004
1000	1003	3.0134927736109316
=========================

Tempo:245018.03466666667
Destinazione	 NEXTHOP	 Costo
1007	1005	2.03459449737568
1006	1006	1.733081486442804
1005	1005	0.5423662526509733
1003	1003	1.6393429635008132
1002	1003	2.0739456686143702
1001	1003	2.5367220795729004
1000	1003	3.0134927736109316
=========================

Tempo:245018.03466666667
Destinazione	 NEXTHOP	 Costo
1007	1005	2.03459449737568
1006	1006	1.733081486442804
1005	1005	0.5423662526509733
1003	1003	1.6393429635008132
1002	1003	2.0739456686143702
1001	1003	2.5367220795729004
1000	1003	3.0134927736109316
=========================

Tempo:250018.03466666667
Destinazione	 NEXTHOP	 Costo
1008	1003	5.388997262451756
1007	1005	2.03459449737568
1006	1006	1.733081486442804
1005	1005	0.5423662526509733
1003	1003	1.6403314118838397
1002	1003	2.0739456686143702
1001	1003	2.5367220795729004
1000	1003	3.0134927736109316
=========================

Tempo:250018.03466666667
Destinazione	 NEXTHOP	 Costo
1008	1005	3.4785533983834744
1007	1005	1.922466059747751
1006	1005	0.8256028169496954
1005	1005	0.3999635381376459
1003	1003	1.6403314118838397
1002	1003	2.0739456686143702
1001	1003	2.5367220795729004
1000	1003	3.0134927736109316
=========================

Tempo:250018.03466666667
Destinazione	 NEXTHOP	 Costo
1008	1005	3.4785533983834744
1007	1005	1.922466059747751
1006	1006	1.843970557286094
1005	1005	0.3999635381376459
1003	1003	1.6403314118838397
1002	1003	2.0739456686143702
1001	1003	2.5367220795729004
1000	1003	3.0134927736109316
=========================

Tempo:250018.03466666667
Destinazione	 NEXTHOP	 Costo
1008	1005	3.4785533983834744
1007	1007	2.081718364178026
1006	1006	1.843970557286094
1005	1005	0.3999635381376459
1003	1003	1.6403314118838397
1002	1003	2.0739456686143702
1001	1003	2.5367220795729004
1000	1003	3.0134927736109316
=========================

Tempo:255018.03466666667
Destinazione	 NEXTHOP	 Costo
1008	1005	3.4785533983834744
1007	1007	2.081718364178026
1006	1006	1.843970557286094
1005	1005	0.3999635381376459
1003	1003	1.643686866618403
1002	1003	2.0739456686143702
1001	1003	2.5367220795729004
1000	1003	3.0134927736109316
=========================

Tempo:255018.03466666667
Destinazione	 NEXTHOP	 Costo
1008	1005	3.4785533983834744
1007	1007	2.081718364178026
1006	1005	1.1193679114722737
1005	1005	0.44148967740876294
1003	1003	1.643686866618403
1002	1003	2.0739456686143702
1001	1003	2.5367220795729004
1000	1003	3.0134927736109316
=========================

Tempo:255018.03466666667
Destinazione	 NEXTHOP	 Costo
1008	1005	3.4785533983834744
1007	1007	2.081718364178026
1006	1006	2.0757404237344987
1005	1005	0.44148967740876294
1003	1003	1.643686866618403
1002	1003	2.0739456686143702
1001	1003	2.5367220795729004
1000	1003	3.0134927736109316
=========================

Tempo:255018.03466666667
Destinazione	 NEXTHOP	 Costo
1008	1007	3.153553517396439
1007	1007	1.8574832572272835
1006	1006	2.0757404237344987
1005	1005	0.44148967740876294
1003	1003	1.643686866618403
1002	1003	2.0739456686143702
1001	1003	2.5367220795729004
1000	1003	3.0134927736109316
=========================

Tempo:260018.03466666667
Destinazione	 NEXTHOP	 Costo
1008	1007	3.153553517396439
1007	1007	1.8574832572272835
1006	1006	2.0757404237344987
1005	1005	0.44148967740876294
1003	1003	1.6425000015891547
1002	1003	2.0739456686143702
1001	1003	2.5367220795729004
1000	1003	3.0134927736109316
=========================

Tempo:260018.03466666667
Destinazione	 NEXTHOP	 Costo
1008	1007	3.153553517396439
1007	1007	1.8574832572272835
1006	1005	1.7552844590515349
1005	1005	0.6658247384192331
1003	1003	1.6425000015891547
1002	1003	2.0739456686143702
1001	1003	2.5367220795729004
1000	1003	3.0134927736109316
=========================

Tempo:260018.03466666667
Destinazione	 NEXTHOP	 Costo
1008	1007	3.153553517396439
1007	1007	1.8574832572272835
1006	1006	2.346290832763184
1005	1005	0.6658247384192331
1003	1003	1.6425000015891547
1002	1003	2.0739456686143702
1001	1003	2.5367220795729004
1000	1003	3.0134927736109316
=========================

Tempo:260018.03466666667
Destinazione	 NEXTHOP	 Costo
1008	1007	2.5368117485323096
1007	1007	1.6889082662072248
1006	1006	2.346290832763184
1005	1005	0.6658247384192331
1003	1003	1.6425000015891547
1002	1003	2.0739456686143702
1001	1003	2.5367220795729004
1000	1003	3.0134927736109316
=========================

Tempo:265018.03466666664
Destinazione	 NEXTHOP	 Costo
1008	1007	2.5368117485323096
1007	1007	1.6889082662072248
1006	1006	2.346290832763184
1005	1005	0.6658247384192331
1003	1003	1.628129833165582
1002	1003	2.0739456686143702
1001	1003	2.5367220795729004
1000	1003	3.0134927736109316
=========================

Tempo:265018.03466666664
Destinazione	 NEXTHOP	 Costo
1008	1007	2.5368117485323096
1007	1007	1.6889082662072248
1006	1006	2.346290832763184
1005	1005	1.041583062293714
1003	1003	1.628129833165582
1002	1003	2.0739456686143702
1001	1003	2.5367220795729004
1000	1003	3.0134927736109316
=========================

Tempo:265018.03466666664
Destinazione	 NEXTHOP	 Costo
1008	1007	2.5368117485323096
1007	1007	1.6889082662072248
1006	1006	2.282336268866487
1005	1005	1.041583062293714
1003	1003	1.628129833165582
1002	1003	2.0739456686143702
1001	1003	2.5367220795729004
1000	1003	3.0134927736109316
=========================

Tempo:265018.03466666664
Destinazione	 NEXTHOP	 Costo
1008	1007	2.300004626288157
1007	1007	1.7597485176465615
1006	1007	2.1959659009989663
1005	1005	1.041583062293714
1003	1003	1.628129833165582
1002	1003	2.0739456686143702
1001	1003	2.5367220795729004
1000	1003	3.0134927736109316
=========================

Tempo:270018.03466666664
Destinazione	 NEXTHOP	 Costo
1008	1007	2.300004626288157
1007	1007	1.7597485176465615
1006	1007	2.1959659009989663
1005	1005	1.041583062293714
1003	1003	1.6055552846462637
1002	1003	2.0739456686143702
1001	1003	2.5367220795729004
1000	1003	3.0134927736109316
=========================

Tempo:270018.03466666664
Destinazione	 NEXTHOP	 Costo
1008	1007	2.300004626288157
1007	1007	1.7597485176465615
1006	1007	2.1959659009989663
1005	1005	1.495491617755486
1003	1003	1.6055552846462637
1002	1003	2.0739456686143702
1001	1003	2.5367220795729004
1000	1003	3.0134927736109316
=========================

Tempo:270018.03466666664
Destinazione	 NEXTHOP	 Costo
1008	1007	2.300004626288157
1007	1007	1.7597485176465615
1006	1006	2.285022432179787
1005	1005	1.495491617755486
1003	1003	1.6055552846462637
1002	1003	2.0739456686143702
1001	1003	2.5367220795729004
1000	1003	3.0134927736109316
=========================

Tempo:270018.03466666664
Destinazione	 NEXTHOP	 Costo
1008	1007	2.300004626288157
1007	1007	2.174262471138134
1006	1006	2.285022432179787
1005	1005	1.495491617755486
1003	1003	1.6055552846462637
1002	1003	2.0739456686143702
1001	1003	2.5367220795729004
1000	1003	3.0134927736109316
=========================

Tempo:270018.03466666664
Destinazione	 NEXTHOP	 Costo
1008	1007	2.300004626288157
1007	1007	2.174262471138134
1006	1006	2.285022432179787
1005	1005	1.495491617755486
1003	1003	1.6055552846462637
1002	1003	2.0739456686143702
1001	1003	2.5367220795729004
1000	1003	3.0134927736109316
=========================

Tempo:275018.03466666664
Destinazione	 NEXTHOP	 Costo
1008	1007	2.300004626288157
1007	1007	2.174262471138134
1006	1006	2.285022432179787
1005	1005	1.495491617755486
1003	1003	1.5781994014530396
1002	1003	2.0739456686143702
1001	1003	2.5367220795729004
1000	1003	3.0134927736109316
=========================

Tempo:275018.03466666664
Destinazione	 NEXTHOP	 Costo
1008	1007	2.300004626288157
1007	1007	2.174262471138134
1006	1006	2.285022432179787
1005	1005	1.5728457032914374
1003	1003	1.5781994014530396
1002	1003	2.0739456686143702
1001	1003	2.5367220795729004
1000	1003	3.0134927736109316
=========================

Tempo:275018.03466666664
Destinazione	 NEXTHOP	 Costo
1008	1007	2.300004626288157
1007	1007	2.174262471138134
1006	1006	2.4619091382746525
1005	1005	1.5728457032914374
1003	1003	1.5781994014530396
1002	1003	2.0739456686143702
1001	1003	2.5367220795729004
1000	1003	3.0134927736109316
=========================

Tempo:275018.03466666664
Destinazione	 NEXTHOP	 Costo
1006	1006	2.4619091382746525
1005	1005	1.5728457032914374
1003	1003	1.5781994014530396
1002	1003	2.0739456686143702
1001	1003	2.5367220795729004
1000	1003	3.0134927736109316
=========================

Tempo:275018.03466666664
Destinazione	 NEXTHOP	 Costo
1008	1008	2.1601872593341875
1007	1008	2.6828871563715917
1006	1006	2.4619091382746525
1005	1005	1.5728457032914374
1003	1003	1.5781994014530396
1002	1003	2.0739456686143702
1001	1003	2.5367220795729004
1000	1003	3.0134927736109316
1009	1008	3.7162745979699103
=========================

Tempo:280018.03466666664
Destinazione	 NEXTHOP	 Costo
1008	1008	2.1601872593341875
1007	1008	2.6828871563715917
1006	1006	2.4619091382746525
1005	1005	1.5728457032914374
1003	1003	1.5515611631753783
1002	1003	2.0739456686143702
1001	1003	2.5367220795729004
1000	1003	3.0134927736109316
1009	1008	3.7162745979699103
=========================

Tempo:280018.03466666664
Destinazione	 NEXTHOP	 Costo
1008	1008	2.1601872593341875
1007	1008	2.6828871563715917
1006	1005	2.089002762583714
1005	1005	1.546636509932741
1003	1003	1.5515611631753783
1002	1003	2.0739456686143702
1001	1003	2.5367220795729004
1000	1003	3.0134927736109316
1009	1008	3.7162745979699103
=========================

Tempo:280018.03466666664
Destinazione	 NEXTHOP	 Costo
1008	1008	2.1601872593341875
1007	1008	2.6828871563715917
1006	1005	2.089002762583714
1005	1005	1.546636509932741
1003	1003	1.5515611631753783
1002	1003	2.0739456686143702
1001	1003	2.5367220795729004
1000	1003	3.0134927736109316
1009	1008	3.7162745979699103
=========================

Tempo:280018.03466666664
Destinazione	 NEXTHOP	 Costo
1008	1008	1.9794701162485233
1007	1008	2.6828871563715917
1006	1005	2.089002762583714
1005	1005	1.546636509932741
1003	1003	1.5515611631753783
1002	1003	2.0739456686143702
1001	1003	2.5367220795729004
1000	1003	3.0134927736109316
1009	1008	3.5111755599301957
=========================

Tempo:285018.03466666664
Destinazione	 NEXTHOP	 Costo
1008	1008	1.9794701162485233
1007	1008	2.6828871563715917
1006	1005	2.089002762583714
1005	1005	1.546636509932741
1003	1003	1.5350981667064068
1002	1003	2.0739456686143702
1001	1003	2.5367220795729004
1000	1003	3.0134927736109316
1009	1008	3.5111755599301957
=========================

Tempo:285018.03466666664
Destinazione	 NEXTHOP	 Costo
1008	1008	1.9794701162485233
1007	1008	2.6828871563715917
1006	1005	1.9304086773074751
1005	1005	1.5304451391698293
1003	1003	1.5350981667064068
1002	1003	2.0739456686143702
1001	1003	2.5367220795729004
1000	1003	3.0134927736109316
1009	1008	3.5111755599301957
=========================

Tempo:285018.03466666664
Destinazione	 NEXTHOP	 Costo
1008	1008	2.2602788737962003
1007	1008	2.6828871563715917
1006	1005	1.9304086773074751
1005	1005	1.5304451391698293
1003	1003	1.5350981667064068
1002	1003	2.0739456686143702
1001	1003	2.5367220795729004
1000	1003	3.0134927736109316
1009	1008	3.5111755599301957
=========================

Tempo:290018.03466666664
Destinazione	 NEXTHOP	 Costo
1008	1008	2.2602788737962003
1007	1008	2.6828871563715917
1006	1005	1.9304086773074751
1005	1005	1.5304451391698293
1003	1003	1.5185899869332697
1002	1003	2.0739456686143702
1001	1003	2.5367220795729004
1000	1003	3.0134927736109316
1009	1008	3.5111755599301957
=========================

Tempo:290018.03466666664
Destinazione	 NEXTHOP	 Costo
1008	1008	2.2602788737962003
1007	1008	2.6828871563715917
1006	1005	1.9304086773074751
1005	1005	1.51419515653553
1003	1003	1.5185899869332697
1002	1003	2.0739456686143702
1001	1003	2.5367220795729004
1000	1003	3.0134927736109316
1009	1008	3.5111755599301957
=========================

Tempo:290018.03466666664
Destinazione	 NEXTHOP	 Costo
1006	1005	1.9304086773074751
1005	1005	1.51419515653553
1003	1003	1.5185899869332697
1002	1003	2.0739456686143702
1001	1003	2.5367220795729004
1000	1003	3.0134927736109316
=========================

Tempo:295018.03466666664
Destinazione	 NEXTHOP	 Costo
1008	1003	5.018602342597359
1007	1003	4.724446684471049
1006	1005	1.9304086773074751
1005	1005	1.51419515653553
1003	1003	1.5098741888335507
1002	1003	2.0739456686143702
1001	1003	2.5367220795729004
1000	1003	3.0134927736109316
1009	1003	6.55030778627903
=========================

Tempo:295018.03466666664
Destinazione	 NEXTHOP	 Costo
1008	1005	3.1945335034671625
1007	1005	3.8519160700231216
1006	1005	1.9304086773074751
1005	1005	1.5056252372599377
1003	1003	1.5098741888335507
1002	1003	2.0739456686143702
1001	1003	2.5367220795729004
1000	1003	3.0134927736109316
1009	1005	4.042436985792247
=========================

Tempo:300018.03466666664
Destinazione	 NEXTHOP	 Costo
1008	1005	3.1945335034671625
1007	1005	3.8519160700231216
1006	1005	1.9304086773074751
1005	1005	1.5056252372599377
1003	1003	1.0980626870926657
1002	1003	2.0739456686143702
1001	1003	2.5367220795729004
1000	1003	3.0134927736109316
1009	1005	4.042436985792247
=========================

Tempo:300018.03466666664
Destinazione	 NEXTHOP	 Costo
1008	1005	3.1945335034671625
1007	1005	3.6963361788539597
1006	1005	1.9304086773074751
1005	1005	1.5003702778549937
1003	1003	1.0980626870926657
1002	1003	2.0739456686143702
1001	1003	2.5367220795729004
1000	1003	3.0134927736109316
1009	1005	3.8003749041431503
=========================

Tempo:305018.03466666664
Destinazione	 NEXTHOP	 Costo
1008	1005	3.1945335034671625
1007	1005	3.6963361788539597
1006	1005	1.9304086773074751
1005	1005	1.5003702778549937
1003	1003	0.7118220111048512
1002	1003	2.0739456686143702
1001	1003	2.5367220795729004
1000	1003	3.0134927736109316
1009	1005	3.8003749041431503
=========================

Tempo:305018.03466666664
Destinazione	 NEXTHOP	 Costo
1008	1005	3.1945335034671625
1007	1005	3.6963361788539597
1006	1005	1.9304086773074751
1005	1005	1.501290163108551
1003	1003	0.7118220111048512
1002	1003	2.0739456686143702
1001	1003	2.5367220795729004
1000	1003	3.0134927736109316
1009	1005	3.8003749041431503
=========================

Tempo:310018.03466666664
Destinazione	 NEXTHOP	 Costo
1008	1005	3.1945335034671625
1007	1005	3.6963361788539597
1006	1005	1.9304086773074751
1005	1005	1.501290163108551
1003	1003	0.6042655327521798
1002	1003	2.0739456686143702
1001	1003	2.5367220795729004
1000	1003	3.0134927736109316
1009	1005	3.8003749041431503
=========================

Tempo:310018.03466666664
Destinazione	 NEXTHOP	 Costo
1008	1005	3.1945335034671625
1007	1005	3.6963361788539597
1006	1005	1.9304086773074751
1005	1005	1.5052195168933737
1003	1003	0.6042655327521798
1002	1003	2.0739456686143702
1001	1003	2.5367220795729004
1000	1003	3.0134927736109316
1010	1005	5.221494114863284
1009	1005	3.6654067762275613
=========================

Tempo:315018.03466666664
Destinazione	 NEXTHOP	 Costo
1008	1005	3.1945335034671625
1007	1005	3.6963361788539597
1006	1005	1.9304086773074751
1005	1005	1.5052195168933737
1003	1003	0.5667879941987448
1002	1003	2.0739456686143702
1001	1003	2.5367220795729004
1000	1003	3.0134927736109316
1010	1005	5.221494114863284
1009	1005	3.6654067762275613
=========================

Tempo:315018.03466666664
Destinazione	 NEXTHOP	 Costo
1008	1005	3.1945335034671625
1007	1005	3.599390015062317
1006	1005	1.9304086773074751
1005	1005	1.5103872524786026
1003	1003	0.5667879941987448
1002	1003	2.0739456686143702
1001	1003	2.5367220795729004
1000	1003	3.0134927736109316
1010	1005	5.021562812408798
1009	1005	3.489857368727126
=========================

Tempo:320018.03466666664
Destinazione	 NEXTHOP	 Costo
1008	1005	3.1945335034671625
1007	1005	3.599390015062317
1006	1005	1.9304086773074751
1005	1005	1.5103872524786026
1003	1003	0.5990317303166448
1002	1003	2.0739456686143702
1001	1003	2.5367220795729004
1000	1003	3.0134927736109316
1010	1005	5.021562812408798
1009	1005	3.489857368727126
=========================

Tempo:320018.03466666664
Destinazione	 NEXTHOP	 Costo
1008	1005	3.1945335034671625
1007	1005	3.444748707608846
1006	1005	1.9304086773074751
1005	1005	1.5143400303013708
1003	1003	0.5990317303166448
1002	1003	2.0739456686143702
1001	1003	2.5367220795729004
1000	1003	3.0134927736109316
1010	1005	5.021562812408798
1009	1005	3.489857368727126
=========================

Tempo:325018.03466666664
Destinazione	 NEXTHOP	 Costo
1008	1005	3.1945335034671625
1007	1005	3.444748707608846
1006	1005	1.9304086773074751
1005	1005	1.5143400303013708
1003	1003	0.7006874842453902
1002	1003	2.0739456686143702
1001	1003	2.5367220795729004
1000	1003	3.0134927736109316
1010	1005	5.021562812408798
1009	1005	3.489857368727126
=========================

Tempo:325018.03466666664
Destinazione	 NEXTHOP	 Costo
1008	1005	3.1945335034671625
1007	1005	3.444748707608846
1006	1005	1.9304086773074751
1005	1005	1.5153981005559558
1003	1003	0.7006874842453902
1002	1003	2.0739456686143702
1001	1003	2.5367220795729004
1000	1003	3.0134927736109316
1010	1005	5.021562812408798
1009	1005	3.489857368727126
=========================

Tempo:330018.03466666664
Destinazione	 NEXTHOP	 Costo
1008	1005	3.1945335034671625
1007	1005	3.444748707608846
1006	1005	1.9304086773074751
1005	1005	1.5153981005559558
1003	1003	1.0519661094057453
1002	1003	2.0739456686143702
1001	1003	2.5367220795729004
1000	1003	3.0134927736109316
1010	1005	5.021562812408798
1009	1005	3.489857368727126
=========================

Tempo:330018.03466666664
Destinazione	 NEXTHOP	 Costo
1008	1005	3.1945335034671625
1007	1005	3.035219468213303
1006	1005	1.9304086773074751
1005	1005	1.1048107909058278
1003	1003	1.0519661094057453
1002	1003	2.0739456686143702
1001	1003	2.5367220795729004
1000	1003	3.0134927736109316
1010	1005	5.021562812408798
1009	1005	3.489857368727126
=========================

Tempo:335018.03466666664
Destinazione	 NEXTHOP	 Costo
1008	1005	3.1945335034671625
1007	1005	3.035219468213303
1006	1005	1.9304086773074751
1005	1005	1.1048107909058278
1003	1003	1.50994588667041
1002	1003	2.0739456686143702
1001	1003	2.5367220795729004
1000	1003	3.0134927736109316
1010	1005	5.021562812408798
1009	1005	3.489857368727126
=========================

Tempo:335018.03466666664
Destinazione	 NEXTHOP	 Costo
1008	1005	3.1945335034671625
1007	1005	2.6464994939778275
1006	1005	1.9304086773074751
1005	1005	0.7160908166703523
1003	1003	1.50994588667041
1002	1003	2.0739456686143702
1001	1003	2.5367220795729004
1000	1003	3.0134927736109316
1010	1005	4.516465720813502
1009	1005	3.489857368727126
=========================

Tempo:340018.03466666664
Destinazione	 NEXTHOP	 Costo
1008	1005	3.1945335034671625
1007	1005	2.6464994939778275
1006	1005	1.9304086773074751
1005	1005	0.7160908166703523
1003	1003	1.5106386936325287
1002	1003	2.0739456686143702
1001	1003	2.5367220795729004
1000	1003	3.0134927736109316
1010	1005	4.516465720813502
1009	1005	3.489857368727126
=========================

Tempo:340018.03466666664
Destinazione	 NEXTHOP	 Costo
1008	1005	3.1945335034671625
1007	1005	2.5380893351501608
1006	1005	1.9304086773074751
1005	1005	0.6076806578426857
1003	1003	1.5106386936325287
1002	1003	2.0739456686143702
1001	1003	2.5367220795729004
1000	1003	3.0134927736109316
1010	1005	4.408055561985836
1009	1005	3.489857368727126
=========================

Tempo:345018.03466666664
Destinazione	 NEXTHOP	 Costo
1008	1005	3.1945335034671625
1007	1005	2.5380893351501608
1006	1005	1.9304086773074751
1005	1005	0.6076806578426857
1003	1003	1.5140660426673478
1002	1003	2.0378589895063515
1001	1003	2.5367220795729004
1000	1003	3.0134927736109316
1010	1005	4.408055561985836
1009	1005	3.489857368727126
=========================

Tempo:345018.03466666664
Destinazione	 NEXTHOP	 Costo
1008	1005	3.1945335034671625
1007	1005	2.500164699440921
1006	1005	1.9304086773074751
1005	1005	0.569756022133446
1003	1003	1.5140660426673478
1002	1003	2.0378589895063515
1001	1003	2.5367220795729004
1000	1003	3.0134927736109316
1011	1005	5.79125013699673
1010	1005	4.235162798361007
1009	1005	3.489857368727126
=========================

Tempo:350018.03466666664
Destinazione	 NEXTHOP	 Costo
1008	1005	3.1945335034671625
1007	1005	2.500164699440921
1006	1005	1.9304086773074751
1005	1005	0.569756022133446
1003	1003	1.5186318377266481
1002	1003	2.011370292632345
1001	1003	2.5367220795729004
1000	1003	3.0134927736109316
1011	1005	5.79125013699673
1010	1005	4.235162798361007
1009	1005	3.489857368727126
=========================

Tempo:350018.03466666664
Destinazione	 NEXTHOP	 Costo
1008	1005	3.1945335034671625
1007	1005	2.500164699440921
1006	1005	1.9304086773074751
1005	1005	0.6019748088284467
1003	1003	1.5186318377266481
1002	1003	2.011370292632345
1001	1003	2.5367220795729004
1000	1003	3.0134927736109316
1011	1005	5.623537621237245
1010	1005	4.091832177555572
1009	1005	3.489857368727126
=========================

Tempo:355018.03466666664
Destinazione	 NEXTHOP	 Costo
1008	1005	3.1945335034671625
1007	1005	2.500164699440921
1006	1005	1.9304086773074751
1005	1005	0.6019748088284467
1003	1003	1.5186318377266481
1002	1003	2.011370292632345
1001	1003	2.5367220795729004
1000	1003	3.0134927736109316
1011	1005	5.623537621237245
1010	1005	4.091832177555572
1009	1005	3.489857368727126
=========================

Tempo:355018.03466666664
Destinazione	 NEXTHOP	 Costo
1008	1005	3.1945335034671625
1007	1005	2.500164699440921
1006	1005	1.9304086773074751
1005	1005	0.6019748088284467
1003	1003	1.5221099632263952
1002	1003	2.011370292632345
1001	1003	2.5367220795729004
1000	1003	3.0134927736109316
1011	1005	5.623537621237245
1010	1005	4.091832177555572
1009	1005	3.489857368727126
=========================

Tempo:355018.03466666664
Destinazione	 NEXTHOP	 Costo
1008	1005	3.1945335034671625
1007	1005	2.500164699440921
1006	1005	1.9304086773074751
1005	1005	0.7040380906004547
1003	1003	1.5221099632263952
1002	1003	2.011370292632345
1001	1003	2.5367220795729004
1000	1003	3.0134927736109316
1011	1005	5.623537621237245
1010	1005	4.091832177555572
1009	1005	3.489857368727126
=========================

Tempo:360018.03466666664
Destinazione	 NEXTHOP	 Costo
1008	1005	3.1945335034671625
1007	1005	2.500164699440921
1006	1005	1.9304086773074751
1005	1005	0.7040380906004547
1003	1003	1.5221099632263952
1002	1003	2.011370292632345
1001	1003	2.5367220795729004
1000	1003	3.0134927736109316
1011	1005	5.623537621237245
1010	1005	4.091832177555572
1009	1005	3.489857368727126
=========================

Tempo:360018.03466666664
Destinazione	 NEXTHOP	 Costo
1008	1005	3.1945335034671625
1007	1005	2.500164699440921
1006	1005	1.9304086773074751
1005	1005	0.7040380906004547
1003	1003	1.4428586371771703
1002	1003	2.011370292632345
1001	1003	2.5367220795729004
1000	1003	3.0134927736109316
1011	1005	5.623537621237245
1010	1005	4.091832177555572
1009	1005	3.489857368727126
=========================

Tempo:360018.03466666664
Destinazione	 NEXTHOP	 Costo
1008	1005	3.1945335034671625
1007	1005	2.500164699440921
1006	1005	1.9304086773074751
1005	1005	1.0574859999071289
1003	1003	1.4428586371771703
1002	1003	2.011370292632345
1001	1003	2.5367220795729004
1000	1003	3.0134927736109316
1011	1005	5.623537621237245
1010	1005	4.091832177555572
1009	1005	3.489857368727126
=========================

Tempo:365018.03466666664
Destinazione	 NEXTHOP	 Costo
1008	1005	3.1945335034671625
1007	1005	2.500164699440921
1006	1005	1.9304086773074751
1005	1005	1.0574859999071289
1003	1003	1.4428586371771703
1002	1003	2.011370292632345
1001	1003	2.5367220795729004
1000	1003	3.0134927736109316
1011	1005	5.623537621237245
1010	1005	4.091832177555572
1009	1005	3.489857368727126
=========================

Tempo:365018.03466666664
Destinazione	 NEXTHOP	 Costo
1008	1005	3.1945335034671625
1007	1005	2.500164699440921
1006	1005	1.9304086773074751
1005	1005	1.0574859999071289
1003	1003	0.9906802106272912
1002	1003	2.011370292632345
1001	1003	2.5367220795729004
1000	1003	3.0134927736109316
1011	1005	5.623537621237245
1010	1005	4.091832177555572
1009	1005	3.489857368727126
=========================

Tempo:365018.03466666664
Destinazione	 NEXTHOP	 Costo
1008	1005	3.1945335034671625
1007	1005	2.500164699440921
1006	1005	1.9304086773074751
1005	1005	1.5193450068082726
1003	1003	0.9906802106272912
1002	1003	2.011370292632345
1001	1003	2.5367220795729004
1000	1003	3.0134927736109316
1011	1005	5.623537621237245
1010	1005	4.091832177555572
1009	1005	3.489857368727126
=========================

Tempo:370018.03466666664
Destinazione	 NEXTHOP	 Costo
1008	1005	3.1945335034671625
1007	1005	2.500164699440921
1006	1005	1.9304086773074751
1005	1005	1.5193450068082726
1003	1003	0.9906802106272912
1002	1003	2.011370292632345
1001	1003	2.5367220795729004
1000	1003	3.0134927736109316
1011	1005	5.623537621237245
1010	1005	4.091832177555572
1009	1005	3.489857368727126
=========================

Tempo:370018.03466666664
Destinazione	 NEXTHOP	 Costo
1008	1005	3.1945335034671625
1007	1005	2.500164699440921
1006	1005	1.9304086773074751
1005	1005	1.5193450068082726
1003	1003	0.6516943340949551
1002	1003	2.011370292632345
1001	1003	2.5367220795729004
1000	1003	3.0134927736109316
1011	1005	5.623537621237245
1010	1005	4.091832177555572
1009	1005	3.489857368727126
=========================

Tempo:370018.03466666664
Destinazione	 NEXTHOP	 Costo
1008	1005	3.1945335034671625
1007	1005	2.500164699440921
1006	1005	1.9304086773074751
1005	1005	1.5213525825696255
1003	1003	0.6516943340949551
1002	1003	2.011370292632345
1001	1003	2.5367220795729004
1000	1003	3.0134927736109316
1011	1005	5.623537621237245
1010	1005	4.091832177555572
1009	1005	3.489857368727126
=========================

Tempo:375018.03466666664
Destinazione	 NEXTHOP	 Costo
1008	1005	3.1945335034671625
1007	1005	2.500164699440921
1006	1005	1.9304086773074751
1005	1005	1.5213525825696255
1003	1003	0.5182568242962293
1002	1003	2.011370292632345
1001	1003	2.5367220795729004
1000	1003	3.0134927736109316
1011	1005	5.623537621237245
1010	1005	4.091832177555572
1009	1005	3.489857368727126
=========================

Tempo:375018.03466666664
Destinazione	 NEXTHOP	 Costo
1008	1005	3.1945335034671625
1007	1005	2.500164699440921
1006	1005	1.9304086773074751
1005	1005	1.5273467816048079
1003	1003	0.5182568242962293
1002	1003	2.011370292632345
1001	1003	2.5367220795729004
1000	1003	3.0134927736109316
1011	1005	5.623537621237245
1010	1005	4.091832177555572
1009	1005	3.489857368727126
=========================

Tempo:380018.03466666664
Destinazione	 NEXTHOP	 Costo
1008	1005	3.1945335034671625
1007	1005	2.500164699440921
1006	1005	1.9304086773074751
1005	1005	1.5273467816048079
1003	1003	0.4875780760163247
1002	1003	2.011370292632345
1001	1003	2.5238258193743555
1000	1003	3.0134927736109316
1011	1005	5.623537621237245
1010	1005	4.091832177555572
1009	1005	3.489857368727126
=========================

Tempo:380018.03466666664
Destinazione	 NEXTHOP	 Costo
1008	1005	3.1945335034671625
1007	1005	2.500164699440921
1006	1005	1.9304086773074751
1005	1005	1.5344872577847852
1003	1003	0.4875780760163247
1002	1003	2.011370292632345
1001	1003	2.5238258193743555
1012	1005	7.325737394781515
1000	1003	3.0134927736109316
1011	1005	5.623537621237245
1010	1005	4.091832177555572
1009	1005	3.489857368727126
=========================

Tempo:385018.03466666664
Destinazione	 NEXTHOP	 Costo
1008	1005	3.1945335034671625
1007	1005	2.500164699440921
1006	1005	1.9304086773074751
1005	1005	1.5344872577847852
1003	1003	0.5596082775148508
1002	1003	2.011370292632345
1001	1003	2.5238258193743555
1012	1005	7.325737394781515
1000	1003	3.0134927736109316
1011	1005	5.623537621237245
1010	1005	4.091832177555572
1009	1005	3.489857368727126
=========================

Tempo:385018.03466666664
Destinazione	 NEXTHOP	 Costo
1008	1005	3.1945335034671625
1007	1005	2.500164699440921
1006	1005	1.9304086773074751
1005	1005	1.5388922821322935
1003	1003	0.5596082775148508
1002	1003	2.011370292632345
1001	1003	2.5238258193743555
1012	1005	7.162429903369539
1000	1003	3.0134927736109316
1011	1005	5.623537621237245
1010	1005	4.091832177555572
1009	1005	3.489857368727126
=========================

Tempo:390018.03466666664
Destinazione	 NEXTHOP	 Costo
1008	1005	3.1945335034671625
1007	1005	2.500164699440921
1006	1005	1.9304086773074751
1005	1005	1.5388922821322935
1003	1003	0.7556237327782936
1002	1003	2.011370292632345
1001	1003	2.5238258193743555
1012	1005	7.162429903369539
1000	1003	3.0134927736109316
1011	1005	5.623537621237245
1010	1005	4.091832177555572
1009	1005	3.489857368727126
=========================

Tempo:390018.03466666664
Destinazione	 NEXTHOP	 Costo
1008	1005	3.1945335034671625
1007	1005	2.500164699440921
1006	1005	1.9304086773074751
1005	1005	1.4576917964973917
1003	1003	0.7556237327782936
1002	1003	2.011370292632345
1001	1003	2.5238258193743555
1012	1005	7.081229417734637
1000	1003	3.0134927736109316
1011	1005	5.549523974052963
1010	1005	4.091832177555572
1009	1005	3.489857368727126
=========================

Tempo:395018.03466666664
Destinazione	 NEXTHOP	 Costo
1008	1005	3.1945335034671625
1007	1005	2.500164699440921
1006	1005	1.9304086773074751
1005	1005	1.4576917964973917
1003	1003	1.1549876173698435
1002	1003	2.011370292632345
1001	1003	2.5238258193743555
1012	1005	7.081229417734637
1000	1003	3.0134927736109316
1011	1005	5.549523974052963
1010	1005	4.091832177555572
1009	1005	3.489857368727126
=========================

Tempo:395018.03466666664
Destinazione	 NEXTHOP	 Costo
1008	1005	3.1945335034671625
1007	1005	2.500164699440921
1006	1005	1.9304086773074751
1005	1005	1.000323892656754
1003	1003	1.1549876173698435
1002	1003	2.011370292632345
1001	1003	2.5238258193743555
1012	1005	6.623861513893999
1000	1003	3.0134927736109316
1011	1005	5.092156070212326
1010	1005	4.091832177555572
1009	1005	3.489857368727126
=========================

Tempo:400018.03466666664
Destinazione	 NEXTHOP	 Costo
1008	1005	3.1945335034671625
1007	1005	2.500164699440921
1006	1005	1.9304086773074751
1005	1005	1.000323892656754
1003	1003	1.5343625106705268
1002	1003	2.011370292632345
1001	1003	2.5238258193743555
1012	1005	6.623861513893999
1000	1003	3.0134927736109316
1011	1005	5.092156070212326
1010	1005	4.091832177555572
1009	1005	3.489857368727126
=========================

Tempo:400018.03466666664
Destinazione	 NEXTHOP	 Costo
1008	1005	3.1580487734229283
1007	1005	2.500164699440921
1006	1005	1.9304086773074751
1005	1005	0.6578840739820074
1003	1003	1.5343625106705268
1002	1003	2.011370292632345
1001	1003	2.5238258193743555
1012	1005	6.281421695219253
1000	1003	3.0134927736109316
1011	1005	4.7497162515375795
1010	1005	4.091832177555572
1009	1005	3.489857368727126
=========================

Tempo:405018.03466666664
Destinazione	 NEXTHOP	 Costo
1008	1005	3.1580487734229283
1007	1005	2.500164699440921
1006	1005	1.9304086773074751
1005	1005	0.6578840739820074
1003	1003	1.5360257091765293
1002	1003	2.011370292632345
1001	1003	2.5238258193743555
1012	1005	6.281421695219253
1000	1003	3.0134927736109316
1011	1005	4.7497162515375795
1010	1005	4.091832177555572
1009	1005	3.489857368727126
=========================

Tempo:405018.03466666664
Destinazione	 NEXTHOP	 Costo
1008	1005	3.0231041573288113
1007	1005	2.4533481351953657
1006	1005	1.9304086773074751
1005	1005	0.5229394578878905
1003	1003	1.5360257091765293
1002	1003	2.011370292632345
1001	1003	2.5238258193743555
1012	1005	6.146477079125136
1000	1003	3.0134927736109316
1011	1005	4.6147716354434625
1010	1005	4.012796826615016
1009	1005	3.489857368727126
=========================

Tempo:410018.03466666664
Destinazione	 NEXTHOP	 Costo
1008	1005	3.0231041573288113
1007	1005	2.4533481351953657
1006	1005	1.9304086773074751
1005	1005	0.5229394578878905
1003	1003	1.5413697819046135
1002	1003	2.011370292632345
1001	1003	2.5238258193743555
1012	1005	6.146477079125136
1000	1003	3.0134927736109316
1011	1005	4.6147716354434625
1010	1005	4.012796826615016
1009	1005	3.489857368727126
=========================

Tempo:410018.03466666664
Destinazione	 NEXTHOP	 Costo
1008	1005	2.9918976246219495
1007	1005	2.4221416024885034
1006	1005	1.9304086773074751
1005	1005	0.4917329251810285
1003	1003	1.5413697819046135
1002	1003	2.011370292632345
1001	1003	2.5238258193743555
1012	1005	6.115270546418274
1000	1003	3.0134927736109316
1011	1005	4.583565102736601
1010	1005	3.9815902939081544
1009	1005	3.489857368727126
=========================

Tempo:415018.03466666664
Destinazione	 NEXTHOP	 Costo
1008	1005	2.9918976246219495
1007	1005	2.4221416024885034
1006	1005	1.9304086773074751
1005	1005	0.4917329251810285
1003	1003	1.5413697819046135
1002	1003	2.011370292632345
1001	1003	2.5238258193743555
1012	1005	6.115270546418274
1000	1003	3.0134927736109316
1011	1005	4.583565102736601
1010	1005	3.9815902939081544
1009	1005	3.489857368727126
=========================

Tempo:415018.03466666664
Destinazione	 NEXTHOP	 Costo
1008	1005	2.9918976246219495
1007	1005	2.4221416024885034
1006	1005	1.9304086773074751
1005	1005	0.4917329251810285
1003	1003	1.54778647251011
1002	1003	2.011370292632345
1001	1003	2.5238258193743555
1012	1005	6.115270546418274
1000	1003	3.0134927736109316
1011	1005	4.583565102736601
1010	1005	3.9815902939081544
1009	1005	3.489857368727126
=========================

Tempo:415018.03466666664
Destinazione	 NEXTHOP	 Costo
1000	1003	3.0134927736109316
1011	1005	4.583565102736601
1010	1005	3.9815902939081544
1008	1005	2.9918976246219495
1007	1005	2.4221416024885034
1006	1005	1.9304086773074751
1005	1005	0.5641835428199261
1003	1003	1.54778647251011
1002	1003	2.011370292632345
1013	1005	7.889920937601441
1001	1003	2.5238258193743555
1012	1005	6.115270546418274
1009	1005	3.489857368727126
=========================

Tempo:415018.03466666664
Destinazione	 NEXTHOP	 Costo
1000	1003	3.0134927736109316
1011	1005	4.583565102736601
1010	1005	3.9815902939081544
1008	1005	2.9918976246219495
1007	1005	2.4221416024885034
1006	1005	1.9304086773074751
1005	1005	0.5641835428199261
1003	1003	1.54778647251011
1002	1003	2.011370292632345
1013	1005	7.889920937601441
1001	1003	2.5238258193743555
1012	1005	6.115270546418274
1009	1005	3.489857368727126
=========================

Tempo:420018.03466666664
Destinazione	 NEXTHOP	 Costo
1000	1003	3.0134927736109316
1011	1005	4.583565102736601
1010	1005	3.9815902939081544
1008	1005	2.9918976246219495
1007	1005	2.4221416024885034
1006	1005	1.9304086773074751
1005	1005	0.5641835428199261
1003	1003	1.54778647251011
1002	1003	2.011370292632345
1013	1005	7.889920937601441
1001	1003	2.5238258193743555
1012	1005	6.115270546418274
1009	1005	3.489857368727126
=========================

Tempo:420018.03466666664
Destinazione	 NEXTHOP	 Costo
1000	1003	3.0134927736109316
1011	1005	4.583565102736601
1010	1005	3.9815902939081544
1008	1005	2.9918976246219495
1007	1005	2.4221416024885034
1006	1005	1.9304086773074751
1005	1005	0.5641835428199261
1003	1003	1.3607774791117562
1002	1003	2.011370292632345
1013	1005	7.889920937601441
1001	1003	2.5238258193743555
1012	1005	6.115270546418274
1009	1005	3.489857368727126
=========================

Tempo:420018.03466666664
Destinazione	 NEXTHOP	 Costo
1000	1003	3.0134927736109316
1011	1005	4.583565102736601
1010	1005	3.9815902939081544
1008	1005	2.9918976246219495
1007	1005	2.4221416024885034
1006	1005	1.9304086773074751
1005	1005	0.7621466595057296
1003	1003	1.3607774791117562
1002	1003	2.011370292632345
1013	1005	7.889920937601441
1001	1003	2.5238258193743555
1012	1005	6.115270546418274
1009	1005	3.489857368727126
=========================

Tempo:420018.03466666664
Destinazione	 NEXTHOP	 Costo
1000	1003	3.0134927736109316
1011	1005	4.583565102736601
1010	1005	3.9815902939081544
1008	1005	2.9918976246219495
1007	1005	2.4221416024885034
1006	1005	1.9304086773074751
1005	1005	0.7621466595057296
1003	1003	1.3607774791117562
1002	1003	2.011370292632345
1013	1005	7.889920937601441
1001	1003	2.5238258193743555
1012	1005	6.115270546418274
1009	1005	3.489857368727126
=========================

Tempo:425018.03466666664
Destinazione	 NEXTHOP	 Costo
1000	1003	3.0134927736109316
1011	1005	4.583565102736601
1010	1005	3.9815902939081544
1008	1005	2.9918976246219495
1007	1005	2.4221416024885034
1006	1005	1.9304086773074751
1005	1005	0.7621466595057296
1003	1003	1.3607774791117562
1002	1003	2.011370292632345
1013	1005	7.889920937601441
1001	1003	2.5238258193743555
1012	1005	6.115270546418274
1009	1005	3.489857368727126
=========================

Tempo:425018.03466666664
Destinazione	 NEXTHOP	 Costo
1000	1003	2.7452398382124077
1011	1005	4.583565102736601
1010	1005	3.9815902939081544
1008	1005	2.9918976246219495
1007	1005	2.4221416024885034
1006	1005	1.9304086773074751
1005	1005	0.7621466595057296
1003	1003	0.92156740841564
1002	1003	2.011370292632345
1013	1005	7.889920937601441
1001	1003	2.1882376263808547
1012	1005	6.115270546418274
1009	1005	3.489857368727126
=========================

Tempo:425018.03466666664
Destinazione	 NEXTHOP	 Costo
1000	1003	2.7452398382124077
1011	1005	4.583565102736601
1010	1005	3.9815902939081544
1008	1005	2.9918976246219495
1007	1005	2.4221416024885034
1006	1005	1.9304086773074751
1005	1005	1.1678826368858946
1003	1003	0.92156740841564
1002	1003	2.011370292632345
1013	1005	7.889920937601441
1001	1003	2.1882376263808547
1012	1005	6.115270546418274
1009	1005	3.489857368727126
=========================

Tempo:425018.03466666664
Destinazione	 NEXTHOP	 Costo
1000	1003	2.7452398382124077
1011	1005	4.583565102736601
1010	1005	3.9815902939081544
1008	1005	2.9918976246219495
1007	1005	2.4221416024885034
1006	1005	1.9304086773074751
1005	1005	1.1678826368858946
1003	1003	0.92156740841564
1002	1003	2.011370292632345
1013	1005	7.889920937601441
1001	1003	2.1882376263808547
1012	1005	6.115270546418274
1009	1005	3.489857368727126
=========================

Tempo:430018.03466666664
Destinazione	 NEXTHOP	 Costo
1000	1003	2.7452398382124077
1011	1005	4.583565102736601
1010	1005	3.9815902939081544
1008	1005	2.9918976246219495
1007	1005	2.4221416024885034
1006	1005	1.9304086773074751
1005	1005	1.1678826368858946
1003	1003	0.92156740841564
1002	1003	2.011370292632345
1013	1005	7.889920937601441
1001	1003	2.1882376263808547
1012	1005	6.115270546418274
1009	1005	3.489857368727126
=========================

Tempo:430018.03466666664
Destinazione	 NEXTHOP	 Costo
1000	1003	2.4489619155468727
1011	1005	4.583565102736601
1010	1005	3.9815902939081544
1008	1005	2.9918976246219495
1007	1005	2.4221416024885034
1006	1005	1.9304086773074751
1005	1005	1.1678826368858946
1003	1003	0.6252894857501046
1002	1003	2.011370292632345
1013	1005	7.889920937601441
1001	1003	1.891959703715319
1012	1005	6.115270546418274
1009	1005	3.489857368727126
=========================

Tempo:430018.03466666664
Destinazione	 NEXTHOP	 Costo
1000	1003	2.4489619155468727
1011	1005	4.583565102736601
1010	1005	3.9815902939081544
1008	1005	2.9918976246219495
1007	1005	2.4221416024885034
1006	1005	1.9304086773074751
1005	1005	1.5570893839101936
1003	1003	0.6252894857501046
1002	1003	2.011370292632345
1013	1005	7.889920937601441
1001	1003	1.891959703715319
1012	1005	6.115270546418274
1009	1005	3.489857368727126
=========================

Tempo:430018.03466666664
Destinazione	 NEXTHOP	 Costo
1000	1003	2.4489619155468727
1011	1005	4.583565102736601
1010	1005	3.9815902939081544
1008	1005	2.9918976246219495
1007	1005	2.4221416024885034
1006	1005	1.9304086773074751
1005	1005	1.5570893839101936
1003	1003	0.6252894857501046
1002	1003	2.011370292632345
1013	1005	7.889920937601441
1001	1003	1.891959703715319
1012	1005	6.115270546418274
1009	1005	3.489857368727126
=========================

Tempo:435018.03466666664
Destinazione	 NEXTHOP	 Costo
1000	1003	2.4489619155468727
1011	1005	4.583565102736601
1010	1005	3.9815902939081544
1008	1005	2.9918976246219495
1007	1005	2.4221416024885034
1006	1005	1.9304086773074751
1005	1005	1.5570893839101936
1003	1003	0.6252894857501046
1002	1003	2.011370292632345
1013	1005	7.889920937601441
1001	1003	1.891959703715319
1012	1005	6.115270546418274
1009	1005	3.489857368727126
=========================

Tempo:435018.03466666664
Destinazione	 NEXTHOP	 Costo
1000	1003	2.337026785202304
1011	1005	4.583565102736601
1010	1005	3.9815902939081544
1008	1005	2.9918976246219495
1007	1005	2.4221416024885034
1006	1005	1.9304086773074751
1005	1005	1.5570893839101936
1003	1003	0.5133543554055359
1002	1003	1.7205627371357202
1013	1005	7.889920937601441
1001	1003	1.7800245733707505
1012	1005	6.115270546418274
1009	1005	3.489857368727126
=========================

Tempo:435018.03466666664
Destinazione	 NEXTHOP	 Costo
1000	1003	2.337026785202304
1011	1005	4.583565102736601
1010	1005	3.9815902939081544
1008	1005	2.9918976246219495
1007	1005	2.4221416024885034
1006	1005	1.9304086773074751
1005	1005	1.5624053134169704
1003	1003	0.5133543554055359
1002	1003	1.7205627371357202
1013	1005	7.843827008636223
1001	1003	1.7800245733707505
1012	1005	6.115270546418274
1009	1005	3.489857368727126
=========================

Tempo:440018.03466666664
Destinazione	 NEXTHOP	 Costo
1000	1003	2.337026785202304
1011	1005	4.583565102736601
1010	1005	3.9815902939081544
1008	1005	2.9918976246219495
1007	1005	2.4221416024885034
1006	1005	1.9304086773074751
1005	1005	1.5624053134169704
1003	1003	0.5133543554055359
1002	1002	2.4102263035313247
1013	1005	7.843827008636223
1001	1003	1.7800245733707505
1012	1005	6.115270546418274
1009	1005	3.489857368727126
=========================

Tempo:440018.03466666664
Destinazione	 NEXTHOP	 Costo
1000	1003	2.3259705384151594
1011	1005	4.583565102736601
1010	1005	3.9815902939081544
1008	1005	2.9918976246219495
1007	1005	2.4221416024885034
1006	1005	1.9304086773074751
1005	1005	1.5624053134169704
1003	1003	0.5022981086183917
1002	1003	1.2989320449382413
1013	1005	7.843827008636223
1001	1003	1.7689683265836063
1012	1005	6.115270546418274
1009	1005	3.489857368727126
=========================

Tempo:440018.03466666664
Destinazione	 NEXTHOP	 Costo
1000	1003	2.3259705384151594
1011	1005	4.583565102736601
1010	1005	3.9815902939081544
1008	1005	2.9918976246219495
1007	1005	2.4221416024885034
1006	1005	1.9304086773074751
1005	1005	1.5628328919634806
1003	1003	0.5022981086183917
1002	1003	1.2989320449382413
1013	1005	7.709309971088617
1001	1003	1.7689683265836063
1012	1005	6.115270546418274
1009	1005	3.489857368727126
=========================

Tempo:445018.03466666664
Destinazione	 NEXTHOP	 Costo
1000	1003	2.3259705384151594
1011	1005	4.583565102736601
1010	1005	3.9815902939081544
1008	1005	2.9918976246219495
1007	1005	2.4221416024885034
1006	1005	1.9304086773074751
1005	1005	1.5628328919634806
1003	1003	0.5022981086183917
1002	1002	2.4691727268038397
1013	1005	7.709309971088617
1001	1003	1.7689683265836063
1012	1005	6.115270546418274
1009	1005	3.489857368727126
=========================

Tempo:445018.03466666664
Destinazione	 NEXTHOP	 Costo
1000	1003	2.3259705384151594
1011	1005	4.583565102736601
1010	1005	3.9815902939081544
1008	1005	2.9918976246219495
1007	1005	2.4221416024885034
1006	1005	1.9304086773074751
1005	1005	1.5628328919634806
1003	1003	0.5931263407517872
1002	1003	1.2530652360107972
1013	1005	7.709309971088617
1001	1003	1.7689683265836063
1012	1005	6.115270546418274
1009	1005	3.489857368727126
=========================

Tempo:445018.03466666664
Destinazione	 NEXTHOP	 Costo
1000	1003	2.3259705384151594
1011	1005	4.583565102736601
1010	1005	3.9815902939081544
1008	1005	2.9918976246219495
1007	1005	2.4221416024885034
1006	1005	1.9304086773074751
1005	1005	1.5605173237417584
1003	1003	0.5931263407517872
1002	1003	1.2530652360107972
1013	1005	7.675787870160033
1001	1003	1.7689683265836063
1012	1005	6.115270546418274
1009	1005	3.489857368727126
=========================

Tempo:450018.03466666664
Destinazione	 NEXTHOP	 Costo
1000	1003	2.3259705384151594
1011	1005	4.583565102736601
1010	1005	3.9815902939081544
1008	1005	2.9918976246219495
1007	1005	2.4221416024885034
1006	1005	1.9304086773074751
1005	1005	1.5605173237417584
1003	1003	0.5931263407517872
1002	1003	1.2530652360107972
1013	1005	7.675787870160033
1001	1003	1.7689683265836063
1012	1005	6.115270546418274
1009	1005	3.489857368727126
=========================

Tempo:450018.03466666664
Destinazione	 NEXTHOP	 Costo
1000	1003	2.3259705384151594
1011	1005	4.583565102736601
1010	1005	3.9815902939081544
1008	1005	2.9918976246219495
1007	1005	2.4221416024885034
1006	1005	1.9304086773074751
1005	1005	1.5605173237417584
1003	1003	0.8400901640179921
1002	1003	1.2530652360107972
1013	1005	7.675787870160033
1001	1003	1.7689683265836063
1012	1005	6.115270546418274
1009	1005	3.489857368727126
=========================

Tempo:450018.03466666664
Destinazione	 NEXTHOP	 Costo
1000	1003	2.3259705384151594
1011	1005	4.583565102736601
1010	1005	3.9815902939081544
1008	1005	2.9918976246219495
1007	1005	2.4221416024885034
1006	1005	1.9304086773074751
1005	1005	1.36720454723404
1003	1003	0.8400901640179921
1014	1005	9.25712548483548
1002	1003	1.2530652360107972
1013	1005	7.4824750936523134
1001	1003	1.7689683265836063
1012	1005	5.95076964997064
1009	1005	3.489857368727126
=========================

Tempo:455018.03466666664
Destinazione	 NEXTHOP	 Costo
1000	1003	2.3259705384151594
1011	1005	4.583565102736601
1010	1005	3.9815902939081544
1008	1005	2.9918976246219495
1007	1005	2.4221416024885034
1006	1005	1.9304086773074751
1005	1005	1.36720454723404
1003	1003	1.262063794338328
1014	1005	9.25712548483548
1002	1003	1.2530652360107972
1013	1005	7.4824750936523134
1001	1003	1.7689683265836063
1012	1005	5.95076964997064
1009	1005	3.489857368727126
=========================

Tempo:455018.03466666664
Destinazione	 NEXTHOP	 Costo
1000	1003	2.3259705384151594
1011	1005	4.583565102736601
1010	1005	3.9815902939081544
1008	1005	2.9918976246219495
1007	1005	2.4221416024885034
1006	1005	1.6852684390153945
1005	1005	0.923121779509665
1003	1003	1.262063794338328
1014	1005	8.813042717111106
1002	1003	1.2530652360107972
1013	1005	7.038392325927939
1001	1003	1.7689683265836063
1012	1005	5.506686882246266
1009	1005	3.489857368727126
=========================

Tempo:460018.03466666664
Destinazione	 NEXTHOP	 Costo
1000	1003	2.3259705384151594
1011	1005	4.583565102736601
1010	1005	3.9815902939081544
1008	1005	2.9918976246219495
1007	1005	2.4221416024885034
1006	1005	1.6852684390153945
1005	1005	0.923121779509665
1003	1003	1.55581690779113
1014	1005	8.813042717111106
1002	1003	1.2530652360107972
1013	1005	7.038392325927939
1001	1003	1.7689683265836063
1012	1005	5.506686882246266
1009	1005	3.489857368727126
=========================

Tempo:460018.03466666664
Destinazione	 NEXTHOP	 Costo
1000	1003	2.3259705384151594
1011	1005	4.583565102736601
1010	1005	3.9815902939081544
1008	1005	2.9918976246219495
1007	1005	2.4221416024885034
1006	1005	1.6852684390153945
1005	1005	0.6254917887381582
1003	1003	1.55581690779113
1014	1005	8.5154127263396
1002	1003	1.2530652360107972
1013	1005	6.7407623351564325
1001	1003	1.7689683265836063
1012	1005	5.209056891474759
1009	1005	3.489857368727126
=========================

Tempo:465018.03466666664
Destinazione	 NEXTHOP	 Costo
1000	1003	2.3259705384151594
1011	1005	4.583565102736601
1010	1005	3.9815902939081544
1008	1005	2.9918976246219495
1007	1005	2.4221416024885034
1006	1005	1.6852684390153945
1005	1005	0.6254917887381582
1003	1003	1.1968677014493379
1014	1005	8.5154127263396
1002	1003	1.2530652360107972
1013	1005	6.7407623351564325
1001	1003	1.7689683265836063
1012	1005	5.209056891474759
1009	1005	3.489857368727126
=========================

Tempo:465018.03466666664
Destinazione	 NEXTHOP	 Costo
1000	1003	2.3259705384151594
1011	1005	4.495493791573046
1010	1005	3.9815902939081544
1008	1005	2.936045100153395
1007	1005	2.4221416024885034
1006	1005	1.6852684390153945
1005	1005	0.5139034976648914
1003	1003	1.1968677014493379
1014	1005	8.403824435266332
1002	1003	1.2530652360107972
1013	1005	6.6291740440831655
1001	1003	1.7689683265836063
1012	1005	5.097468600401492
1009	1005	3.489857368727126
=========================

Tempo:470018.03466666664
Destinazione	 NEXTHOP	 Costo
1000	1003	2.3259705384151594
1011	1005	4.495493791573046
1010	1005	3.9815902939081544
1008	1005	2.936045100153395
1007	1005	2.4221416024885034
1006	1005	1.6852684390153945
1005	1005	0.5139034976648914
1003	1003	0.7898449974257414
1014	1005	8.403824435266332
1002	1003	1.2530652360107972
1013	1005	6.6291740440831655
1001	1003	1.7689683265836063
1012	1005	5.097468600401492
1009	1005	3.489857368727126
=========================

Tempo:470018.03466666664
Destinazione	 NEXTHOP	 Costo
1000	1003	2.3259705384151594
1011	1005	4.487596376279459
1010	1005	3.9815902939081544
1008	1005	2.928147684859808
1007	1005	2.4221416024885034
1006	1005	1.6852684390153945
1005	1005	0.5060060823713047
1003	1003	0.7898449974257414
1014	1005	8.349833091007529
1002	1003	1.2530652360107972
1013	1005	6.621276628789579
1001	1003	1.7689683265836063
1012	1005	5.089571185107905
1009	1005	3.489857368727126
=========================

Tempo:475018.03466666664
Destinazione	 NEXTHOP	 Costo
1000	1003	2.3259705384151594
1011	1005	4.487596376279459
1010	1005	3.9815902939081544
1008	1005	2.928147684859808
1007	1005	2.4221416024885034
1006	1005	1.6852684390153945
1005	1005	0.5060060823713047
1003	1003	0.6543364806677917
1014	1005	8.349833091007529
1002	1003	1.2530652360107972
1013	1005	6.621276628789579
1001	1003	1.7689683265836063
1012	1005	5.089571185107905
1009	1005	3.489857368727126
=========================

Tempo:475018.03466666664
Destinazione	 NEXTHOP	 Costo
1000	1003	2.3259705384151594
1011	1005	4.487596376279459
1010	1005	3.9815902939081544
1008	1005	2.928147684859808
1007	1005	2.4221416024885034
1006	1005	1.6852684390153945
1005	1005	0.6021271036043396
1003	1003	0.6543364806677917
1014	1005	8.311437074692957
1002	1003	1.2530652360107972
1013	1005	6.621276628789579
1001	1003	1.7689683265836063
1012	1005	5.089571185107905
1009	1005	3.489857368727126
=========================

Tempo:475018.03466666664
Destinazione	 NEXTHOP	 Costo
1000	1003	2.3259705384151594
1011	1005	4.487596376279459
1010	1005	3.9815902939081544
1008	1005	2.928147684859808
1007	1005	2.4221416024885034
1006	1005	1.6852684390153945
1005	1005	0.6021271036043396
1003	1003	0.6543364806677917
1014	1005	8.311437074692957
1002	1003	1.2530652360107972
1013	1005	6.621276628789579
1001	1003	1.7689683265836063
1012	1005	5.089571185107905
1009	1005	3.489857368727126
=========================

Tempo:480018.03466666664
Destinazione	 NEXTHOP	 Costo
1000	1003	2.3259705384151594
1011	1005	4.487596376279459
1010	1005	3.9815902939081544
1008	1005	2.928147684859808
1007	1005	2.4221416024885034
1006	1005	1.6852684390153945
1005	1005	0.6021271036043396
1003	1003	0.6200038686834519
1014	1005	8.311437074692957
1002	1003	1.2530652360107972
1013	1005	6.621276628789579
1001	1003	1.7689683265836063
1012	1005	5.089571185107905
1009	1005	3.489857368727126
=========================

Tempo:480018.03466666664
Destinazione	 NEXTHOP	 Costo
1000	1003	2.3259705384151594
1011	1005	4.487596376279459
1010	1005	3.9815902939081544
1008	1005	2.928147684859808
1007	1005	2.4221416024885034
1006	1005	1.6852684390153945
1005	1005	0.8570756659467078
1003	1003	0.6200038686834519
1014	1005	8.311437074692957
1002	1003	1.2530652360107972
1013	1005	6.621276628789579
1001	1003	1.7689683265836063
1012	1005	5.089571185107905
1009	1005	3.489857368727126
=========================

Tempo:480018.03466666664
Destinazione	 NEXTHOP	 Costo
1000	1003	2.3259705384151594
1011	1005	4.487596376279459
1010	1005	3.9815902939081544
1008	1005	2.928147684859808
1007	1005	2.4221416024885034
1006	1005	1.6852684390153945
1005	1005	0.8570756659467078
1003	1003	0.6200038686834519
1014	1005	8.311437074692957
1002	1003	1.2530652360107972
1013	1005	6.621276628789579
1001	1003	1.7689683265836063
1012	1005	5.089571185107905
1009	1005	3.489857368727126
=========================

Tempo:485018.03466666664
Destinazione	 NEXTHOP	 Costo
1000	1003	2.3259705384151594
1011	1005	4.487596376279459
1010	1005	3.9815902939081544
1008	1005	2.928147684859808
1007	1005	2.4221416024885034
1006	1005	1.6852684390153945
1005	1005	0.8570756659467078
1003	1003	0.6368300596441846
1014	1005	8.311437074692957
1002	1003	1.2530652360107972
1013	1005	6.621276628789579
1001	1003	1.7689683265836063
1012	1005	5.089571185107905
1009	1005	3.489857368727126
=========================

Tempo:485018.03466666664
Destinazione	 NEXTHOP	 Costo
1000	1003	2.3259705384151594
1011	1005	4.487596376279459
1010	1005	3.9815902939081544
1008	1005	2.928147684859808
1007	1005	2.4221416024885034
1006	1005	1.6852684390153945
1005	1005	1.2932046155496315
1015	1005	10.550330100385112
1003	1003	0.6368300596441846
1014	1005	8.311437074692957
1002	1003	1.2530652360107972
1013	1005	6.621276628789579
1001	1003	1.7689683265836063
1012	1005	5.089571185107905
1009	1005	3.489857368727126
=========================

Tempo:485018.03466666664
Destinazione	 NEXTHOP	 Costo
1000	1003	2.3259705384151594
1011	1005	4.487596376279459
1010	1005	3.9815902939081544
1008	1005	2.928147684859808
1007	1005	2.4221416024885034
1006	1005	1.6852684390153945
1005	1005	1.2932046155496315
1015	1005	10.550330100385112
1003	1003	0.6368300596441846
1014	1005	8.311437074692957
1002	1003	1.2530652360107972
1013	1005	6.621276628789579
1001	1003	1.7689683265836063
1012	1005	5.089571185107905
1009	1005	3.489857368727126
=========================

Tempo:490018.03466666664
Destinazione	 NEXTHOP	 Costo
1000	1003	2.3259705384151594
1011	1005	4.487596376279459
1010	1005	3.9815902939081544
1008	1005	2.928147684859808
1007	1005	2.4221416024885034
1006	1005	1.6852684390153945
1005	1005	1.2932046155496315
1015	1005	10.550330100385112
1003	1003	0.7052855118462716
1014	1005	8.311437074692957
1002	1003	1.2530652360107972
1013	1005	6.621276628789579
1001	1003	1.7689683265836063
1012	1005	5.089571185107905
1009	1005	3.489857368727126
=========================

Tempo:490018.03466666664
Destinazione	 NEXTHOP	 Costo
1000	1003	2.3259705384151594
1011	1005	4.487596376279459
1010	1005	3.9815902939081544
1008	1005	2.928147684859808
1007	1005	2.4221416024885034
1006	1005	1.6852684390153945
1005	1005	1.5969258144948035
1015	1005	10.409968531605909
1003	1003	0.7052855118462716
1014	1005	8.311437074692957
1002	1003	1.2530652360107972
1013	1005	6.621276628789579
1001	1003	1.7689683265836063
1012	1005	5.089571185107905
1009	1005	3.489857368727126
=========================

Tempo:490018.03466666664
Destinazione	 NEXTHOP	 Costo
1000	1003	2.3259705384151594
1011	1005	4.487596376279459
1010	1005	3.9815902939081544
1008	1005	2.928147684859808
1007	1005	2.4221416024885034
1006	1005	1.6852684390153945
1005	1005	1.5969258144948035
1015	1005	10.409968531605909
1003	1003	0.7052855118462716
1014	1005	8.311437074692957
1002	1003	1.2530652360107972
1013	1005	6.621276628789579
1001	1003	1.7689683265836063
1012	1005	5.089571185107905
1009	1005	3.489857368727126
=========================

Tempo:495018.03466666664
Destinazione	 NEXTHOP	 Costo
1000	1003	2.3259705384151594
1011	1005	4.487596376279459
1010	1005	3.9815902939081544
1008	1005	2.928147684859808
1007	1005	2.4221416024885034
1006	1005	1.6852684390153945
1005	1005	1.5969258144948035
1015	1005	10.409968531605909
1003	1003	1.0219229067429603
1014	1005	8.311437074692957
1002	1003	1.2530652360107972
1013	1005	6.621276628789579
1001	1003	1.7689683265836063
1012	1005	5.089571185107905
1009	1005	3.489857368727126
=========================

Tempo:495018.03466666664
Destinazione	 NEXTHOP	 Costo
1000	1003	2.3259705384151594
1011	1005	4.487596376279459
1010	1005	3.9815902939081544
1008	1005	2.928147684859808
1007	1005	2.4221416024885034
1006	1005	1.6852684390153945
1005	1005	1.2243823889607421
1015	1005	9.739795115300343
1003	1003	1.0219229067429603
1014	1005	7.965144724117175
1002	1003	1.2530652360107972
1013	1005	6.433439280435501
1001	1003	1.7689683265836063
1012	1005	5.089571185107905
1009	1005	3.489857368727126
=========================

Tempo:495018.03466666664
Destinazione	 NEXTHOP	 Costo
1000	1003	2.3259705384151594
1011	1005	4.487596376279459
1010	1005	3.9815902939081544
1008	1005	2.928147684859808
1007	1005	2.4221416024885034
1006	1005	1.6852684390153945
1005	1005	1.2243823889607421
1015	1005	9.739795115300343
1003	1003	1.0219229067429603
1014	1005	7.965144724117175
1002	1003	1.2530652360107972
1013	1005	6.433439280435501
1001	1003	1.7689683265836063
1012	1005	5.089571185107905
1009	1005	3.489857368727126
=========================

Tempo:500018.03466666664
Destinazione	 NEXTHOP	 Costo
1000	1003	2.3259705384151594
1011	1005	4.487596376279459
1010	1005	3.9815902939081544
1008	1005	2.928147684859808
1007	1005	2.4221416024885034
1006	1005	1.6852684390153945
1005	1005	1.2243823889607421
1015	1005	9.739795115300343
1003	1003	1.4883019116685186
1014	1005	7.965144724117175
1002	1003	1.2530652360107972
1013	1005	6.433439280435501
1001	1003	1.7689683265836063
1012	1005	5.089571185107905
1009	1005	3.489857368727126
=========================

Tempo:500018.03466666664
Destinazione	 NEXTHOP	 Costo
1000	1003	2.3259705384151594
1011	1005	4.487596376279459
1010	1005	3.9815902939081544
1008	1005	2.928147684859808
1007	1005	2.4221416024885034
1006	1005	1.3164075286097834
1005	1005	0.802504030944892
1015	1005	9.206328466211223
1003	1003	1.4883019116685186
1014	1005	7.431678075028057
1002	1003	1.2530652360107972
1013	1005	5.899972631346384
1001	1003	1.7689683265836063
1012	1005	5.089571185107905
1009	1005	3.489857368727126
=========================

Tempo:500018.03466666664
Destinazione	 NEXTHOP	 Costo
1000	1003	2.3259705384151594
1011	1005	4.487596376279459
1010	1005	3.9815902939081544
1008	1005	2.928147684859808
1007	1005	2.4221416024885034
1006	1006	2.4609788420813485
1005	1005	0.802504030944892
1015	1005	9.206328466211223
1003	1003	1.4883019116685186
1014	1005	7.431678075028057
1002	1003	1.2530652360107972
1013	1005	5.899972631346384
1001	1003	1.7689683265836063
1012	1005	5.089571185107905
1009	1005	3.489857368727126
=========================

Tempo:505018.03466666664
Destinazione	 NEXTHOP	 Costo
1000	1003	2.3259705384151594
1011	1005	4.487596376279459
1010	1005	3.9815902939081544
1008	1005	2.928147684859808
1007	1005	2.4221416024885034
1006	1006	2.4609788420813485
1005	1005	0.802504030944892
1015	1005	9.206328466211223
1003	1003	1.587155051201376
1014	1005	7.431678075028057
1002	1003	1.2530652360107972
1013	1005	5.899972631346384
1001	1003	1.7689683265836063
1012	1005	5.089571185107905
1009	1005	3.489857368727126
=========================

Tempo:505018.03466666664
Destinazione	 NEXTHOP	 Costo
1000	1003	2.3259705384151594
1011	1005	4.487596376279459
1010	1005	3.9815902939081544
1008	1005	2.928147684859808
1007	1005	2.34343488561679
1006	1005	1.1641725289727
1005	1005	0.6581664466013952
1015	1005	9.007999537608924
1003	1003	1.587155051201376
1014	1005	7.279443075390974
1002	1003	1.2530652360107972
1013	1005	5.747737631709301
1001	1003	1.7689683265836063
1012	1005	5.089571185107905
1009	1005	3.489857368727126
=========================

Tempo:505018.03466666664
Destinazione	 NEXTHOP	 Costo
1000	1003	2.3259705384151594
1011	1005	4.487596376279459
1010	1005	3.9815902939081544
1008	1005	2.928147684859808
1007	1005	2.34343488561679
1006	1006	2.5149760849003435
1005	1005	0.6581664466013952
1015	1005	9.007999537608924
1003	1003	1.587155051201376
1014	1005	7.279443075390974
1002	1003	1.2530652360107972
1013	1005	5.747737631709301
1001	1003	1.7689683265836063
1012	1005	5.089571185107905
1009	1005	3.489857368727126
=========================

Tempo:510018.03466666664
Destinazione	 NEXTHOP	 Costo
1000	1003	2.3259705384151594
1011	1005	4.487596376279459
1010	1005	3.9815902939081544
1008	1005	2.928147684859808
1007	1005	2.34343488561679
1006	1006	2.5149760849003435
1005	1005	0.6581664466013952
1015	1005	9.007999537608924
1003	1003	1.5837433322714112
1014	1005	7.279443075390974
1002	1003	1.2530652360107972
1013	1005	5.747737631709301
1001	1003	1.7689683265836063
1012	1005	5.089571185107905
1009	1005	3.489857368727126
=========================

Tempo:510018.03466666664
Destinazione	 NEXTHOP	 Costo
1000	1003	2.3259705384151594
1011	1005	4.487596376279459
1010	1005	3.9815902939081544
1008	1005	2.928147684859808
1007	1005	2.3037378457020896
1006	1005	1.2205965102910348
1005	1005	0.6184694066866953
1015	1005	8.929906481379653
1003	1003	1.5837433322714112
1014	1005	7.239746035476274
1002	1003	1.2530652360107972
1013	1005	5.7080405917946
1001	1003	1.7689683265836063
1012	1005	5.089571185107905
1009	1005	3.489857368727126
=========================

Tempo:510018.03466666664
Destinazione	 NEXTHOP	 Costo
1000	1003	2.3259705384151594
1011	1005	4.487596376279459
1010	1005	3.9815902939081544
1008	1005	2.928147684859808
1007	1005	2.3037378457020896
1006	1005	1.2205965102910348
1005	1005	0.6184694066866953
1015	1005	8.929906481379653
1003	1003	1.5837433322714112
1014	1005	7.239746035476274
1002	1003	1.2530652360107972
1013	1005	5.7080405917946
1001	1003	1.7689683265836063
1012	1005	5.089571185107905
1009	1005	3.489857368727126
=========================

Tempo:515018.03466666664
Destinazione	 NEXTHOP	 Costo
1000	1003	2.3259705384151594
1011	1005	4.487596376279459
1010	1005	3.9815902939081544
1008	1005	2.928147684859808
1007	1005	2.3037378457020896
1006	1005	1.2205965102910348
1005	1005	0.6184694066866953
1015	1005	8.929906481379653
1003	1003	1.5856430506598982
1014	1005	7.239746035476274
1002	1003	1.2530652360107972
1013	1005	5.7080405917946
1001	1003	1.7689683265836063
1012	1005	5.089571185107905
1009	1005	3.489857368727126
=========================

Tempo:515018.03466666664
Destinazione	 NEXTHOP	 Costo
1000	1003	2.3259705384151594
1011	1005	4.487596376279459
1010	1005	3.9815902939081544
1008	1005	2.928147684859808
1007	1005	2.3037378457020896
1006	1005	1.2205965102910348
1005	1005	0.6334898714833221
1015	1005	8.929906481379653
1003	1003	1.5856430506598982
1014	1005	7.239746035476274
1002	1003	1.2530652360107972
1013	1005	5.7080405917946
1001	1003	1.7689683265836063
1012	1005	5.089571185107905
1009	1005	3.489857368727126
=========================

Tempo:520018.03466666664
Destinazione	 NEXTHOP	 Costo
1000	1003	2.3259705384151594
1011	1005	4.487596376279459
1010	1005	3.9815902939081544
1008	1005	2.928147684859808
1007	1005	2.3037378457020896
1006	1005	1.2205965102910348
1005	1005	0.6334898714833221
1015	1005	8.929906481379653
1003	1003	1.5872328359920362
1014	1005	7.239746035476274
1002	1003	1.2530652360107972
1013	1005	5.7080405917946
1001	1003	1.7689683265836063
1012	1005	5.089571185107905
1009	1005	3.489857368727126
=========================

Tempo:520018.03466666664
Destinazione	 NEXTHOP	 Costo
1000	1003	2.3259705384151594
1011	1005	4.487596376279459
1010	1005	3.9815902939081544
1008	1005	2.928147684859808
1007	1005	2.3037378457020896
1006	1005	1.2205965102910348
1005	1005	0.7010936231167201
1016	1005	11.251423723501832
1015	1005	8.929906481379653
1003	1003	1.5872328359920362
1014	1005	7.239746035476274
1002	1003	1.2530652360107972
1013	1005	5.7080405917946
1001	1003	1.7689683265836063
1012	1005	5.089571185107905
1009	1005	3.489857368727126
=========================

Tempo:525018.0346666666
Destinazione	 NEXTHOP	 Costo
1000	1003	2.3259705384151594
1011	1005	4.487596376279459
1010	1005	3.9815902939081544
1008	1005	2.928147684859808
1007	1005	2.3037378457020896
1006	1005	1.2205965102910348
1005	1005	0.7010936231167201
1016	1005	11.251423723501832
1015	1005	8.929906481379653
1003	1003	1.5876701077406759
1014	1005	7.239746035476274
1002	1003	1.2530652360107972
1013	1005	5.7080405917946
1001	1003	1.7689683265836063
1012	1005	5.089571185107905
1009	1005	3.489857368727126
=========================

Tempo:525018.0346666666
Destinazione	 NEXTHOP	 Costo
1000	1003	2.3259705384151594
1011	1005	4.487596376279459
1010	1005	3.9815902939081544
1008	1005	2.928147684859808
1007	1005	2.3037378457020896
1006	1005	1.2205965102910348
1005	1005	1.0160342908570097
1016	1005	11.251423723501832
1015	1005	8.929906481379653
1003	1003	1.5876701077406759
1014	1005	7.239746035476274
1002	1003	1.2530652360107972
1013	1005	5.7080405917946
1001	1003	1.7689683265836063
1012	1005	5.089571185107905
1009	1005	3.489857368727126
=========================

Tempo:530018.0346666666
Destinazione	 NEXTHOP	 Costo
1000	1003	2.3259705384151594
1011	1005	4.487596376279459
1010	1005	3.9815902939081544
1008	1005	2.928147684859808
1007	1005	2.3037378457020896
1006	1005	1.2205965102910348
1005	1005	1.0160342908570097
1016	1005	11.251423723501832
1015	1005	8.929906481379653
1003	1003	1.5848459592822495
1014	1005	7.239746035476274
1002	1003	1.2530652360107972
1013	1005	5.7080405917946
1001	1003	1.7689683265836063
1012	1005	5.089571185107905
1009	1005	3.489857368727126
=========================

Tempo:530018.0346666666
Destinazione	 NEXTHOP	 Costo
1000	1003	2.3259705384151594
1011	1005	4.487596376279459
1010	1005	3.9815902939081544
1008	1005	2.928147684859808
1007	1005	2.3037378457020896
1006	1005	1.2205965102910348
1005	1005	1.4787443069884154
1016	1005	11.218539422288758
1015	1005	8.929906481379653
1003	1003	1.5848459592822495
1014	1005	7.239746035476274
1002	1003	1.2530652360107972
1013	1005	5.7080405917946
1001	1003	1.7689683265836063
1012	1005	5.089571185107905
1009	1005	3.489857368727126
=========================

Tempo:535018.0346666666
Destinazione	 NEXTHOP	 Costo
1000	1003	2.3259705384151594
1011	1005	4.487596376279459
1010	1005	3.9815902939081544
1008	1005	2.928147684859808
1007	1005	2.3037378457020896
1006	1005	1.2205965102910348
1005	1005	1.4787443069884154
1016	1005	11.218539422288758
1015	1005	8.929906481379653
1003	1003	1.1644890893466329
1014	1005	7.239746035476274
1002	1003	1.2530652360107972
1013	1005	5.7080405917946
1001	1003	1.7689683265836063
1012	1005	5.089571185107905
1009	1005	3.489857368727126
=========================

Tempo:535018.0346666666
Destinazione	 NEXTHOP	 Costo
1000	1003	2.3259705384151594
1011	1005	4.487596376279459
1010	1005	3.9815902939081544
1008	1005	2.928147684859808
1007	1005	2.3037378457020896
1006	1005	1.2205965102910348
1005	1005	1.5788172725200942
1016	1005	10.785145738731318
1015	1005	8.929906481379653
1003	1003	1.1644890893466329
1014	1005	7.239746035476274
1002	1003	1.2530652360107972
1013	1005	5.7080405917946
1001	1003	1.7689683265836063
1012	1005	5.089571185107905
1009	1005	3.489857368727126
=========================
