
Tempo:150018.03466666667
Destinazione	 NEXTHOP	 Costo
=========================

Tempo:150018.03466666667
Destinazione	 NEXTHOP	 Costo
1004	1004	1.0
1003	1004	1.3830123783884272
1002	1004	1.7463307987857812
1001	1004	2.6305300175548387
1000	1004	2.9440082475780125
=========================

Tempo:155018.03466666667
Destinazione	 NEXTHOP	 Costo
1004	1004	1.0
1003	1003	1.2825969756739009
1002	1003	1.725746448126162
1001	1003	2.289642017531299
1000	1004	2.9440082475780125
=========================

Tempo:155018.03466666667
Destinazione	 NEXTHOP	 Costo
1004	1004	0.8796328189101617
1003	1003	1.2825969756739009
1002	1003	1.725746448126162
1001	1003	2.289642017531299
1000	1004	2.9440082475780125
=========================

Tempo:160018.03466666667
Destinazione	 NEXTHOP	 Costo
1004	1004	0.8796328189101617
1003	1003	1.1985807641241477
1002	1003	1.725746448126162
1001	1003	2.289642017531299
1000	1004	2.9440082475780125
=========================

Tempo:160018.03466666667
Destinazione	 NEXTHOP	 Costo
1004	1004	0.8002330416965865
1003	1003	1.1985807641241477
1002	1003	1.725746448126162
1001	1003	2.289642017531299
1000	1004	2.718253280195104
=========================

Tempo:165018.03466666667
Destinazione	 NEXTHOP	 Costo
1004	1004	0.8002330416965865
1003	1003	1.0582094744126986
1002	1003	1.725746448126162
1001	1003	2.289642017531299
1000	1004	2.718253280195104
=========================

Tempo:165018.03466666667
Destinazione	 NEXTHOP	 Costo
1004	1004	0.6038711480816
1003	1003	1.0582094744126986
1002	1003	1.725746448126162
1001	1004	2.166189520993192
1000	1004	2.6934708451473224
=========================

Tempo:170018.03466666667
Destinazione	 NEXTHOP	 Costo
1004	1004	0.6038711480816
1003	1003	0.9633763372721189
1002	1003	1.725746448126162
1001	1004	2.166189520993192
1000	1004	2.6934708451473224
=========================

Tempo:170018.03466666667
Destinazione	 NEXTHOP	 Costo
1004	1004	0.4492124024743753
1003	1003	0.9633763372721189
1002	1003	1.725746448126162
1001	1004	1.8667731710930544
1000	1004	2.6934708451473224
=========================

Tempo:175018.03466666667
Destinazione	 NEXTHOP	 Costo
1004	1004	0.4492124024743753
1003	1003	1.081860867232073
1002	1003	1.725746448126162
1001	1004	1.8667731710930544
1000	1004	2.6934708451473224
=========================

Tempo:175018.03466666667
Destinazione	 NEXTHOP	 Costo
1004	1004	0.36127371839970424
1003	1004	0.7974911017521089
1002	1003	1.725746448126162
1001	1004	1.8667731710930544
1000	1004	2.6934708451473224
=========================

Tempo:180018.03466666667
Destinazione	 NEXTHOP	 Costo
1004	1004	0.36127371839970424
1003	1004	0.7974911017521089
1002	1003	1.725746448126162
1001	1004	1.8667731710930544
1000	1004	2.6934708451473224
=========================

Tempo:180018.03466666667
Destinazione	 NEXTHOP	 Costo
1004	1004	0.36127371839970424
1003	1003	1.288027101658079
1002	1003	1.725746448126162
1001	1004	1.8667731710930544
1000	1004	2.6934708451473224
=========================

Tempo:180018.03466666667
Destinazione	 NEXTHOP	 Costo
1004	1004	0.3830123783884272
1003	1004	0.7309899638781537
1002	1004	1.5785695511546043
1001	1004	1.8667731710930544
1000	1004	2.6934708451473224
=========================

Tempo:180018.03466666667
Destinazione	 NEXTHOP	 Costo
1006	1006	1.556087338635723
1004	1004	0.3830123783884272
1003	1004	0.7309899638781537
1002	1004	1.5785695511546043
1001	1004	1.8667731710930544
1000	1004	2.6934708451473224
=========================

Tempo:185018.03466666667
Destinazione	 NEXTHOP	 Costo
1006	1006	1.556087338635723
1004	1004	0.3830123783884272
1003	1004	0.7309899638781537
1002	1004	1.5785695511546043
1001	1001	2.0822093316722596
1000	1004	2.6934708451473224
=========================

Tempo:185018.03466666667
Destinazione	 NEXTHOP	 Costo
1006	1006	1.556087338635723
1004	1004	0.3830123783884272
1003	1004	0.7309899638781537
1002	1004	1.5785695511546043
1001	1001	2.0822093316722596
1000	1004	2.6934708451473224
=========================

Tempo:185018.03466666667
Destinazione	 NEXTHOP	 Costo
1006	1006	1.556087338635723
1004	1004	0.3830123783884272
1003	1003	1.3713522949670665
1002	1004	1.5785695511546043
1001	1001	2.0822093316722596
1000	1004	2.6934708451473224
=========================

Tempo:185018.03466666667
Destinazione	 NEXTHOP	 Costo
1006	1006	1.556087338635723
1004	1004	0.5226998970374043
1003	1004	0.9475819423083578
1002	1004	1.4890414541148163
1001	1001	2.0822093316722596
1000	1004	2.6934708451473224
=========================

Tempo:185018.03466666667
Destinazione	 NEXTHOP	 Costo
1006	1006	1.5317054436816724
1004	1004	0.5226998970374043
1003	1004	0.9475819423083578
1002	1004	1.4890414541148163
1001	1001	2.0822093316722596
1000	1004	2.6934708451473224
=========================

Tempo:190018.03466666667
Destinazione	 NEXTHOP	 Costo
1006	1006	1.5317054436816724
1004	1004	0.5226998970374043
1003	1004	0.9475819423083578
1002	1004	1.4890414541148163
1001	1001	1.9180202384985172
1000	1004	2.6934708451473224
=========================

Tempo:190018.03466666667
Destinazione	 NEXTHOP	 Costo
1006	1006	1.5317054436816724
1004	1004	0.5226998970374043
1003	1004	0.9475819423083578
1002	1002	1.8373882009739497
1001	1001	1.9180202384985172
1000	1004	2.6934708451473224
=========================

Tempo:190018.03466666667
Destinazione	 NEXTHOP	 Costo
1006	1006	1.5317054436816724
1004	1004	0.5226998970374043
1003	1003	1.4253612873132613
1002	1003	1.8365884907291932
1001	1001	1.9180202384985172
1000	1004	2.6934708451473224
=========================

Tempo:190018.03466666667
Destinazione	 NEXTHOP	 Costo
1006	1006	1.5317054436816724
1004	1004	0.7824262397962366
1003	1003	1.4253612873132613
1002	1003	1.8365884907291932
1001	1001	1.9180202384985172
1000	1004	2.6934708451473224
=========================

Tempo:190018.03466666667
Destinazione	 NEXTHOP	 Costo
1006	1006	1.2960702601691556
1004	1004	0.7824262397962366
1003	1003	1.4253612873132613
1002	1003	1.8365884907291932
1001	1001	1.9180202384985172
1000	1004	2.6934708451473224
=========================

Tempo:195018.03466666667
Destinazione	 NEXTHOP	 Costo
1006	1006	1.2960702601691556
1004	1004	0.7824262397962366
1003	1003	1.4253612873132613
1002	1003	1.8365884907291932
1001	1001	2.0895996970657222
1000	1004	2.6934708451473224
=========================

Tempo:195018.03466666667
Destinazione	 NEXTHOP	 Costo
1006	1006	1.2960702601691556
1004	1004	0.7824262397962366
1003	1003	1.4253612873132613
1002	1002	1.5623183729115917
1001	1001	2.0895996970657222
1000	1004	2.6934708451473224
=========================

Tempo:195018.03466666667
Destinazione	 NEXTHOP	 Costo
1006	1006	1.2960702601691556
1004	1004	0.7824262397962366
1003	1003	1.6814358422243425
1002	1002	1.5623183729115917
1001	1001	2.0895996970657222
1000	1004	2.6934708451473224
=========================

Tempo:195018.03466666667
Destinazione	 NEXTHOP	 Costo
1006	1006	1.2960702601691556
1004	1004	0.8148812149100593
1003	1003	1.6814358422243425
1002	1002	1.5623183729115917
1001	1001	2.0895996970657222
1000	1004	2.6934708451473224
=========================

Tempo:195018.03466666667
Destinazione	 NEXTHOP	 Costo
1006	1006	0.847903482325085
1004	1004	0.8148812149100593
1003	1003	1.6814358422243425
1002	1002	1.5623183729115917
1001	1001	2.0895996970657222
1000	1004	2.6934708451473224
=========================

Tempo:200018.03466666667
Destinazione	 NEXTHOP	 Costo
1006	1006	0.847903482325085
1004	1004	0.8148812149100593
1003	1003	1.6814358422243425
1002	1002	1.5623183729115917
1000	1004	2.6934708451473224
=========================

Tempo:200018.03466666667
Destinazione	 NEXTHOP	 Costo
1006	1006	0.847903482325085
1004	1004	0.8148812149100593
1003	1003	1.6814358422243425
1002	1002	1.417560768618679
1001	1002	3.1367826642350547
1000	1004	2.6934708451473224
=========================

Tempo:200018.03466666667
Destinazione	 NEXTHOP	 Costo
1006	1006	0.847903482325085
1004	1004	0.8148812149100593
1003	1003	1.927195395331645
1002	1002	1.417560768618679
1001	1002	3.1367826642350547
1000	1004	2.6934708451473224
=========================

Tempo:200018.03466666667
Destinazione	 NEXTHOP	 Costo
1006	1006	0.847903482325085
1004	1004	0.6768971255781955
1003	1003	1.927195395331645
1002	1002	1.417560768618679
1001	1002	3.1367826642350547
1000	1004	2.6934708451473224
=========================

Tempo:200018.03466666667
Destinazione	 NEXTHOP	 Costo
1006	1006	0.5402561086415951
1004	1004	0.6768971255781955
1003	1003	1.927195395331645
1002	1002	1.417560768618679
1001	1002	3.1367826642350547
1000	1004	2.6934708451473224
=========================

Tempo:205018.03466666667
Destinazione	 NEXTHOP	 Costo
1006	1006	0.5402561086415951
1004	1004	0.6768971255781955
1003	1003	1.927195395331645
1002	1002	1.5234330629436263
1001	1002	3.1367826642350547
1000	1004	2.6934708451473224
=========================

Tempo:205018.03466666667
Destinazione	 NEXTHOP	 Costo
1006	1006	0.5402561086415951
1004	1004	0.6768971255781955
1003	1003	1.8426600574799419
1002	1002	1.5234330629436263
1001	1002	3.1367826642350547
1000	1004	2.6934708451473224
=========================

Tempo:205018.03466666667
Destinazione	 NEXTHOP	 Costo
1006	1006	0.5402561086415951
1004	1004	0.4362173833524047
1003	1004	1.674374071875544
1002	1002	1.5234330629436263
1001	1004	3.0779315902795656
1000	1004	2.6934708451473224
=========================

Tempo:205018.03466666667
Destinazione	 NEXTHOP	 Costo
1006	1006	0.3834971632860247
1004	1004	0.4362173833524047
1003	1004	1.674374071875544
1002	1002	1.5234330629436263
1001	1006	3.0769680084333473
1000	1004	2.6934708451473224
=========================

Tempo:210018.03466666667
Destinazione	 NEXTHOP	 Costo
1006	1006	0.3834971632860247
1004	1004	0.4362173833524047
1003	1004	1.674374071875544
1002	1002	2.029779150696812
1001	1006	3.0769680084333473
1000	1004	2.6934708451473224
=========================

Tempo:210018.03466666667
Destinazione	 NEXTHOP	 Costo
1006	1006	0.3834971632860247
1004	1004	0.4362173833524047
1003	1003	1.736845926500608
1002	1002	2.029779150696812
1001	1006	3.0769680084333473
1000	1004	2.6934708451473224
=========================

Tempo:210018.03466666667
Destinazione	 NEXTHOP	 Costo
1006	1006	0.3834971632860247
1004	1004	0.3479775854897265
1003	1004	1.1729943279131179
1002	1002	2.029779150696812
1001	1004	2.9896917924168878
1000	1004	2.6934708451473224
=========================

Tempo:210018.03466666667
Destinazione	 NEXTHOP	 Costo
1006	1006	0.38409770580337144
1004	1004	0.3479775854897265
1003	1004	1.1729943279131179
1002	1002	2.029779150696812
1001	1004	2.9896917924168878
1000	1004	2.6934708451473224
=========================

Tempo:210018.03466666667
Destinazione	 NEXTHOP	 Costo
1006	1006	0.38409770580337144
1004	1004	0.3479775854897265
1003	1004	1.1729943279131179
1002	1002	2.029779150696812
1001	1004	2.9896917924168878
1000	1004	2.6934708451473224
=========================

Tempo:215018.03466666667
Destinazione	 NEXTHOP	 Costo
1006	1006	0.38409770580337144
1004	1004	0.3479775854897265
1003	1004	1.1729943279131179
1001	1004	2.9896917924168878
1000	1004	2.6934708451473224
=========================

Tempo:215018.03466666667
Destinazione	 NEXTHOP	 Costo
1006	1006	0.38409770580337144
1004	1004	0.3479775854897265
1003	1003	1.669659117834646
1002	1003	3.3428998006274577
1001	1004	2.9896917924168878
1000	1004	2.6934708451473224
=========================

Tempo:215018.03466666667
Destinazione	 NEXTHOP	 Costo
1006	1006	0.38409770580337144
1004	1004	0.4248820452709536
1003	1004	0.9525097154324411
1002	1004	2.625750398225253
1001	1004	2.9896917924168878
1000	1004	2.6934708451473224
=========================

Tempo:215018.03466666667
Destinazione	 NEXTHOP	 Costo
1007	1006	2.1155922138906242
1006	1006	0.5595048752549013
1004	1004	0.4248820452709536
1003	1004	0.9525097154324411
1002	1004	2.625750398225253
1001	1004	2.9896917924168878
1000	1004	2.6934708451473224
=========================

Tempo:215018.03466666667
Destinazione	 NEXTHOP	 Costo
1007	1007	2.5818401504999966
1006	1006	0.5595048752549013
1004	1004	0.4248820452709536
1003	1004	0.9525097154324411
1002	1004	2.625750398225253
1001	1004	2.9896917924168878
1000	1004	2.6934708451473224
=========================

Tempo:220018.03466666667
Destinazione	 NEXTHOP	 Costo
1007	1007	2.5818401504999966
1006	1006	0.5595048752549013
1004	1004	0.4248820452709536
1003	1003	1.813332677060013
1002	1004	2.625750398225253
1001	1004	2.9896917924168878
1000	1004	2.6934708451473224
=========================

Tempo:220018.03466666667
Destinazione	 NEXTHOP	 Costo
1007	1007	2.5818401504999966
1006	1006	0.5595048752549013
1004	1004	0.6645287301434523
1003	1004	1.0654205986858765
1002	1004	2.625750398225253
1001	1004	2.9896917924168878
1000	1004	2.6934708451473224
=========================

Tempo:220018.03466666667
Destinazione	 NEXTHOP	 Costo
1007	1006	2.4221804022695457
1006	1006	0.8904749585878734
1004	1004	0.6645287301434523
1003	1004	1.0654205986858765
1002	1004	2.625750398225253
1001	1004	2.9896917924168878
1000	1004	2.6934708451473224
=========================

Tempo:220018.03466666667
Destinazione	 NEXTHOP	 Costo
1007	1007	2.352073971255906
1006	1006	0.8904749585878734
1004	1004	0.6645287301434523
1003	1004	1.0654205986858765
1002	1004	2.625750398225253
1001	1004	2.9896917924168878
1000	1004	2.6934708451473224
=========================

Tempo:225018.03466666667
Destinazione	 NEXTHOP	 Costo
1007	1007	2.352073971255906
1006	1006	0.8904749585878734
1004	1004	0.6645287301434523
1003	1003	2.027180988673108
1002	1004	2.625750398225253
1001	1004	2.9896917924168878
1000	1004	2.6934708451473224
=========================

Tempo:225018.03466666667
Destinazione	 NEXTHOP	 Costo
1007	1007	2.352073971255906
1006	1006	0.8904749585878734
1004	1004	1.0352777542246665
1003	1004	1.4866635426967885
1002	1004	2.625750398225253
1001	1004	2.9896917924168878
1000	1004	2.6934708451473224
=========================

Tempo:225018.03466666667
Destinazione	 NEXTHOP	 Costo
1007	1006	2.254082495333356
1006	1006	0.9580122351642002
1004	1004	1.0352777542246665
1003	1004	1.4866635426967885
1002	1004	2.625750398225253
1001	1004	2.9896917924168878
1000	1004	2.6934708451473224
=========================

Tempo:225018.03466666667
Destinazione	 NEXTHOP	 Costo
1007	1007	1.9299892428178058
1006	1006	0.9580122351642002
1004	1004	1.0352777542246665
1003	1004	1.4866635426967885
1002	1004	2.625750398225253
1001	1004	2.9896917924168878
1000	1004	2.6934708451473224
=========================

Tempo:230018.03466666667
Destinazione	 NEXTHOP	 Costo
1007	1007	1.9299892428178058
1006	1006	0.9580122351642002
1004	1004	1.0352777542246665
1003	1003	2.2682600940291002
1002	1004	2.625750398225253
1001	1004	2.9896917924168878
1000	1004	2.6934708451473224
=========================

Tempo:230018.03466666667
Destinazione	 NEXTHOP	 Costo
1007	1007	1.9299892428178058
1006	1006	0.9580122351642002
1004	1004	1.4738583987361746
1003	1004	2.159664963205673
1002	1004	2.625750398225253
1001	1004	2.9896917924168878
1000	1004	2.6934708451473224
=========================

Tempo:230018.03466666667
Destinazione	 NEXTHOP	 Costo
1007	1006	1.630458156375986
1006	1006	0.7825546740509008
1004	1004	1.4738583987361746
1003	1004	2.159664963205673
1002	1004	2.625750398225253
1001	1004	2.9896917924168878
1000	1004	2.6934708451473224
=========================

Tempo:230018.03466666667
Destinazione	 NEXTHOP	 Costo
1007	1007	1.5288923519274802
1006	1006	0.7825546740509008
1004	1004	1.4738583987361746
1003	1004	2.159664963205673
1002	1004	2.625750398225253
1001	1004	2.9896917924168878
1000	1004	2.6934708451473224
=========================

Tempo:235018.03466666667
Destinazione	 NEXTHOP	 Costo
1007	1007	1.5288923519274802
1006	1006	0.7825546740509008
1004	1004	1.4738583987361746
1003	1003	2.200434093013356
1002	1004	2.625750398225253
1001	1004	2.9896917924168878
1000	1004	2.6934708451473224
=========================

Tempo:235018.03466666667
Destinazione	 NEXTHOP	 Costo
1007	1007	1.5288923519274802
1006	1006	0.7825546740509008
1004	1004	1.2381566885231394
1003	1003	2.200434093013356
1002	1004	2.625750398225253
1001	1004	2.9896917924168878
1000	1004	2.6934708451473224
=========================

Tempo:235018.03466666667
Destinazione	 NEXTHOP	 Costo
1007	1006	1.0234035370228696
1006	1006	0.4831474283812745
1004	1004	1.2381566885231394
1003	1006	2.006580491324901
1002	1004	2.625750398225253
1001	1004	2.9896917924168878
1000	1004	2.6934708451473224
=========================

Tempo:235018.03466666667
Destinazione	 NEXTHOP	 Costo
1007	1007	1.4662671018256728
1006	1006	0.4831474283812745
1004	1004	1.2381566885231394
1003	1006	2.006580491324901
1002	1004	2.625750398225253
1001	1004	2.9896917924168878
1000	1004	2.6934708451473224
=========================

Tempo:240018.03466666667
Destinazione	 NEXTHOP	 Costo
1007	1007	1.4662671018256728
1006	1006	0.4831474283812745
1004	1004	1.2381566885231394
1003	1003	2.2413437810294967
1002	1004	2.625750398225253
1001	1004	2.9896917924168878
1000	1004	2.6934708451473224
=========================

Tempo:240018.03466666667
Destinazione	 NEXTHOP	 Costo
1007	1007	1.4662671018256728
1006	1006	0.4831474283812745
1004	1004	0.8250167424233913
1003	1003	2.2413437810294967
1002	1004	2.625750398225253
1001	1004	2.9896917924168878
1000	1004	2.6934708451473224
=========================

Tempo:240018.03466666667
Destinazione	 NEXTHOP	 Costo
1007	1006	0.7483617839731613
1006	1006	0.3648646206871366
1004	1004	0.8250167424233913
1003	1003	2.2413437810294967
1002	1004	2.625750398225253
1001	1004	2.9896917924168878
1000	1004	2.6934708451473224
=========================

Tempo:240018.03466666667
Destinazione	 NEXTHOP	 Costo
1007	1007	1.4922282447247068
1006	1006	0.3648646206871366
1004	1004	0.8250167424233913
1003	1003	2.2413437810294967
1002	1004	2.625750398225253
1001	1004	2.9896917924168878
1000	1004	2.6934708451473224
=========================

Tempo:245018.03466666667
Destinazione	 NEXTHOP	 Costo
1007	1007	1.4922282447247068
1006	1006	0.3648646206871366
1004	1004	0.8250167424233913
1003	1003	2.5005361141553313
1002	1004	2.625750398225253
1001	1004	2.9896917924168878
1000	1004	2.6934708451473224
=========================

Tempo:245018.03466666667
Destinazione	 NEXTHOP	 Costo
1007	1007	1.4922282447247068
1006	1006	0.3648646206871366
1004	1004	0.5276276701614876
1003	1004	2.166970633662301
1002	1004	2.6015733387758577
1001	1004	2.9896917924168878
1000	1004	2.6934708451473224
=========================

Tempo:245018.03466666667
Destinazione	 NEXTHOP	 Costo
1007	1006	0.809736984615421
1006	1006	0.4256392788120495
1004	1004	0.5276276701614876
1003	1004	2.166970633662301
1002	1004	2.6015733387758577
1001	1004	2.9896917924168878
1000	1004	2.6934708451473224
=========================

Tempo:245018.03466666667
Destinazione	 NEXTHOP	 Costo
1008	1007	3.0785898602458284
1007	1007	1.5225025216101051
1006	1006	0.4256392788120495
1004	1004	0.5276276701614876
1003	1004	2.166970633662301
1002	1004	2.6015733387758577
1001	1004	2.9896917924168878
1000	1004	2.6934708451473224
=========================

Tempo:250018.03466666667
Destinazione	 NEXTHOP	 Costo
1008	1007	3.0785898602458284
1007	1007	1.5225025216101051
1006	1006	0.4256392788120495
1004	1004	0.5276276701614876
1003	1004	2.166970633662301
1002	1004	2.6015733387758577
1001	1004	2.9896917924168878
1000	1004	2.6934708451473224
=========================

Tempo:250018.03466666667
Destinazione	 NEXTHOP	 Costo
1008	1007	3.0785898602458284
1007	1007	1.5225025216101051
1006	1006	0.4256392788120495
1004	1004	0.4008918685424242
1003	1004	2.041223280426264
1002	1004	2.4748375371567946
1001	1004	2.9376139481153247
1000	1004	2.6934708451473224
=========================

Tempo:250018.03466666667
Destinazione	 NEXTHOP	 Costo
1008	1007	3.0785898602458284
1007	1006	1.237383109318412
1006	1006	0.6778782340635107
1004	1004	0.4008918685424242
1003	1004	2.041223280426264
1002	1004	2.4748375371567946
1001	1004	2.9376139481153247
1000	1004	2.6934708451473224
=========================

Tempo:250018.03466666667
Destinazione	 NEXTHOP	 Costo
1008	1007	3.0785898602458284
1007	1007	1.6630338351116867
1006	1006	0.6778782340635107
1004	1004	0.4008918685424242
1003	1004	2.041223280426264
1002	1004	2.4748375371567946
1001	1004	2.9376139481153247
1000	1004	2.6934708451473224
=========================

Tempo:255018.03466666667
Destinazione	 NEXTHOP	 Costo
1008	1007	3.0785898602458284
1007	1007	1.6630338351116867
1006	1006	0.6778782340635107
1004	1004	0.4513857884721221
1003	1004	2.041223280426264
1002	1004	2.4748375371567946
1001	1004	2.9376139481153247
1000	1004	2.6934708451473224
=========================

Tempo:255018.03466666667
Destinazione	 NEXTHOP	 Costo
1008	1007	3.0785898602458284
1007	1007	1.6630338351116867
1006	1006	1.0894597206323018
1004	1004	0.4513857884721221
1003	1004	2.041223280426264
1002	1004	2.4748375371567946
1001	1004	2.9376139481153247
1000	1004	2.6934708451473224
=========================

Tempo:255018.03466666667
Destinazione	 NEXTHOP	 Costo
1008	1007	3.0785898602458284
1007	1007	2.0819058461460846
1006	1006	1.0894597206323018
1004	1004	0.4513857884721221
1003	1004	2.041223280426264
1002	1004	2.4748375371567946
1001	1004	2.9376139481153247
1000	1004	2.6934708451473224
=========================

Tempo:260018.03466666667
Destinazione	 NEXTHOP	 Costo
1008	1007	3.0785898602458284
1007	1007	2.0819058461460846
1006	1006	1.0894597206323018
1004	1004	0.685806564469498
1003	1004	2.041223280426264
1002	1004	2.4748375371567946
1001	1004	2.9376139481153247
1000	1004	2.6934708451473224
=========================

Tempo:260018.03466666667
Destinazione	 NEXTHOP	 Costo
1008	1007	3.0785898602458284
1007	1007	2.0819058461460846
1006	1006	1.5815287399519495
1004	1004	0.685806564469498
1003	1004	2.041223280426264
1002	1004	2.4748375371567946
1001	1004	2.9376139481153247
1000	1004	2.6934708451473224
=========================

Tempo:260018.03466666667
Destinazione	 NEXTHOP	 Costo
1008	1007	3.0785898602458284
1007	1007	2.398529047743253
1006	1006	1.5815287399519495
1004	1004	0.685806564469498
1003	1004	2.041223280426264
1002	1004	2.4748375371567946
1001	1004	2.9376139481153247
1000	1004	2.6934708451473224
=========================

Tempo:265018.03466666664
Destinazione	 NEXTHOP	 Costo
1008	1007	3.0785898602458284
1007	1007	2.398529047743253
1006	1006	1.5815287399519495
1004	1004	1.0739795440211573
1003	1004	2.041223280426264
1002	1004	2.4748375371567946
1001	1004	2.9376139481153247
1000	1004	2.6934708451473224
=========================

Tempo:265018.03466666664
Destinazione	 NEXTHOP	 Costo
1008	1006	2.860757195922311
1007	1006	2.1144195180457315
1006	1006	1.3318648439948306
1004	1004	1.0739795440211573
1003	1004	2.041223280426264
1002	1004	2.4748375371567946
1001	1004	2.9376139481153247
1000	1004	2.6934708451473224
=========================

Tempo:265018.03466666664
Destinazione	 NEXTHOP	 Costo
1008	1007	2.764777336252496
1007	1007	2.224521227610901
1006	1006	1.3318648439948306
1004	1004	1.0739795440211573
1003	1004	2.041223280426264
1002	1004	2.4748375371567946
1001	1004	2.9376139481153247
1000	1004	2.6934708451473224
=========================

Tempo:270018.03466666664
Destinazione	 NEXTHOP	 Costo
1008	1007	2.764777336252496
1007	1007	2.224521227610901
1006	1006	1.3318648439948306
1004	1004	1.545457048499447
1003	1004	2.041223280426264
1002	1004	2.4748375371567946
1001	1004	2.9376139481153247
1000	1004	2.6934708451473224
=========================

Tempo:270018.03466666664
Destinazione	 NEXTHOP	 Costo
1008	1006	2.33869953774391
1007	1006	1.3555798642995118
1006	1006	0.8724324359182374
1004	1004	1.545457048499447
1003	1004	2.041223280426264
1002	1004	2.4748375371567946
1001	1004	2.9376139481153247
1000	1004	2.6934708451473224
=========================

Tempo:270018.03466666664
Destinazione	 NEXTHOP	 Costo
1008	1006	2.33869953774391
1007	1007	1.9571366608451795
1006	1006	0.8724324359182374
1004	1004	1.545457048499447
1003	1004	2.041223280426264
1002	1004	2.4748375371567946
1001	1004	2.9376139481153247
1000	1004	2.6934708451473224
=========================

Tempo:275018.03466666664
Destinazione	 NEXTHOP	 Costo
1008	1006	2.33869953774391
1007	1007	1.9571366608451795
1006	1006	0.8724324359182374
1004	1004	1.6393429635008132
1003	1004	2.041223280426264
1002	1004	2.4748375371567946
1001	1004	2.9376139481153247
1000	1004	2.6934708451473224
=========================

Tempo:275018.03466666664
Destinazione	 NEXTHOP	 Costo
1008	1006	2.03459449737568
1007	1006	0.9072308733381098
1006	1006	0.5423662526509733
1004	1004	1.6393429635008132
1003	1004	2.041223280426264
1002	1004	2.4748375371567946
1001	1004	2.9376139481153247
1000	1004	2.6934708451473224
=========================

Tempo:275018.03466666664
Destinazione	 NEXTHOP	 Costo
1008	1006	2.03459449737568
1007	1007	1.733081486442804
1006	1006	0.5423662526509733
1004	1004	1.6393429635008132
1003	1004	2.041223280426264
1002	1004	2.4748375371567946
1001	1004	2.9376139481153247
1000	1004	2.6934708451473224
=========================

Tempo:275018.03466666664
Destinazione	 NEXTHOP	 Costo
1008	1006	2.03459449737568
1007	1007	1.733081486442804
1006	1006	0.5423662526509733
1004	1004	1.6393429635008132
1003	1004	2.041223280426264
1002	1004	2.4748375371567946
1001	1004	2.9376139481153247
1000	1004	2.6934708451473224
=========================

Tempo:280018.03466666664
Destinazione	 NEXTHOP	 Costo
1008	1006	2.03459449737568
1007	1007	1.733081486442804
1006	1006	0.5423662526509733
1004	1004	1.6403314118838397
1003	1004	2.041223280426264
1002	1004	2.4748375371567946
1001	1004	2.9376139481153247
1000	1004	2.6934708451473224
1009	1004	5.35660600985375
=========================

Tempo:280018.03466666664
Destinazione	 NEXTHOP	 Costo
1008	1006	1.922466059747751
1007	1006	0.8256028169496954
1006	1006	0.3999635381376459
1004	1004	1.6403314118838397
1003	1004	2.041223280426264
1002	1004	2.4748375371567946
1001	1004	2.9376139481153247
1000	1004	2.6934708451473224
1009	1006	3.4785533983834744
=========================

Tempo:280018.03466666664
Destinazione	 NEXTHOP	 Costo
1008	1006	1.922466059747751
1007	1007	1.843970557286094
1006	1006	0.3999635381376459
1004	1004	1.6403314118838397
1003	1004	2.041223280426264
1002	1004	2.4748375371567946
1001	1004	2.9376139481153247
1000	1004	2.6934708451473224
1009	1006	3.4785533983834744
=========================

Tempo:280018.03466666664
Destinazione	 NEXTHOP	 Costo
1008	1008	2.081718364178026
1007	1007	1.843970557286094
1006	1006	0.3999635381376459
1004	1004	1.6403314118838397
1003	1004	2.041223280426264
1002	1004	2.4748375371567946
1001	1004	2.9376139481153247
1000	1004	2.6934708451473224
1009	1006	3.4785533983834744
=========================

Tempo:285018.03466666664
Destinazione	 NEXTHOP	 Costo
1008	1008	2.081718364178026
1007	1007	1.843970557286094
1006	1006	0.3999635381376459
1004	1004	1.643686866618403
1003	1004	2.041223280426264
1002	1004	2.4748375371567946
1001	1004	2.9376139481153247
1000	1004	2.6934708451473224
1009	1006	3.4785533983834744
=========================

Tempo:285018.03466666664
Destinazione	 NEXTHOP	 Costo
1008	1008	2.081718364178026
1007	1006	1.1193679114722737
1006	1006	0.44148967740876294
1004	1004	1.643686866618403
1003	1004	2.041223280426264
1002	1004	2.4748375371567946
1001	1004	2.9376139481153247
1000	1004	2.6934708451473224
1009	1006	3.4785533983834744
=========================

Tempo:285018.03466666664
Destinazione	 NEXTHOP	 Costo
1008	1008	2.081718364178026
1007	1007	2.0757404237344987
1006	1006	0.44148967740876294
1004	1004	1.643686866618403
1003	1004	2.041223280426264
1002	1004	2.4748375371567946
1001	1004	2.9376139481153247
1000	1004	2.6934708451473224
1009	1006	3.4785533983834744
=========================

Tempo:285018.03466666664
Destinazione	 NEXTHOP	 Costo
1008	1008	1.8574832572272835
1007	1007	2.0757404237344987
1006	1006	0.44148967740876294
1004	1004	1.643686866618403
1003	1004	2.041223280426264
1002	1004	2.4748375371567946
1001	1004	2.9376139481153247
1000	1004	2.6934708451473224
1009	1008	3.153553517396439
=========================

Tempo:290018.03466666664
Destinazione	 NEXTHOP	 Costo
1008	1008	1.8574832572272835
1007	1007	2.0757404237344987
1006	1006	0.44148967740876294
1004	1004	1.6425000015891547
1003	1004	2.041223280426264
1002	1004	2.4748375371567946
1001	1004	2.9376139481153247
1000	1004	2.6934708451473224
1009	1008	3.153553517396439
=========================

Tempo:290018.03466666664
Destinazione	 NEXTHOP	 Costo
1008	1008	1.8574832572272835
1007	1006	1.7552844590515349
1006	1006	0.6658247384192331
1004	1004	1.6425000015891547
1003	1004	2.041223280426264
1002	1004	2.4748375371567946
1001	1004	2.9376139481153247
1000	1004	2.6934708451473224
1009	1008	3.153553517396439
=========================

Tempo:290018.03466666664
Destinazione	 NEXTHOP	 Costo
1008	1008	1.8574832572272835
1007	1007	2.346290832763184
1006	1006	0.6658247384192331
1004	1004	1.6425000015891547
1003	1004	2.041223280426264
1002	1004	2.4748375371567946
1001	1004	2.9376139481153247
1000	1004	2.6934708451473224
1009	1008	3.153553517396439
=========================

Tempo:290018.03466666664
Destinazione	 NEXTHOP	 Costo
1008	1008	1.6889082662072248
1007	1007	2.346290832763184
1006	1006	0.6658247384192331
1004	1004	1.6425000015891547
1003	1004	2.041223280426264
1002	1004	2.4748375371567946
1001	1004	2.9376139481153247
1000	1004	2.6934708451473224
1009	1008	2.5368117485323096
=========================

Tempo:295018.03466666664
Destinazione	 NEXTHOP	 Costo
1008	1008	1.6889082662072248
1007	1007	2.346290832763184
1006	1006	0.6658247384192331
1004	1004	1.628129833165582
1003	1004	2.041223280426264
1002	1004	2.4748375371567946
1001	1004	2.9376139481153247
1000	1004	2.6934708451473224
1009	1008	2.5368117485323096
=========================

Tempo:295018.03466666664
Destinazione	 NEXTHOP	 Costo
1008	1008	1.6889082662072248
1007	1007	2.346290832763184
1006	1006	1.041583062293714
1004	1004	1.628129833165582
1003	1004	2.041223280426264
1002	1004	2.4748375371567946
1001	1004	2.9376139481153247
1000	1004	2.6934708451473224
1009	1008	2.5368117485323096
=========================

Tempo:295018.03466666664
Destinazione	 NEXTHOP	 Costo
1008	1008	1.6889082662072248
1007	1007	2.282336268866487
1006	1006	1.041583062293714
1004	1004	1.628129833165582
1003	1004	2.041223280426264
1002	1004	2.4748375371567946
1001	1004	2.9376139481153247
1000	1004	2.6934708451473224
1009	1008	2.5368117485323096
=========================

Tempo:295018.03466666664
Destinazione	 NEXTHOP	 Costo
1008	1008	1.7597485176465615
1007	1008	2.1959659009989663
1006	1006	1.041583062293714
1004	1004	1.628129833165582
1003	1004	2.041223280426264
1002	1004	2.4748375371567946
1001	1004	2.9376139481153247
1000	1004	2.6934708451473224
1009	1008	2.300004626288157
=========================

Tempo:300018.03466666664
Destinazione	 NEXTHOP	 Costo
1008	1008	1.7597485176465615
1007	1008	2.1959659009989663
1006	1006	1.041583062293714
1004	1004	1.6055552846462637
1003	1004	2.041223280426264
1002	1004	2.4748375371567946
1001	1004	2.9376139481153247
1000	1004	2.6934708451473224
1009	1008	2.300004626288157
=========================

Tempo:300018.03466666664
Destinazione	 NEXTHOP	 Costo
1008	1008	1.7597485176465615
1007	1008	2.1959659009989663
1006	1006	1.495491617755486
1004	1004	1.6055552846462637
1003	1004	2.041223280426264
1002	1004	2.4748375371567946
1001	1004	2.9376139481153247
1000	1004	2.6934708451473224
1009	1008	2.300004626288157
=========================

Tempo:300018.03466666664
Destinazione	 NEXTHOP	 Costo
1008	1008	1.7597485176465615
1007	1007	2.285022432179787
1006	1006	1.495491617755486
1004	1004	1.6055552846462637
1003	1004	2.041223280426264
1002	1004	2.4748375371567946
1001	1004	2.9376139481153247
1000	1004	2.6934708451473224
1009	1008	2.300004626288157
=========================

Tempo:300018.03466666664
Destinazione	 NEXTHOP	 Costo
1008	1008	2.174262471138134
1007	1007	2.285022432179787
1006	1006	1.495491617755486
1004	1004	1.6055552846462637
1003	1004	2.041223280426264
1002	1004	2.4748375371567946
1001	1004	2.9376139481153247
1000	1004	2.6934708451473224
1009	1008	2.300004626288157
=========================

Tempo:300018.03466666664
Destinazione	 NEXTHOP	 Costo
1008	1008	2.174262471138134
1007	1007	2.285022432179787
1006	1006	1.495491617755486
1004	1004	1.6055552846462637
1003	1004	2.041223280426264
1002	1004	2.4748375371567946
1001	1004	2.9376139481153247
1000	1004	2.6934708451473224
1009	1008	2.300004626288157
=========================

Tempo:305018.03466666664
Destinazione	 NEXTHOP	 Costo
1008	1008	2.174262471138134
1007	1007	2.285022432179787
1006	1006	1.495491617755486
1004	1004	1.5781994014530396
1003	1004	2.041223280426264
1002	1004	2.4748375371567946
1001	1004	2.9376139481153247
1000	1004	2.6934708451473224
1009	1008	2.300004626288157
=========================

Tempo:305018.03466666664
Destinazione	 NEXTHOP	 Costo
1008	1008	2.174262471138134
1007	1007	2.285022432179787
1006	1006	1.5728457032914374
1004	1004	1.5781994014530396
1003	1004	2.041223280426264
1002	1004	2.4748375371567946
1001	1004	2.9376139481153247
1000	1004	2.6934708451473224
1009	1008	2.300004626288157
=========================

Tempo:305018.03466666664
Destinazione	 NEXTHOP	 Costo
1008	1008	2.174262471138134
1007	1007	2.4619091382746525
1006	1006	1.5728457032914374
1004	1004	1.5781994014530396
1003	1004	2.041223280426264
1002	1004	2.4748375371567946
1001	1004	2.9376139481153247
1000	1004	2.6934708451473224
1009	1008	2.300004626288157
=========================

Tempo:305018.03466666664
Destinazione	 NEXTHOP	 Costo
1007	1007	2.4619091382746525
1006	1006	1.5728457032914374
1004	1004	1.5781994014530396
1003	1004	2.041223280426264
1002	1004	2.4748375371567946
1001	1004	2.9376139481153247
1000	1004	2.6934708451473224
=========================

Tempo:305018.03466666664
Destinazione	 NEXTHOP	 Costo
1008	1009	2.6828871563715917
1007	1007	2.4619091382746525
1006	1006	1.5728457032914374
1004	1004	1.5781994014530396
1003	1004	2.041223280426264
1002	1004	2.4748375371567946
1001	1004	2.9376139481153247
1000	1004	2.6934708451473224
1010	1009	3.7162745979699103
1009	1009	2.1601872593341875
=========================

Tempo:310018.03466666664
Destinazione	 NEXTHOP	 Costo
1008	1009	2.6828871563715917
1007	1007	2.4619091382746525
1006	1006	1.5728457032914374
1004	1004	1.5515611631753783
1003	1004	2.041223280426264
1002	1004	2.4748375371567946
1001	1004	2.9376139481153247
1000	1004	2.6934708451473224
1010	1009	3.7162745979699103
1009	1009	2.1601872593341875
=========================

Tempo:310018.03466666664
Destinazione	 NEXTHOP	 Costo
1008	1009	2.6828871563715917
1007	1006	2.089002762583714
1006	1006	1.546636509932741
1004	1004	1.5515611631753783
1003	1004	2.041223280426264
1002	1004	2.4748375371567946
1001	1004	2.9376139481153247
1000	1004	2.6934708451473224
1010	1009	3.7162745979699103
1009	1009	2.1601872593341875
=========================

Tempo:310018.03466666664
Destinazione	 NEXTHOP	 Costo
1008	1009	2.6828871563715917
1007	1006	2.089002762583714
1006	1006	1.546636509932741
1004	1004	1.5515611631753783
1003	1004	2.041223280426264
1002	1004	2.4748375371567946
1001	1004	2.9376139481153247
1000	1004	2.6934708451473224
1010	1009	3.7162745979699103
1009	1009	2.1601872593341875
=========================

Tempo:310018.03466666664
Destinazione	 NEXTHOP	 Costo
1008	1009	2.6828871563715917
1007	1006	2.089002762583714
1006	1006	1.546636509932741
1004	1004	1.5515611631753783
1003	1004	2.041223280426264
1002	1004	2.4748375371567946
1001	1004	2.9376139481153247
1000	1004	2.6934708451473224
1010	1009	3.5111755599301957
1009	1009	1.9794701162485233
=========================

Tempo:315018.03466666664
Destinazione	 NEXTHOP	 Costo
1008	1009	2.6828871563715917
1007	1006	2.089002762583714
1006	1006	1.546636509932741
1004	1004	1.5350981667064068
1003	1004	2.041223280426264
1002	1004	2.4748375371567946
1001	1004	2.9376139481153247
1000	1004	2.6934708451473224
1010	1009	3.5111755599301957
1009	1009	1.9794701162485233
=========================

Tempo:315018.03466666664
Destinazione	 NEXTHOP	 Costo
1008	1009	2.6828871563715917
1007	1006	1.9304086773074751
1006	1006	1.5304451391698293
1004	1004	1.5350981667064068
1003	1004	2.041223280426264
1002	1004	2.4748375371567946
1001	1004	2.9376139481153247
1000	1004	2.6934708451473224
1010	1009	3.5111755599301957
1009	1009	1.9794701162485233
=========================

Tempo:315018.03466666664
Destinazione	 NEXTHOP	 Costo
1008	1009	2.6828871563715917
1007	1006	1.9304086773074751
1006	1006	1.5304451391698293
1004	1004	1.5350981667064068
1003	1004	2.041223280426264
1002	1004	2.4748375371567946
1001	1004	2.9376139481153247
1000	1004	2.6934708451473224
1010	1009	3.5111755599301957
1009	1009	2.2602788737962003
=========================

Tempo:320018.03466666664
Destinazione	 NEXTHOP	 Costo
1008	1009	2.6828871563715917
1007	1006	1.9304086773074751
1006	1006	1.5304451391698293
1004	1004	1.5185899869332697
1003	1004	2.041223280426264
1002	1004	2.4748375371567946
1001	1004	2.9376139481153247
1000	1004	2.6934708451473224
1010	1009	3.5111755599301957
1009	1009	2.2602788737962003
=========================

Tempo:320018.03466666664
Destinazione	 NEXTHOP	 Costo
1008	1009	2.6828871563715917
1007	1006	1.9304086773074751
1006	1006	1.51419515653553
1004	1004	1.5185899869332697
1003	1004	2.041223280426264
1002	1004	2.4748375371567946
1001	1004	2.9376139481153247
1000	1004	2.6934708451473224
1010	1009	3.5111755599301957
1009	1009	2.2602788737962003
=========================

Tempo:320018.03466666664
Destinazione	 NEXTHOP	 Costo
1007	1006	1.9304086773074751
1006	1006	1.51419515653553
1004	1004	1.5185899869332697
1003	1004	2.041223280426264
1002	1004	2.4748375371567946
1001	1004	2.9376139481153247
1000	1004	2.6934708451473224
=========================

Tempo:325018.03466666664
Destinazione	 NEXTHOP	 Costo
1008	1004	4.704407692300713
1007	1006	1.9304086773074751
1006	1006	1.51419515653553
1004	1004	1.5098741888335507
1003	1004	2.041223280426264
1002	1004	2.4748375371567946
1001	1004	2.9376139481153247
1000	1004	2.6934708451473224
1010	1004	6.531437001242349
1009	1004	4.999731557560676
=========================

Tempo:325018.03466666664
Destinazione	 NEXTHOP	 Costo
1008	1006	3.8519160700231216
1007	1006	1.9304086773074751
1006	1006	1.5056252372599377
1004	1004	1.5098741888335507
1003	1004	2.041223280426264
1002	1004	2.4748375371567946
1001	1004	2.9376139481153247
1000	1004	2.6934708451473224
1010	1006	4.042436985792247
1009	1006	3.1945335034671625
=========================

Tempo:330018.03466666664
Destinazione	 NEXTHOP	 Costo
1008	1006	3.8519160700231216
1007	1006	1.9304086773074751
1006	1006	1.5056252372599377
1004	1004	1.0980626870926657
1003	1004	2.041223280426264
1002	1004	2.4748375371567946
1001	1004	2.9376139481153247
1000	1004	2.6934708451473224
1010	1006	4.042436985792247
1009	1006	3.1945335034671625
=========================

Tempo:330018.03466666664
Destinazione	 NEXTHOP	 Costo
1008	1006	3.6963361788539597
1007	1006	1.9304086773074751
1006	1006	1.5003702778549937
1004	1004	1.0980626870926657
1003	1004	2.041223280426264
1002	1004	2.4748375371567946
1001	1004	2.9376139481153247
1000	1004	2.6934708451473224
1010	1006	3.8003749041431503
1009	1006	3.1945335034671625
=========================

Tempo:335018.03466666664
Destinazione	 NEXTHOP	 Costo
1008	1006	3.6963361788539597
1007	1006	1.9304086773074751
1006	1006	1.5003702778549937
1004	1004	0.7118220111048512
1003	1004	2.041223280426264
1002	1004	2.4748375371567946
1001	1004	2.9376139481153247
1000	1004	2.6934708451473224
1010	1006	3.8003749041431503
1009	1006	3.1945335034671625
=========================

Tempo:335018.03466666664
Destinazione	 NEXTHOP	 Costo
1008	1006	3.6963361788539597
1007	1006	1.9304086773074751
1006	1006	1.501290163108551
1004	1004	0.7118220111048512
1003	1004	2.041223280426264
1002	1004	2.4748375371567946
1001	1004	2.9376139481153247
1000	1004	2.6934708451473224
1010	1006	3.8003749041431503
1009	1006	3.1945335034671625
=========================

Tempo:340018.03466666664
Destinazione	 NEXTHOP	 Costo
1008	1006	3.6963361788539597
1007	1006	1.9304086773074751
1006	1006	1.501290163108551
1004	1004	0.6042655327521798
1003	1004	2.041223280426264
1002	1004	2.4748375371567946
1001	1004	2.9376139481153247
1000	1004	2.6934708451473224
1010	1006	3.8003749041431503
1009	1006	3.1945335034671625
=========================

Tempo:340018.03466666664
Destinazione	 NEXTHOP	 Costo
1008	1006	3.6963361788539597
1007	1006	1.9304086773074751
1006	1006	1.5052195168933737
1004	1004	0.6042655327521798
1003	1004	2.041223280426264
1002	1004	2.4748375371567946
1001	1004	2.9376139481153247
1000	1004	2.6934708451473224
1011	1006	5.221494114863284
1010	1006	3.6654067762275613
1009	1006	3.1945335034671625
=========================

Tempo:345018.03466666664
Destinazione	 NEXTHOP	 Costo
1008	1006	3.6963361788539597
1007	1006	1.9304086773074751
1006	1006	1.5052195168933737
1004	1004	0.5667879941987448
1003	1004	2.041223280426264
1002	1004	2.4748375371567946
1001	1004	2.9376139481153247
1000	1004	2.6934708451473224
1011	1006	5.221494114863284
1010	1006	3.6654067762275613
1009	1006	3.1945335034671625
=========================

Tempo:345018.03466666664
Destinazione	 NEXTHOP	 Costo
1008	1006	3.599390015062317
1007	1006	1.9304086773074751
1006	1006	1.5103872524786026
1004	1004	0.5667879941987448
1003	1004	2.041223280426264
1002	1004	2.4748375371567946
1001	1004	2.9376139481153247
1000	1004	2.6934708451473224
1011	1006	5.021562812408798
1010	1006	3.489857368727126
1009	1006	3.1945335034671625
=========================

Tempo:350018.03466666664
Destinazione	 NEXTHOP	 Costo
1008	1006	3.599390015062317
1007	1006	1.9304086773074751
1006	1006	1.5103872524786026
1004	1004	0.5990317303166448
1003	1004	2.041223280426264
1002	1004	2.4748375371567946
1001	1004	2.9376139481153247
1000	1004	2.6934708451473224
1011	1006	5.021562812408798
1010	1006	3.489857368727126
1009	1006	3.1945335034671625
=========================

Tempo:350018.03466666664
Destinazione	 NEXTHOP	 Costo
1008	1006	3.444748707608846
1007	1006	1.9304086773074751
1006	1006	1.5143400303013708
1004	1004	0.5990317303166448
1003	1004	2.041223280426264
1002	1004	2.4748375371567946
1001	1004	2.9376139481153247
1000	1004	2.6934708451473224
1011	1006	5.021562812408798
1010	1006	3.489857368727126
1009	1006	3.1945335034671625
=========================

Tempo:355018.03466666664
Destinazione	 NEXTHOP	 Costo
1008	1006	3.444748707608846
1007	1006	1.9304086773074751
1006	1006	1.5143400303013708
1004	1004	0.7006874842453902
1003	1004	2.041223280426264
1002	1004	2.4748375371567946
1001	1004	2.9376139481153247
1000	1004	2.6934708451473224
1011	1006	5.021562812408798
1010	1006	3.489857368727126
1009	1006	3.1945335034671625
=========================

Tempo:355018.03466666664
Destinazione	 NEXTHOP	 Costo
1008	1006	3.444748707608846
1007	1006	1.9304086773074751
1006	1006	1.5153981005559558
1004	1004	0.7006874842453902
1003	1004	2.041223280426264
1002	1004	2.4748375371567946
1001	1004	2.9376139481153247
1000	1004	2.6934708451473224
1011	1006	5.021562812408798
1010	1006	3.489857368727126
1009	1006	3.1945335034671625
=========================

Tempo:360018.03466666664
Destinazione	 NEXTHOP	 Costo
1008	1006	3.444748707608846
1007	1006	1.9304086773074751
1006	1006	1.5153981005559558
1004	1004	1.0519661094057453
1003	1004	2.041223280426264
1002	1004	2.4748375371567946
1001	1004	2.9376139481153247
1000	1004	2.6934708451473224
1011	1006	5.021562812408798
1010	1006	3.489857368727126
1009	1006	3.1945335034671625
=========================

Tempo:360018.03466666664
Destinazione	 NEXTHOP	 Costo
1008	1006	3.035219468213303
1007	1006	1.9304086773074751
1006	1006	1.1048107909058278
1004	1004	1.0519661094057453
1003	1004	2.041223280426264
1002	1004	2.4748375371567946
1001	1004	2.9376139481153247
1000	1004	2.6934708451473224
1011	1006	5.021562812408798
1010	1006	3.489857368727126
1009	1006	3.1945335034671625
=========================

Tempo:365018.03466666664
Destinazione	 NEXTHOP	 Costo
1008	1006	3.035219468213303
1007	1006	1.9304086773074751
1006	1006	1.1048107909058278
1004	1004	1.50994588667041
1003	1004	2.041223280426264
1002	1004	2.4748375371567946
1001	1004	2.9376139481153247
1000	1004	2.6934708451473224
1011	1006	5.021562812408798
1010	1006	3.489857368727126
1009	1006	3.1945335034671625
=========================

Tempo:365018.03466666664
Destinazione	 NEXTHOP	 Costo
1008	1006	2.6464994939778275
1007	1006	1.9304086773074751
1006	1006	0.7160908166703523
1004	1004	1.50994588667041
1003	1004	2.041223280426264
1002	1004	2.4748375371567946
1001	1004	2.9376139481153247
1000	1004	2.6934708451473224
1011	1006	4.516465720813502
1010	1006	3.489857368727126
1009	1006	3.1945335034671625
=========================

Tempo:370018.03466666664
Destinazione	 NEXTHOP	 Costo
1008	1006	2.6464994939778275
1007	1006	1.9304086773074751
1006	1006	0.7160908166703523
1004	1004	1.5106386936325287
1003	1004	2.041223280426264
1002	1004	2.4748375371567946
1001	1004	2.9376139481153247
1000	1004	2.6934708451473224
1011	1006	4.516465720813502
1010	1006	3.489857368727126
1009	1006	3.1945335034671625
=========================

Tempo:370018.03466666664
Destinazione	 NEXTHOP	 Costo
1008	1006	2.5380893351501608
1007	1006	1.9304086773074751
1006	1006	0.6076806578426857
1004	1004	1.5106386936325287
1003	1004	2.041223280426264
1002	1004	2.4748375371567946
1001	1004	2.9376139481153247
1000	1004	2.6934708451473224
1011	1006	4.408055561985836
1010	1006	3.489857368727126
1009	1006	3.1945335034671625
=========================

Tempo:375018.03466666664
Destinazione	 NEXTHOP	 Costo
1008	1006	2.5380893351501608
1007	1006	1.9304086773074751
1006	1006	0.6076806578426857
1004	1004	1.5140660426673478
1003	1004	2.032322866963577
1002	1004	2.4748375371567946
1001	1004	2.9376139481153247
1000	1004	2.6934708451473224
1011	1006	4.408055561985836
1010	1006	3.489857368727126
1009	1006	3.1945335034671625
=========================

Tempo:375018.03466666664
Destinazione	 NEXTHOP	 Costo
1008	1006	2.500164699440921
1007	1006	1.9304086773074751
1006	1006	0.569756022133446
1004	1004	1.5140660426673478
1003	1004	2.032322866963577
1002	1004	2.4748375371567946
1001	1004	2.9376139481153247
1012	1006	5.79125013699673
1000	1004	2.6934708451473224
1011	1006	4.235162798361007
1010	1006	3.489857368727126
1009	1006	3.1945335034671625
=========================

Tempo:380018.03466666664
Destinazione	 NEXTHOP	 Costo
1008	1006	2.500164699440921
1007	1006	1.9304086773074751
1006	1006	0.569756022133446
1004	1004	1.5186318377266481
1003	1004	2.006209913742973
1002	1004	2.4748375371567946
1001	1004	2.9376139481153247
1012	1006	5.79125013699673
1000	1004	2.6934708451473224
1011	1006	4.235162798361007
1010	1006	3.489857368727126
1009	1006	3.1945335034671625
=========================

Tempo:380018.03466666664
Destinazione	 NEXTHOP	 Costo
1008	1006	2.500164699440921
1007	1006	1.9304086773074751
1006	1006	0.6019748088284467
1004	1004	1.5186318377266481
1003	1004	2.006209913742973
1002	1004	2.4748375371567946
1001	1004	2.9376139481153247
1012	1006	5.623537621237245
1000	1004	2.6934708451473224
1011	1006	4.091832177555572
1010	1006	3.489857368727126
1009	1006	3.1945335034671625
=========================

Tempo:385018.03466666664
Destinazione	 NEXTHOP	 Costo
1008	1006	2.500164699440921
1007	1006	1.9304086773074751
1006	1006	0.6019748088284467
1004	1004	1.5186318377266481
1003	1004	2.006209913742973
1002	1004	2.4748375371567946
1001	1004	2.9376139481153247
1012	1006	5.623537621237245
1000	1004	2.6934708451473224
1011	1006	4.091832177555572
1010	1006	3.489857368727126
1009	1006	3.1945335034671625
=========================

Tempo:385018.03466666664
Destinazione	 NEXTHOP	 Costo
1008	1006	2.500164699440921
1007	1006	1.9304086773074751
1006	1006	0.6019748088284467
1004	1004	1.5221099632263952
1003	1004	2.006209913742973
1002	1004	2.4748375371567946
1001	1004	2.9376139481153247
1012	1006	5.623537621237245
1000	1004	2.6934708451473224
1011	1006	4.091832177555572
1010	1006	3.489857368727126
1009	1006	3.1945335034671625
=========================

Tempo:385018.03466666664
Destinazione	 NEXTHOP	 Costo
1008	1006	2.500164699440921
1007	1006	1.9304086773074751
1006	1006	0.7040380906004547
1004	1004	1.5221099632263952
1003	1004	2.006209913742973
1002	1004	2.4748375371567946
1001	1004	2.9376139481153247
1012	1006	5.623537621237245
1000	1004	2.6934708451473224
1011	1006	4.091832177555572
1010	1006	3.489857368727126
1009	1006	3.1945335034671625
=========================

Tempo:390018.03466666664
Destinazione	 NEXTHOP	 Costo
1008	1006	2.500164699440921
1007	1006	1.9304086773074751
1006	1006	0.7040380906004547
1004	1004	1.5221099632263952
1003	1004	2.006209913742973
1002	1004	2.4748375371567946
1001	1004	2.9376139481153247
1012	1006	5.623537621237245
1000	1004	2.6934708451473224
1011	1006	4.091832177555572
1010	1006	3.489857368727126
1009	1006	3.1945335034671625
=========================

Tempo:390018.03466666664
Destinazione	 NEXTHOP	 Costo
1008	1006	2.500164699440921
1007	1006	1.9304086773074751
1006	1006	0.7040380906004547
1004	1004	1.4428586371771703
1003	1004	2.006209913742973
1002	1004	2.4748375371567946
1001	1004	2.9376139481153247
1012	1006	5.623537621237245
1000	1004	2.6934708451473224
1011	1006	4.091832177555572
1010	1006	3.489857368727126
1009	1006	3.1945335034671625
=========================

Tempo:390018.03466666664
Destinazione	 NEXTHOP	 Costo
1008	1006	2.500164699440921
1007	1006	1.9304086773074751
1006	1006	1.0574859999071289
1004	1004	1.4428586371771703
1003	1004	2.006209913742973
1002	1004	2.4748375371567946
1001	1004	2.9376139481153247
1012	1006	5.623537621237245
1000	1004	2.6934708451473224
1011	1006	4.091832177555572
1010	1006	3.489857368727126
1009	1006	3.1945335034671625
=========================

Tempo:395018.03466666664
Destinazione	 NEXTHOP	 Costo
1008	1006	2.500164699440921
1007	1006	1.9304086773074751
1006	1006	1.0574859999071289
1004	1004	1.4428586371771703
1003	1004	2.006209913742973
1002	1004	2.4748375371567946
1001	1004	2.9376139481153247
1012	1006	5.623537621237245
1000	1004	2.6934708451473224
1011	1006	4.091832177555572
1010	1006	3.489857368727126
1009	1006	3.1945335034671625
=========================

Tempo:395018.03466666664
Destinazione	 NEXTHOP	 Costo
1008	1006	2.500164699440921
1007	1006	1.9304086773074751
1006	1006	1.0574859999071289
1004	1004	0.9906802106272912
1003	1004	2.006209913742973
1002	1004	2.4748375371567946
1001	1004	2.9376139481153247
1012	1006	5.623537621237245
1000	1004	2.6934708451473224
1011	1006	4.091832177555572
1010	1006	3.489857368727126
1009	1006	3.1945335034671625
=========================

Tempo:395018.03466666664
Destinazione	 NEXTHOP	 Costo
1008	1006	2.500164699440921
1007	1006	1.9304086773074751
1006	1006	1.5193450068082726
1004	1004	0.9906802106272912
1003	1004	2.006209913742973
1002	1004	2.4748375371567946
1001	1004	2.9376139481153247
1012	1006	5.623537621237245
1000	1004	2.6934708451473224
1011	1006	4.091832177555572
1010	1006	3.489857368727126
1009	1006	3.1945335034671625
=========================

Tempo:400018.03466666664
Destinazione	 NEXTHOP	 Costo
1008	1006	2.500164699440921
1007	1006	1.9304086773074751
1006	1006	1.5193450068082726
1004	1004	0.9906802106272912
1003	1004	2.006209913742973
1002	1004	2.4748375371567946
1001	1004	2.9376139481153247
1012	1006	5.623537621237245
1000	1004	2.6934708451473224
1011	1006	4.091832177555572
1010	1006	3.489857368727126
1009	1006	3.1945335034671625
=========================

Tempo:400018.03466666664
Destinazione	 NEXTHOP	 Costo
1008	1006	2.500164699440921
1007	1006	1.9304086773074751
1006	1006	1.5193450068082726
1004	1004	0.6516943340949551
1003	1004	2.006209913742973
1002	1004	2.4748375371567946
1001	1004	2.9376139481153247
1012	1006	5.623537621237245
1000	1004	2.6934708451473224
1011	1006	4.091832177555572
1010	1006	3.489857368727126
1009	1006	3.1945335034671625
=========================

Tempo:400018.03466666664
Destinazione	 NEXTHOP	 Costo
1008	1006	2.500164699440921
1007	1006	1.9304086773074751
1006	1006	1.5213525825696255
1004	1004	0.6516943340949551
1003	1004	2.006209913742973
1002	1004	2.4748375371567946
1001	1004	2.9376139481153247
1012	1006	5.623537621237245
1000	1004	2.6934708451473224
1011	1006	4.091832177555572
1010	1006	3.489857368727126
1009	1006	3.1945335034671625
=========================

Tempo:405018.03466666664
Destinazione	 NEXTHOP	 Costo
1008	1006	2.500164699440921
1007	1006	1.9304086773074751
1006	1006	1.5213525825696255
1004	1004	0.5182568242962293
1003	1004	2.006209913742973
1002	1004	2.4748375371567946
1001	1004	2.9376139481153247
1012	1006	5.623537621237245
1000	1004	2.6934708451473224
1011	1006	4.091832177555572
1010	1006	3.489857368727126
1009	1006	3.1945335034671625
=========================

Tempo:405018.03466666664
Destinazione	 NEXTHOP	 Costo
1008	1006	2.500164699440921
1007	1006	1.9304086773074751
1006	1006	1.5273467816048079
1004	1004	0.5182568242962293
1003	1004	2.006209913742973
1002	1004	2.4748375371567946
1001	1004	2.9376139481153247
1012	1006	5.623537621237245
1000	1004	2.6934708451473224
1011	1006	4.091832177555572
1010	1006	3.489857368727126
1009	1006	3.1945335034671625
=========================

Tempo:410018.03466666664
Destinazione	 NEXTHOP	 Costo
1008	1006	2.500164699440921
1007	1006	1.9304086773074751
1006	1006	1.5273467816048079
1004	1004	0.4875780760163247
1003	1004	2.006209913742973
1002	1004	2.4748375371567946
1001	1004	2.9376139481153247
1012	1006	5.623537621237245
1000	1004	2.6934708451473224
1011	1006	4.091832177555572
1010	1006	3.489857368727126
1009	1006	3.1945335034671625
=========================

Tempo:410018.03466666664
Destinazione	 NEXTHOP	 Costo
1000	1004	2.6934708451473224
1011	1006	4.091832177555572
1010	1006	3.489857368727126
1008	1006	2.500164699440921
1007	1006	1.9304086773074751
1006	1006	1.5344872577847852
1004	1004	0.4875780760163247
1003	1004	2.006209913742973
1002	1004	2.4748375371567946
1013	1006	7.325737394781515
1001	1004	2.9376139481153247
1012	1006	5.623537621237245
1009	1006	3.1945335034671625
=========================

Tempo:415018.03466666664
Destinazione	 NEXTHOP	 Costo
1000	1004	2.6934708451473224
1011	1006	4.091832177555572
1010	1006	3.489857368727126
1008	1006	2.500164699440921
1007	1006	1.9304086773074751
1006	1006	1.5344872577847852
1004	1004	0.5596082775148508
1003	1004	2.006209913742973
1002	1004	2.4748375371567946
1013	1006	7.325737394781515
1001	1004	2.9376139481153247
1012	1006	5.623537621237245
1009	1006	3.1945335034671625
=========================

Tempo:415018.03466666664
Destinazione	 NEXTHOP	 Costo
1000	1004	2.6934708451473224
1011	1006	4.091832177555572
1010	1006	3.489857368727126
1008	1006	2.500164699440921
1007	1006	1.9304086773074751
1006	1006	1.5388922821322935
1004	1004	0.5596082775148508
1003	1004	2.006209913742973
1002	1004	2.4748375371567946
1013	1006	7.162429903369539
1001	1004	2.9376139481153247
1012	1006	5.623537621237245
1009	1006	3.1945335034671625
=========================

Tempo:420018.03466666664
Destinazione	 NEXTHOP	 Costo
1000	1004	2.6934708451473224
1011	1006	4.091832177555572
1010	1006	3.489857368727126
1008	1006	2.500164699440921
1007	1006	1.9304086773074751
1006	1006	1.5388922821322935
1004	1004	0.7556237327782936
1003	1004	2.006209913742973
1002	1004	2.4748375371567946
1013	1006	7.162429903369539
1001	1004	2.9376139481153247
1012	1006	5.623537621237245
1009	1006	3.1945335034671625
=========================

Tempo:420018.03466666664
Destinazione	 NEXTHOP	 Costo
1000	1004	2.6934708451473224
1011	1006	4.091832177555572
1010	1006	3.489857368727126
1008	1006	2.500164699440921
1007	1006	1.9304086773074751
1006	1006	1.4576917964973917
1004	1004	0.7556237327782936
1003	1004	2.006209913742973
1002	1004	2.4748375371567946
1013	1006	7.081229417734637
1001	1004	2.9376139481153247
1012	1006	5.549523974052963
1009	1006	3.1945335034671625
=========================

Tempo:425018.03466666664
Destinazione	 NEXTHOP	 Costo
1000	1004	2.6934708451473224
1011	1006	4.091832177555572
1010	1006	3.489857368727126
1008	1006	2.500164699440921
1007	1006	1.9304086773074751
1006	1006	1.4576917964973917
1004	1004	1.1549876173698435
1003	1004	2.006209913742973
1002	1004	2.4748375371567946
1013	1006	7.081229417734637
1001	1004	2.9376139481153247
1012	1006	5.549523974052963
1009	1006	3.1945335034671625
=========================

Tempo:425018.03466666664
Destinazione	 NEXTHOP	 Costo
1000	1004	2.6934708451473224
1011	1006	4.091832177555572
1010	1006	3.489857368727126
1008	1006	2.500164699440921
1007	1006	1.9304086773074751
1006	1006	1.000323892656754
1004	1004	1.1549876173698435
1003	1004	2.006209913742973
1002	1004	2.4748375371567946
1013	1006	6.623861513893999
1001	1004	2.9376139481153247
1012	1006	5.092156070212326
1009	1006	3.1945335034671625
=========================

Tempo:430018.03466666664
Destinazione	 NEXTHOP	 Costo
1000	1004	2.6934708451473224
1011	1006	4.091832177555572
1010	1006	3.489857368727126
1008	1006	2.500164699440921
1007	1006	1.9304086773074751
1006	1006	1.000323892656754
1004	1004	1.5343625106705268
1003	1004	2.006209913742973
1002	1004	2.4748375371567946
1013	1006	6.623861513893999
1001	1004	2.9376139481153247
1012	1006	5.092156070212326
1009	1006	3.1945335034671625
=========================

Tempo:430018.03466666664
Destinazione	 NEXTHOP	 Costo
1000	1004	2.6934708451473224
1011	1006	4.091832177555572
1010	1006	3.489857368727126
1008	1006	2.500164699440921
1007	1006	1.9304086773074751
1006	1006	0.6578840739820074
1004	1004	1.5343625106705268
1003	1004	2.006209913742973
1002	1004	2.4748375371567946
1013	1006	6.281421695219253
1001	1004	2.9376139481153247
1012	1006	4.7497162515375795
1009	1006	3.1580487734229283
=========================

Tempo:435018.03466666664
Destinazione	 NEXTHOP	 Costo
1000	1004	2.6934708451473224
1011	1006	4.091832177555572
1010	1006	3.489857368727126
1008	1006	2.500164699440921
1007	1006	1.9304086773074751
1006	1006	0.6578840739820074
1004	1004	1.5360257091765293
1003	1004	2.006209913742973
1002	1004	2.4748375371567946
1013	1006	6.281421695219253
1001	1004	2.9376139481153247
1012	1006	4.7497162515375795
1009	1006	3.1580487734229283
=========================

Tempo:435018.03466666664
Destinazione	 NEXTHOP	 Costo
1000	1004	2.6934708451473224
1011	1006	4.012796826615016
1010	1006	3.489857368727126
1008	1006	2.4533481351953657
1007	1006	1.9304086773074751
1006	1006	0.5229394578878905
1004	1004	1.5360257091765293
1003	1004	2.006209913742973
1002	1004	2.4748375371567946
1013	1006	6.146477079125136
1001	1004	2.9376139481153247
1012	1006	4.6147716354434625
1009	1006	3.0231041573288113
=========================

Tempo:440018.03466666664
Destinazione	 NEXTHOP	 Costo
1000	1004	2.6934708451473224
1011	1006	4.012796826615016
1010	1006	3.489857368727126
1008	1006	2.4533481351953657
1007	1006	1.9304086773074751
1006	1006	0.5229394578878905
1004	1004	1.5413697819046135
1003	1004	2.006209913742973
1002	1004	2.4748375371567946
1013	1006	6.146477079125136
1001	1004	2.9376139481153247
1012	1006	4.6147716354434625
1009	1006	3.0231041573288113
=========================

Tempo:440018.03466666664
Destinazione	 NEXTHOP	 Costo
1000	1004	2.6934708451473224
1011	1006	3.9815902939081544
1010	1006	3.489857368727126
1008	1006	2.4221416024885034
1007	1006	1.9304086773074751
1006	1006	0.4917329251810285
1004	1004	1.5413697819046135
1003	1004	2.006209913742973
1002	1004	2.4748375371567946
1013	1006	6.115270546418274
1001	1004	2.9376139481153247
1012	1006	4.583565102736601
1009	1006	2.9918976246219495
=========================

Tempo:445018.03466666664
Destinazione	 NEXTHOP	 Costo
1000	1004	2.6934708451473224
1011	1006	3.9815902939081544
1010	1006	3.489857368727126
1008	1006	2.4221416024885034
1007	1006	1.9304086773074751
1006	1006	0.4917329251810285
1004	1004	1.5413697819046135
1003	1004	2.006209913742973
1002	1004	2.4748375371567946
1013	1006	6.115270546418274
1001	1004	2.9376139481153247
1012	1006	4.583565102736601
1009	1006	2.9918976246219495
=========================

Tempo:445018.03466666664
Destinazione	 NEXTHOP	 Costo
1000	1004	2.6934708451473224
1011	1006	3.9815902939081544
1010	1006	3.489857368727126
1008	1006	2.4221416024885034
1007	1006	1.9304086773074751
1006	1006	0.4917329251810285
1004	1004	1.54778647251011
1003	1004	2.006209913742973
1002	1004	2.4748375371567946
1013	1006	6.115270546418274
1001	1004	2.9376139481153247
1012	1006	4.583565102736601
1009	1006	2.9918976246219495
=========================

Tempo:445018.03466666664
Destinazione	 NEXTHOP	 Costo
1000	1004	2.6934708451473224
1011	1006	3.9815902939081544
1010	1006	3.489857368727126
1008	1006	2.4221416024885034
1007	1006	1.9304086773074751
1006	1006	0.5641835428199261
1004	1004	1.54778647251011
1003	1004	2.006209913742973
1014	1006	7.889920937601441
1002	1004	2.4748375371567946
1013	1006	6.115270546418274
1001	1004	2.9376139481153247
1012	1006	4.583565102736601
1009	1006	2.9918976246219495
=========================

Tempo:445018.03466666664
Destinazione	 NEXTHOP	 Costo
1000	1004	2.6934708451473224
1011	1006	3.9815902939081544
1010	1006	3.489857368727126
1008	1006	2.4221416024885034
1007	1006	1.9304086773074751
1006	1006	0.5641835428199261
1004	1004	1.54778647251011
1003	1004	2.006209913742973
1014	1006	7.889920937601441
1002	1004	2.4748375371567946
1013	1006	6.115270546418274
1001	1004	2.9376139481153247
1012	1006	4.583565102736601
1009	1006	2.9918976246219495
=========================

Tempo:450018.03466666664
Destinazione	 NEXTHOP	 Costo
1000	1004	2.6934708451473224
1011	1006	3.9815902939081544
1010	1006	3.489857368727126
1008	1006	2.4221416024885034
1007	1006	1.9304086773074751
1006	1006	0.5641835428199261
1004	1004	1.54778647251011
1003	1004	2.006209913742973
1014	1006	7.889920937601441
1002	1004	2.4748375371567946
1013	1006	6.115270546418274
1001	1004	2.9376139481153247
1012	1006	4.583565102736601
1009	1006	2.9918976246219495
=========================

Tempo:450018.03466666664
Destinazione	 NEXTHOP	 Costo
1000	1004	2.6934708451473224
1011	1006	3.9815902939081544
1010	1006	3.489857368727126
1008	1006	2.4221416024885034
1007	1006	1.9304086773074751
1006	1006	0.5641835428199261
1004	1004	1.3607774791117562
1003	1004	2.006209913742973
1014	1006	7.889920937601441
1002	1004	2.4748375371567946
1013	1006	6.115270546418274
1001	1004	2.9376139481153247
1012	1006	4.583565102736601
1009	1006	2.9918976246219495
=========================

Tempo:450018.03466666664
Destinazione	 NEXTHOP	 Costo
1000	1004	2.6934708451473224
1011	1006	3.9815902939081544
1010	1006	3.489857368727126
1008	1006	2.4221416024885034
1007	1006	1.9304086773074751
1006	1006	0.7621466595057296
1004	1004	1.3607774791117562
1003	1004	2.006209913742973
1014	1006	7.889920937601441
1002	1004	2.4748375371567946
1013	1006	6.115270546418274
1001	1004	2.9376139481153247
1012	1006	4.583565102736601
1009	1006	2.9918976246219495
=========================

Tempo:450018.03466666664
Destinazione	 NEXTHOP	 Costo
1000	1004	2.6934708451473224
1011	1006	3.9815902939081544
1010	1006	3.489857368727126
1008	1006	2.4221416024885034
1007	1006	1.9304086773074751
1006	1006	0.7621466595057296
1004	1004	1.3607774791117562
1003	1004	2.006209913742973
1014	1006	7.889920937601441
1002	1004	2.4748375371567946
1013	1006	6.115270546418274
1001	1004	2.9376139481153247
1012	1006	4.583565102736601
1009	1006	2.9918976246219495
=========================

Tempo:455018.03466666664
Destinazione	 NEXTHOP	 Costo
1000	1004	2.6934708451473224
1011	1006	3.9815902939081544
1010	1006	3.489857368727126
1008	1006	2.4221416024885034
1007	1006	1.9304086773074751
1006	1006	0.7621466595057296
1004	1004	1.3607774791117562
1003	1004	2.006209913742973
1014	1006	7.889920937601441
1002	1004	2.4748375371567946
1013	1006	6.115270546418274
1001	1004	2.9376139481153247
1012	1006	4.583565102736601
1009	1006	2.9918976246219495
=========================

Tempo:455018.03466666664
Destinazione	 NEXTHOP	 Costo
1000	1004	2.6934708451473224
1011	1006	3.9815902939081544
1010	1006	3.489857368727126
1008	1006	2.4221416024885034
1007	1006	1.9304086773074751
1006	1006	0.7621466595057296
1004	1004	0.92156740841564
1003	1004	2.006209913742973
1014	1006	7.889920937601441
1002	1004	2.1746326444264374
1013	1006	6.115270546418274
1001	1004	2.690535734999246
1012	1006	4.583565102736601
1009	1006	2.9918976246219495
=========================

Tempo:455018.03466666664
Destinazione	 NEXTHOP	 Costo
1000	1004	2.6934708451473224
1011	1006	3.9815902939081544
1010	1006	3.489857368727126
1008	1006	2.4221416024885034
1007	1006	1.9304086773074751
1006	1006	1.1678826368858946
1004	1004	0.92156740841564
1003	1004	2.006209913742973
1014	1006	7.889920937601441
1002	1004	2.1746326444264374
1013	1006	6.115270546418274
1001	1004	2.690535734999246
1012	1006	4.583565102736601
1009	1006	2.9918976246219495
=========================

Tempo:455018.03466666664
Destinazione	 NEXTHOP	 Costo
1000	1004	2.6934708451473224
1011	1006	3.9815902939081544
1010	1006	3.489857368727126
1008	1006	2.4221416024885034
1007	1006	1.9304086773074751
1006	1006	1.1678826368858946
1004	1004	0.92156740841564
1003	1004	2.006209913742973
1014	1006	7.889920937601441
1002	1004	2.1746326444264374
1013	1006	6.115270546418274
1001	1004	2.690535734999246
1012	1006	4.583565102736601
1009	1006	2.9918976246219495
=========================

Tempo:460018.03466666664
Destinazione	 NEXTHOP	 Costo
1000	1004	2.6934708451473224
1011	1006	3.9815902939081544
1010	1006	3.489857368727126
1008	1006	2.4221416024885034
1007	1006	1.9304086773074751
1006	1006	1.1678826368858946
1004	1004	0.92156740841564
1003	1004	2.006209913742973
1014	1006	7.889920937601441
1002	1004	2.1746326444264374
1013	1006	6.115270546418274
1001	1004	2.690535734999246
1012	1006	4.583565102736601
1009	1006	2.9918976246219495
=========================

Tempo:460018.03466666664
Destinazione	 NEXTHOP	 Costo
1000	1004	2.6934708451473224
1011	1006	3.9815902939081544
1010	1006	3.489857368727126
1008	1006	2.4221416024885034
1007	1006	1.9304086773074751
1006	1006	1.1678826368858946
1004	1004	0.6252894857501046
1003	1004	2.006209913742973
1014	1006	7.889920937601441
1002	1004	1.8783547217609018
1013	1006	6.115270546418274
1001	1004	2.394257812333711
1012	1006	4.583565102736601
1009	1006	2.9918976246219495
=========================

Tempo:460018.03466666664
Destinazione	 NEXTHOP	 Costo
1000	1004	2.6934708451473224
1011	1006	3.9815902939081544
1010	1006	3.489857368727126
1008	1006	2.4221416024885034
1007	1006	1.9304086773074751
1006	1006	1.5570893839101936
1004	1004	0.6252894857501046
1003	1004	2.006209913742973
1014	1006	7.889920937601441
1002	1004	1.8783547217609018
1013	1006	6.115270546418274
1001	1004	2.394257812333711
1012	1006	4.583565102736601
1009	1006	2.9918976246219495
=========================

Tempo:460018.03466666664
Destinazione	 NEXTHOP	 Costo
1000	1004	2.6934708451473224
1011	1006	3.9815902939081544
1010	1006	3.489857368727126
1008	1006	2.4221416024885034
1007	1006	1.9304086773074751
1006	1006	1.5570893839101936
1004	1004	0.6252894857501046
1003	1004	2.006209913742973
1014	1006	7.889920937601441
1002	1004	1.8783547217609018
1013	1006	6.115270546418274
1001	1004	2.394257812333711
1012	1006	4.583565102736601
1009	1006	2.9918976246219495
=========================

Tempo:465018.03466666664
Destinazione	 NEXTHOP	 Costo
1000	1004	2.6934708451473224
1011	1006	3.9815902939081544
1010	1006	3.489857368727126
1008	1006	2.4221416024885034
1007	1006	1.9304086773074751
1006	1006	1.5570893839101936
1004	1004	0.6252894857501046
1003	1004	2.006209913742973
1014	1006	7.889920937601441
1002	1004	1.8783547217609018
1013	1006	6.115270546418274
1001	1004	2.394257812333711
1012	1006	4.583565102736601
1009	1006	2.9918976246219495
=========================

Tempo:465018.03466666664
Destinazione	 NEXTHOP	 Costo
1000	1004	2.6934708451473224
1011	1006	3.9815902939081544
1010	1006	3.489857368727126
1008	1006	2.4221416024885034
1007	1006	1.9304086773074751
1006	1006	1.5570893839101936
1004	1004	0.5133543554055359
1003	1004	1.7102220568548736
1014	1006	7.889920937601441
1002	1004	1.7664195914163332
1013	1006	6.115270546418274
1001	1004	2.2823226819891422
1012	1006	4.583565102736601
1009	1006	2.9918976246219495
=========================

Tempo:465018.03466666664
Destinazione	 NEXTHOP	 Costo
1000	1004	2.6934708451473224
1011	1006	3.9815902939081544
1010	1006	3.489857368727126
1008	1006	2.4221416024885034
1007	1006	1.9304086773074751
1006	1006	1.5624053134169704
1004	1004	0.5133543554055359
1003	1004	1.7102220568548736
1014	1006	7.843827008636223
1002	1004	1.7664195914163332
1013	1006	6.115270546418274
1001	1004	2.2823226819891422
1012	1006	4.583565102736601
1009	1006	2.9918976246219495
=========================

Tempo:470018.03466666664
Destinazione	 NEXTHOP	 Costo
1000	1004	2.6934708451473224
1011	1006	3.9815902939081544
1010	1006	3.489857368727126
1008	1006	2.4221416024885034
1007	1006	1.9304086773074751
1006	1006	1.5624053134169704
1004	1004	0.5133543554055359
1003	1003	2.4102263035313247
1014	1006	7.843827008636223
1002	1004	1.7664195914163332
1013	1006	6.115270546418274
1001	1004	2.2823226819891422
1012	1006	4.583565102736601
1009	1006	2.9918976246219495
=========================

Tempo:470018.03466666664
Destinazione	 NEXTHOP	 Costo
1000	1004	2.6934708451473224
1011	1006	3.9815902939081544
1010	1006	3.489857368727126
1008	1006	2.4221416024885034
1007	1006	1.9304086773074751
1006	1006	1.5624053134169704
1004	1004	0.5022981086183917
1003	1004	1.2921431060441333
1014	1006	7.843827008636223
1002	1004	1.755363344629189
1013	1006	6.115270546418274
1001	1004	2.271266435201998
1012	1006	4.583565102736601
1009	1006	2.9918976246219495
=========================

Tempo:470018.03466666664
Destinazione	 NEXTHOP	 Costo
1000	1004	2.6934708451473224
1011	1006	3.9815902939081544
1010	1006	3.489857368727126
1008	1006	2.4221416024885034
1007	1006	1.9304086773074751
1006	1006	1.5628328919634806
1004	1004	0.5022981086183917
1003	1004	1.2921431060441333
1014	1006	7.709309971088617
1002	1004	1.755363344629189
1013	1006	6.115270546418274
1001	1004	2.271266435201998
1012	1006	4.583565102736601
1009	1006	2.9918976246219495
=========================

Tempo:475018.03466666664
Destinazione	 NEXTHOP	 Costo
1000	1004	2.6934708451473224
1011	1006	3.9815902939081544
1010	1006	3.489857368727126
1008	1006	2.4221416024885034
1007	1006	1.9304086773074751
1006	1006	1.5628328919634806
1004	1004	0.5022981086183917
1003	1003	2.4691727268038397
1014	1006	7.709309971088617
1002	1004	1.755363344629189
1013	1006	6.115270546418274
1001	1004	2.271266435201998
1012	1006	4.583565102736601
1009	1006	2.9918976246219495
=========================

Tempo:475018.03466666664
Destinazione	 NEXTHOP	 Costo
1000	1004	2.6934708451473224
1011	1006	3.9815902939081544
1010	1006	3.489857368727126
1008	1006	2.4221416024885034
1007	1006	1.9304086773074751
1006	1006	1.5628328919634806
1004	1004	0.5931263407517872
1003	1004	1.2474628214195789
1014	1006	7.709309971088617
1002	1004	1.755363344629189
1013	1006	6.115270546418274
1001	1004	2.271266435201998
1012	1006	4.583565102736601
1009	1006	2.9918976246219495
=========================

Tempo:475018.03466666664
Destinazione	 NEXTHOP	 Costo
1000	1004	2.6934708451473224
1011	1006	3.9815902939081544
1010	1006	3.489857368727126
1008	1006	2.4221416024885034
1007	1006	1.9304086773074751
1006	1006	1.5605173237417584
1004	1004	0.5931263407517872
1003	1004	1.2474628214195789
1014	1006	7.675787870160033
1002	1004	1.755363344629189
1013	1006	6.115270546418274
1001	1004	2.271266435201998
1012	1006	4.583565102736601
1009	1006	2.9918976246219495
=========================

Tempo:480018.03466666664
Destinazione	 NEXTHOP	 Costo
1000	1004	2.6934708451473224
1011	1006	3.9815902939081544
1010	1006	3.489857368727126
1008	1006	2.4221416024885034
1007	1006	1.9304086773074751
1006	1006	1.5605173237417584
1004	1004	0.5931263407517872
1003	1004	1.2474628214195789
1014	1006	7.675787870160033
1002	1004	1.755363344629189
1013	1006	6.115270546418274
1001	1004	2.271266435201998
1012	1006	4.583565102736601
1009	1006	2.9918976246219495
=========================

Tempo:480018.03466666664
Destinazione	 NEXTHOP	 Costo
1000	1004	2.6934708451473224
1011	1006	3.9815902939081544
1010	1006	3.489857368727126
1008	1006	2.4221416024885034
1007	1006	1.9304086773074751
1006	1006	1.5605173237417584
1004	1004	0.8400901640179921
1003	1004	1.2474628214195789
1014	1006	7.675787870160033
1002	1004	1.755363344629189
1013	1006	6.115270546418274
1001	1004	2.271266435201998
1012	1006	4.583565102736601
1009	1006	2.9918976246219495
=========================

Tempo:480018.03466666664
Destinazione	 NEXTHOP	 Costo
1000	1004	2.6934708451473224
1011	1006	3.9815902939081544
1010	1006	3.489857368727126
1008	1006	2.4221416024885034
1007	1006	1.9304086773074751
1006	1006	1.36720454723404
1004	1004	0.8400901640179921
1015	1006	9.25712548483548
1003	1004	1.2474628214195789
1014	1006	7.4824750936523134
1002	1004	1.755363344629189
1013	1006	5.95076964997064
1001	1004	2.271266435201998
1012	1006	4.583565102736601
1009	1006	2.9918976246219495
=========================

Tempo:485018.03466666664
Destinazione	 NEXTHOP	 Costo
1000	1004	2.6934708451473224
1011	1006	3.9815902939081544
1010	1006	3.489857368727126
1008	1006	2.4221416024885034
1007	1006	1.9304086773074751
1006	1006	1.36720454723404
1004	1004	1.262063794338328
1015	1006	9.25712548483548
1003	1004	1.2474628214195789
1014	1006	7.4824750936523134
1002	1004	1.755363344629189
1013	1006	5.95076964997064
1001	1004	2.271266435201998
1012	1006	4.583565102736601
1009	1006	2.9918976246219495
=========================

Tempo:485018.03466666664
Destinazione	 NEXTHOP	 Costo
1000	1004	2.6934708451473224
1011	1006	3.9815902939081544
1010	1006	3.489857368727126
1008	1006	2.4221416024885034
1007	1006	1.6852684390153945
1006	1006	0.923121779509665
1004	1004	1.262063794338328
1015	1006	8.813042717111106
1003	1004	1.2474628214195789
1014	1006	7.038392325927939
1002	1004	1.755363344629189
1013	1006	5.506686882246266
1001	1004	2.271266435201998
1012	1006	4.583565102736601
1009	1006	2.9918976246219495
=========================

Tempo:490018.03466666664
Destinazione	 NEXTHOP	 Costo
1000	1004	2.6934708451473224
1011	1006	3.9815902939081544
1010	1006	3.489857368727126
1008	1006	2.4221416024885034
1007	1006	1.6852684390153945
1006	1006	0.923121779509665
1004	1004	1.55581690779113
1015	1006	8.813042717111106
1003	1004	1.2474628214195789
1014	1006	7.038392325927939
1002	1004	1.755363344629189
1013	1006	5.506686882246266
1001	1004	2.271266435201998
1012	1006	4.583565102736601
1009	1006	2.9918976246219495
=========================

Tempo:490018.03466666664
Destinazione	 NEXTHOP	 Costo
1000	1004	2.6934708451473224
1011	1006	3.9815902939081544
1010	1006	3.489857368727126
1008	1006	2.4221416024885034
1007	1006	1.6852684390153945
1006	1006	0.6254917887381582
1004	1004	1.55581690779113
1015	1006	8.5154127263396
1003	1004	1.2474628214195789
1014	1006	6.7407623351564325
1002	1004	1.755363344629189
1013	1006	5.209056891474759
1001	1004	2.271266435201998
1012	1006	4.583565102736601
1009	1006	2.9918976246219495
=========================

Tempo:495018.03466666664
Destinazione	 NEXTHOP	 Costo
1000	1004	2.6934708451473224
1011	1006	3.9815902939081544
1010	1006	3.489857368727126
1008	1006	2.4221416024885034
1007	1006	1.6852684390153945
1006	1006	0.6254917887381582
1004	1004	1.1968677014493379
1015	1006	8.5154127263396
1003	1004	1.2474628214195789
1014	1006	6.7407623351564325
1002	1004	1.755363344629189
1013	1006	5.209056891474759
1001	1004	2.271266435201998
1012	1006	4.583565102736601
1009	1006	2.9918976246219495
=========================

Tempo:495018.03466666664
Destinazione	 NEXTHOP	 Costo
1000	1004	2.6934708451473224
1011	1006	3.9815902939081544
1010	1006	3.489857368727126
1008	1006	2.4221416024885034
1007	1006	1.6852684390153945
1006	1006	0.5139034976648914
1004	1004	1.1968677014493379
1015	1006	8.403824435266332
1003	1004	1.2474628214195789
1014	1006	6.6291740440831655
1002	1004	1.755363344629189
1013	1006	5.097468600401492
1001	1004	2.271266435201998
1012	1006	4.495493791573046
1009	1006	2.936045100153395
=========================

Tempo:500018.03466666664
Destinazione	 NEXTHOP	 Costo
1000	1004	2.6934708451473224
1011	1006	3.9815902939081544
1010	1006	3.489857368727126
1008	1006	2.4221416024885034
1007	1006	1.6852684390153945
1006	1006	0.5139034976648914
1004	1004	0.7898449974257414
1015	1006	8.403824435266332
1003	1004	1.2474628214195789
1014	1006	6.6291740440831655
1002	1004	1.755363344629189
1013	1006	5.097468600401492
1001	1004	2.271266435201998
1012	1006	4.495493791573046
1009	1006	2.936045100153395
=========================

Tempo:500018.03466666664
Destinazione	 NEXTHOP	 Costo
1000	1004	2.6934708451473224
1011	1006	3.9815902939081544
1010	1006	3.489857368727126
1008	1006	2.4221416024885034
1007	1006	1.6852684390153945
1006	1006	0.5060060823713047
1004	1004	0.7898449974257414
1015	1006	8.349833091007529
1003	1004	1.2474628214195789
1014	1006	6.621276628789579
1002	1004	1.755363344629189
1013	1006	5.089571185107905
1001	1004	2.271266435201998
1012	1006	4.487596376279459
1009	1006	2.928147684859808
=========================

Tempo:505018.03466666664
Destinazione	 NEXTHOP	 Costo
1000	1004	2.6934708451473224
1011	1006	3.9815902939081544
1010	1006	3.489857368727126
1008	1006	2.4221416024885034
1007	1006	1.6852684390153945
1006	1006	0.5060060823713047
1004	1004	0.6543364806677917
1015	1006	8.349833091007529
1003	1004	1.2474628214195789
1014	1006	6.621276628789579
1002	1004	1.755363344629189
1013	1006	5.089571185107905
1001	1004	2.271266435201998
1012	1006	4.487596376279459
1009	1006	2.928147684859808
=========================

Tempo:505018.03466666664
Destinazione	 NEXTHOP	 Costo
1000	1004	2.6934708451473224
1011	1006	3.9815902939081544
1010	1006	3.489857368727126
1008	1006	2.4221416024885034
1007	1006	1.6852684390153945
1006	1006	0.6021271036043396
1004	1004	0.6543364806677917
1015	1006	8.311437074692957
1003	1004	1.2474628214195789
1014	1006	6.621276628789579
1002	1004	1.755363344629189
1013	1006	5.089571185107905
1001	1004	2.271266435201998
1012	1006	4.487596376279459
1009	1006	2.928147684859808
=========================

Tempo:505018.03466666664
Destinazione	 NEXTHOP	 Costo
1000	1004	2.6934708451473224
1011	1006	3.9815902939081544
1010	1006	3.489857368727126
1008	1006	2.4221416024885034
1007	1006	1.6852684390153945
1006	1006	0.6021271036043396
1004	1004	0.6543364806677917
1015	1006	8.311437074692957
1003	1004	1.2474628214195789
1014	1006	6.621276628789579
1002	1004	1.755363344629189
1013	1006	5.089571185107905
1001	1004	2.271266435201998
1012	1006	4.487596376279459
1009	1006	2.928147684859808
=========================

Tempo:510018.03466666664
Destinazione	 NEXTHOP	 Costo
1000	1004	2.6934708451473224
1011	1006	3.9815902939081544
1010	1006	3.489857368727126
1008	1006	2.4221416024885034
1007	1006	1.6852684390153945
1006	1006	0.6021271036043396
1004	1004	0.6200038686834519
1015	1006	8.311437074692957
1003	1004	1.2474628214195789
1014	1006	6.621276628789579
1002	1004	1.755363344629189
1013	1006	5.089571185107905
1001	1004	2.271266435201998
1012	1006	4.487596376279459
1009	1006	2.928147684859808
=========================

Tempo:510018.03466666664
Destinazione	 NEXTHOP	 Costo
1000	1004	2.6934708451473224
1011	1006	3.9815902939081544
1010	1006	3.489857368727126
1008	1006	2.4221416024885034
1007	1006	1.6852684390153945
1006	1006	0.8570756659467078
1004	1004	0.6200038686834519
1015	1006	8.311437074692957
1003	1004	1.2474628214195789
1014	1006	6.621276628789579
1002	1004	1.755363344629189
1013	1006	5.089571185107905
1001	1004	2.271266435201998
1012	1006	4.487596376279459
1009	1006	2.928147684859808
=========================

Tempo:510018.03466666664
Destinazione	 NEXTHOP	 Costo
1000	1004	2.6934708451473224
1011	1006	3.9815902939081544
1010	1006	3.489857368727126
1008	1006	2.4221416024885034
1007	1006	1.6852684390153945
1006	1006	0.8570756659467078
1004	1004	0.6200038686834519
1015	1006	8.311437074692957
1003	1004	1.2474628214195789
1014	1006	6.621276628789579
1002	1004	1.755363344629189
1013	1006	5.089571185107905
1001	1004	2.271266435201998
1012	1006	4.487596376279459
1009	1006	2.928147684859808
=========================

Tempo:515018.03466666664
Destinazione	 NEXTHOP	 Costo
1000	1004	2.6934708451473224
1011	1006	3.9815902939081544
1010	1006	3.489857368727126
1008	1006	2.4221416024885034
1007	1006	1.6852684390153945
1006	1006	0.8570756659467078
1004	1004	0.6368300596441846
1015	1006	8.311437074692957
1003	1004	1.2474628214195789
1014	1006	6.621276628789579
1002	1004	1.755363344629189
1013	1006	5.089571185107905
1001	1004	2.271266435201998
1012	1006	4.487596376279459
1009	1006	2.928147684859808
=========================

Tempo:515018.03466666664
Destinazione	 NEXTHOP	 Costo
1000	1004	2.6934708451473224
1011	1006	3.9815902939081544
1010	1006	3.489857368727126
1008	1006	2.4221416024885034
1007	1006	1.6852684390153945
1006	1006	1.2932046155496315
1016	1006	10.550330100385112
1004	1004	0.6368300596441846
1015	1006	8.311437074692957
1003	1004	1.2474628214195789
1014	1006	6.621276628789579
1002	1004	1.755363344629189
1013	1006	5.089571185107905
1001	1004	2.271266435201998
1012	1006	4.487596376279459
1009	1006	2.928147684859808
=========================

Tempo:515018.03466666664
Destinazione	 NEXTHOP	 Costo
1000	1004	2.6934708451473224
1011	1006	3.9815902939081544
1010	1006	3.489857368727126
1008	1006	2.4221416024885034
1007	1006	1.6852684390153945
1006	1006	1.2932046155496315
1016	1006	10.550330100385112
1004	1004	0.6368300596441846
1015	1006	8.311437074692957
1003	1004	1.2474628214195789
1014	1006	6.621276628789579
1002	1004	1.755363344629189
1013	1006	5.089571185107905
1001	1004	2.271266435201998
1012	1006	4.487596376279459
1009	1006	2.928147684859808
=========================

Tempo:520018.03466666664
Destinazione	 NEXTHOP	 Costo
1000	1004	2.6934708451473224
1011	1006	3.9815902939081544
1010	1006	3.489857368727126
1008	1006	2.4221416024885034
1007	1006	1.6852684390153945
1006	1006	1.2932046155496315
1016	1006	10.550330100385112
1004	1004	0.7052855118462716
1015	1006	8.311437074692957
1003	1004	1.2474628214195789
1014	1006	6.621276628789579
1002	1004	1.755363344629189
1013	1006	5.089571185107905
1001	1004	2.271266435201998
1012	1006	4.487596376279459
1009	1006	2.928147684859808
=========================

Tempo:520018.03466666664
Destinazione	 NEXTHOP	 Costo
1000	1004	2.6934708451473224
1011	1006	3.9815902939081544
1010	1006	3.489857368727126
1008	1006	2.4221416024885034
1007	1006	1.6852684390153945
1006	1006	1.5969258144948035
1016	1006	10.409968531605909
1004	1004	0.7052855118462716
1015	1006	8.311437074692957
1003	1004	1.2474628214195789
1014	1006	6.621276628789579
1002	1004	1.755363344629189
1013	1006	5.089571185107905
1001	1004	2.271266435201998
1012	1006	4.487596376279459
1009	1006	2.928147684859808
=========================

Tempo:520018.03466666664
Destinazione	 NEXTHOP	 Costo
1000	1004	2.6934708451473224
1011	1006	3.9815902939081544
1010	1006	3.489857368727126
1008	1006	2.4221416024885034
1007	1006	1.6852684390153945
1006	1006	1.5969258144948035
1016	1006	10.409968531605909
1004	1004	0.7052855118462716
1015	1006	8.311437074692957
1003	1004	1.2474628214195789
1014	1006	6.621276628789579
1002	1004	1.755363344629189
1013	1006	5.089571185107905
1001	1004	2.271266435201998
1012	1006	4.487596376279459
1009	1006	2.928147684859808
=========================

Tempo:525018.0346666666
Destinazione	 NEXTHOP	 Costo
1000	1004	2.6934708451473224
1011	1006	3.9815902939081544
1010	1006	3.489857368727126
1008	1006	2.4221416024885034
1007	1006	1.6852684390153945
1006	1006	1.5969258144948035
1016	1006	10.409968531605909
1004	1004	1.0219229067429603
1015	1006	8.311437074692957
1003	1004	1.2474628214195789
1014	1006	6.621276628789579
1002	1004	1.755363344629189
1013	1006	5.089571185107905
1001	1004	2.271266435201998
1012	1006	4.487596376279459
1009	1006	2.928147684859808
=========================

Tempo:525018.0346666666
Destinazione	 NEXTHOP	 Costo
1000	1004	2.6934708451473224
1011	1006	3.9815902939081544
1010	1006	3.489857368727126
1008	1006	2.4221416024885034
1007	1006	1.6852684390153945
1006	1006	1.2243823889607421
1016	1006	9.739795115300343
1004	1004	1.0219229067429603
1015	1006	7.965144724117175
1003	1004	1.2474628214195789
1014	1006	6.433439280435501
1002	1004	1.755363344629189
1013	1006	5.089571185107905
1001	1004	2.271266435201998
1012	1006	4.487596376279459
1009	1006	2.928147684859808
=========================

Tempo:525018.0346666666
Destinazione	 NEXTHOP	 Costo
1000	1004	2.6934708451473224
1011	1006	3.9815902939081544
1010	1006	3.489857368727126
1008	1006	2.4221416024885034
1007	1006	1.6852684390153945
1006	1006	1.2243823889607421
1016	1006	9.739795115300343
1004	1004	1.0219229067429603
1015	1006	7.965144724117175
1003	1004	1.2474628214195789
1014	1006	6.433439280435501
1002	1004	1.755363344629189
1013	1006	5.089571185107905
1001	1004	2.271266435201998
1012	1006	4.487596376279459
1009	1006	2.928147684859808
=========================

Tempo:530018.0346666666
Destinazione	 NEXTHOP	 Costo
1000	1004	2.6934708451473224
1011	1006	3.9815902939081544
1010	1006	3.489857368727126
1008	1006	2.4221416024885034
1007	1006	1.6852684390153945
1006	1006	1.2243823889607421
1016	1006	9.739795115300343
1004	1004	1.4883019116685186
1015	1006	7.965144724117175
1003	1004	1.2474628214195789
1014	1006	6.433439280435501
1002	1004	1.755363344629189
1013	1006	5.089571185107905
1001	1004	2.271266435201998
1012	1006	4.487596376279459
1009	1006	2.928147684859808
=========================

Tempo:530018.0346666666
Destinazione	 NEXTHOP	 Costo
1000	1004	2.6934708451473224
1011	1006	3.9815902939081544
1010	1006	3.489857368727126
1008	1006	2.4221416024885034
1007	1006	1.3164075286097834
1006	1006	0.802504030944892
1016	1006	9.206328466211223
1004	1004	1.4883019116685186
1015	1006	7.431678075028057
1003	1004	1.2474628214195789
1014	1006	5.899972631346384
1002	1004	1.755363344629189
1013	1006	5.089571185107905
1001	1004	2.271266435201998
1012	1006	4.487596376279459
1009	1006	2.928147684859808
=========================

Tempo:530018.0346666666
Destinazione	 NEXTHOP	 Costo
1000	1004	2.6934708451473224
1011	1006	3.9815902939081544
1010	1006	3.489857368727126
1008	1006	2.4221416024885034
1007	1007	2.4609788420813485
1006	1006	0.802504030944892
1016	1006	9.206328466211223
1004	1004	1.4883019116685186
1015	1006	7.431678075028057
1003	1004	1.2474628214195789
1014	1006	5.899972631346384
1002	1004	1.755363344629189
1013	1006	5.089571185107905
1001	1004	2.271266435201998
1012	1006	4.487596376279459
1009	1006	2.928147684859808
=========================

Tempo:535018.0346666666
Destinazione	 NEXTHOP	 Costo
1000	1004	2.6934708451473224
1011	1006	3.9815902939081544
1010	1006	3.489857368727126
1008	1006	2.4221416024885034
1007	1007	2.4609788420813485
1006	1006	0.802504030944892
1016	1006	9.206328466211223
1004	1004	1.587155051201376
1015	1006	7.431678075028057
1003	1004	1.2474628214195789
1014	1006	5.899972631346384
1002	1004	1.755363344629189
1013	1006	5.089571185107905
1001	1004	2.271266435201998
1012	1006	4.487596376279459
1009	1006	2.928147684859808
=========================

Tempo:535018.0346666666
Destinazione	 NEXTHOP	 Costo
1000	1004	2.6934708451473224
1011	1006	3.9815902939081544
1010	1006	3.489857368727126
1008	1006	2.34343488561679
1007	1006	1.1641725289727
1006	1006	0.6581664466013952
1016	1006	9.007999537608924
1004	1004	1.587155051201376
1015	1006	7.279443075390974
1003	1004	1.2474628214195789
1014	1006	5.747737631709301
1002	1004	1.755363344629189
1013	1006	5.089571185107905
1001	1004	2.271266435201998
1012	1006	4.487596376279459
1009	1006	2.928147684859808
=========================

Tempo:535018.0346666666
Destinazione	 NEXTHOP	 Costo
1000	1004	2.6934708451473224
1011	1006	3.9815902939081544
1010	1006	3.489857368727126
1008	1006	2.34343488561679
1007	1007	2.5149760849003435
1006	1006	0.6581664466013952
1016	1006	9.007999537608924
1004	1004	1.587155051201376
1015	1006	7.279443075390974
1003	1004	1.2474628214195789
1014	1006	5.747737631709301
1002	1004	1.755363344629189
1013	1006	5.089571185107905
1001	1004	2.271266435201998
1012	1006	4.487596376279459
1009	1006	2.928147684859808
=========================
