
Tempo:750018.0346666666
Destinazione	 NEXTHOP	 Costo
1022	1022	1.0
1000	1022	73.87267351291653
1021	1022	9.83882624267613
1020	1022	309.8771259773747
1019	1022	675.431698029395
1018	1022	10.198590295942068
1017	1022	319.1356866768353
1016	1022	331.8696693397107
1015	1022	10.558354349208006
1014	1022	333.098042676315
1013	1022	337.65481561773356
1012	1022	1274.0264496059656
1011	1022	326.7865964895542
1010	1022	332.2289189373942
1008	1022	327.064031677351
1007	1022	83.28704056557588
1006	1022	72.21203180309979
1005	1022	334.08302314571245
1004	1022	79.16516135303479
1003	1022	72.38621615996162
1002	1022	320.17586085229203
1024	1022	81.4633412655906
1001	1022	80.4131787503059
1023	1022	1181.7935993474473
1009	1022	73.9650726268263
=========================

Tempo:755018.0346666666
Destinazione	 NEXTHOP	 Costo
1022	1022	1.0
1000	1012	71.16784713771094
1021	1022	9.83882624267613
1020	1022	309.8771259773747
1019	1022	675.431698029395
1018	1022	10.198590295942068
1017	1022	319.1356866768353
1016	1022	331.8696693397107
1015	1022	10.558354349208006
1014	1022	333.098042676315
1013	1022	337.65481561773356
1012	1012	0.7729543449576356
1011	1022	326.7865964895542
1010	1022	332.2289189373942
1008	1022	327.064031677351
1007	1012	80.58221419037028
1006	1012	69.50720542789419
1005	1022	334.08302314571245
1004	1012	76.46033497782919
1003	1012	69.68138978475602
1002	1022	320.17586085229203
1024	1012	31.256806230228673
1001	1012	77.7083523751003
1023	1022	1181.7935993474473
1009	1012	71.2602462516207
=========================

Tempo:755018.0346666666
Destinazione	 NEXTHOP	 Costo
1022	1022	0.35976405326593747
1000	1012	71.16784713771094
1021	1022	9.198590295942068
1020	1022	309.23689003064067
1019	1022	674.7914620826609
1018	1022	9.558354349208006
1017	1022	318.49545073010125
1016	1022	331.22943339297666
1015	1022	9.918118402473944
1014	1022	332.45780672958097
1013	1022	337.0145796709995
1012	1012	0.7729543449576356
1011	1022	326.14636054282016
1010	1022	331.5886829906602
1008	1022	326.423795730617
1007	1012	80.58221419037028
1006	1012	69.50720542789419
1005	1022	333.4427871989784
1004	1012	76.46033497782919
1003	1012	69.68138978475602
1002	1022	319.535624905558
1024	1012	31.256806230228673
1001	1012	77.7083523751003
1023	1022	1181.7935993474473
1009	1012	71.2602462516207
=========================

Tempo:755018.0346666666
Destinazione	 NEXTHOP	 Costo
1022	1022	0.35976405326593747
1000	1023	21.263376862298948
1021	1022	9.198590295942068
1020	1023	20.799617805066404
1019	1023	26.35072972043786
1018	1022	9.558354349208006
1017	1023	18.418997588060144
1016	1023	27.07541089930905
1015	1022	9.918118402473944
1014	1023	28.303784235913348
1013	1023	32.86055717733189
1012	1012	0.7729543449576356
1011	1023	27.2836059013341
1010	1023	25.6634746343591
1008	1023	26.16006939380761
1007	1023	29.144916970733036
1006	1023	21.116486996321143
1005	1023	27.51757884267733
1004	1023	31.939230550533864
1003	1023	25.160285357460694
1002	1023	13.610416549256906
1024	1023	19.985746009138218
1001	1023	27.803882099688302
1023	1023	9.705163212608655
1009	1023	19.28719710966973
=========================

Tempo:755018.0346666666
Destinazione	 NEXTHOP	 Costo
1022	1022	0.35976405326593747
1000	1023	21.263376862298948
1021	1022	9.198590295942068
1020	1023	20.799617805066404
1019	1023	26.35072972043786
1018	1022	9.558354349208006
1017	1023	18.418997588060144
1016	1023	27.07541089930905
1015	1022	9.918118402473944
1014	1023	28.303784235913348
1013	1023	32.86055717733189
1012	1012	0.7729543449576356
1011	1023	27.2836059013341
1010	1023	25.6634746343591
1008	1023	26.16006939380761
1007	1023	29.144916970733036
1006	1023	21.116486996321143
1005	1023	27.51757884267733
1004	1023	31.939230550533864
1003	1023	25.160285357460694
1002	1023	13.610416549256906
1024	1024	7.075717908247145
1001	1023	27.803882099688302
1023	1023	9.705163212608655
1009	1023	19.28719710966973
=========================

Tempo:760018.0346666666
Destinazione	 NEXTHOP	 Costo
1022	1022	0.35976405326593747
1000	1023	21.263376862298948
1021	1022	9.198590295942068
1020	1023	20.799617805066404
1019	1023	26.35072972043786
1018	1022	9.558354349208006
1017	1023	18.418997588060144
1016	1023	27.07541089930905
1015	1022	9.918118402473944
1014	1023	28.303784235913348
1013	1023	32.86055717733189
1012	1012	0.5928246791580137
1011	1023	27.2836059013341
1010	1023	25.6634746343591
1008	1023	26.16006939380761
1007	1023	29.144916970733036
1006	1023	21.116486996321143
1005	1023	27.51757884267733
1004	1023	31.939230550533864
1003	1023	25.160285357460694
1002	1023	13.610416549256906
1024	1024	7.075717908247145
1001	1023	27.803882099688302
1023	1023	9.705163212608655
1009	1023	19.28719710966973
=========================

Tempo:760018.0346666666
Destinazione	 NEXTHOP	 Costo
1022	1022	3.724598895527801
1000	1023	21.263376862298948
1021	1022	9.198590295942068
1020	1023	20.799617805066404
1019	1023	26.35072972043786
1018	1022	9.558354349208006
1017	1023	18.418997588060144
1016	1023	27.07541089930905
1015	1022	9.918118402473944
1014	1023	28.303784235913348
1013	1023	32.86055717733189
1012	1012	0.5928246791580137
1011	1023	27.2836059013341
1010	1023	25.6634746343591
1008	1023	26.16006939380761
1007	1023	29.144916970733036
1006	1023	21.116486996321143
1005	1023	27.51757884267733
1004	1023	31.939230550533864
1003	1023	25.160285357460694
1002	1023	13.610416549256906
1024	1024	7.075717908247145
1001	1023	27.803882099688302
1023	1023	9.705163212608655
1009	1023	19.28719710966973
=========================

Tempo:760018.0346666666
Destinazione	 NEXTHOP	 Costo
1022	1022	3.724598895527801
1000	1023	16.401629856935703
1021	1022	9.198590295942068
1020	1023	15.53057283601935
1019	1023	21.48898271507462
1018	1022	9.558354349208006
1017	1023	13.557250582696904
1016	1023	22.213663893945807
1015	1022	9.918118402473944
1014	1023	23.442037230550103
1013	1023	27.99881017196865
1012	1012	0.5928246791580137
1011	1023	22.42185889597086
1010	1023	20.80172762899586
1008	1023	21.298322388444372
1007	1023	24.283169965369794
1006	1023	16.254739990957898
1005	1023	22.65583183731409
1004	1023	27.07748354517062
1003	1023	20.298538352097452
1002	1023	8.748669543893662
1024	1024	7.075717908247145
1001	1023	22.942135094325064
1023	1023	7.31696117221813
1009	1023	14.425450104306488
=========================

Tempo:760018.0346666666
Destinazione	 NEXTHOP	 Costo
1022	1022	3.724598895527801
1000	1023	16.401629856935703
1021	1022	9.198590295942068
1020	1023	15.53057283601935
1019	1023	21.48898271507462
1018	1022	9.558354349208006
1017	1023	13.557250582696904
1016	1023	22.213663893945807
1015	1022	9.918118402473944
1014	1023	23.442037230550103
1013	1023	27.99881017196865
1012	1012	0.5928246791580137
1011	1023	22.42185889597086
1010	1023	20.80172762899586
1008	1023	21.298322388444372
1007	1023	24.283169965369794
1006	1023	16.254739990957898
1005	1023	22.65583183731409
1004	1023	27.07748354517062
1003	1023	20.298538352097452
1002	1023	8.748669543893662
1024	1024	3.441734377482852
1001	1023	22.942135094325064
1023	1023	7.31696117221813
1009	1023	14.425450104306488
=========================

Tempo:763008.0346666666
Destinazione	 NEXTHOP	 Costo
1000	1023	16.401629856935703
1021	1022	9.198590295942068
1020	1023	15.53057283601935
1019	1023	21.48898271507462
1018	1022	9.558354349208006
1017	1023	13.557250582696904
1016	1023	22.213663893945807
1015	1022	9.918118402473944
1014	1023	23.442037230550103
1013	1023	27.99881017196865
1012	1012	0.5928246791580137
1011	1023	22.42185889597086
1010	1023	20.80172762899586
1008	1023	21.298322388444372
1007	1023	24.283169965369794
1006	1023	16.254739990957898
1005	1023	22.65583183731409
1004	1023	27.07748354517062
1003	1023	20.298538352097452
1002	1023	8.748669543893662
1024	1024	3.441734377482852
1001	1023	22.942135094325064
1023	1023	7.31696117221813
1009	1023	14.425450104306488
=========================

Tempo:765018.0346666666
Destinazione	 NEXTHOP	 Costo
1000	1023	16.401629856935703
1021	1022	9.198590295942068
1020	1023	15.53057283601935
1019	1023	21.48898271507462
1018	1022	9.558354349208006
1017	1023	13.557250582696904
1016	1023	22.213663893945807
1015	1022	9.918118402473944
1014	1023	23.442037230550103
1013	1023	27.99881017196865
1012	1012	0.10010732899387226
1011	1023	22.42185889597086
1010	1023	20.80172762899586
1008	1023	21.298322388444372
1007	1023	24.283169965369794
1006	1023	16.254739990957898
1005	1023	22.65583183731409
1004	1023	27.07748354517062
1003	1023	20.298538352097452
1002	1023	8.748669543893662
1024	1024	3.441734377482852
1001	1023	22.942135094325064
1023	1023	7.31696117221813
1009	1023	14.425450104306488
=========================

Tempo:765018.0346666666
Destinazione	 NEXTHOP	 Costo
1021	1022	9.198590295942068
1018	1022	9.558354349208006
1015	1022	9.918118402473944
1012	1012	0.10010732899387226
1024	1024	3.441734377482852
=========================

Tempo:765018.0346666666
Destinazione	 NEXTHOP	 Costo
1000	1024	2732.450930301041
1022	1024	4113.929189241988
1021	1022	9.198590295942068
1020	1024	2968.455382765499
1019	1024	4131.693573061534
1018	1022	9.558354349208006
1017	1024	2977.7139434649594
1016	1024	2990.4479261278348
1015	1022	9.918118402473944
1014	1024	2991.676299464439
1013	1024	2996.233072405858
1012	1012	0.10010732899387226
1011	1024	2985.3648532776783
1010	1024	2990.8071757255184
1008	1024	2985.6422884654753
1007	1024	2741.8652973537
1006	1024	2730.790288591224
1005	1024	2992.661279933837
1004	1024	2737.743418141159
1003	1024	2730.964472948086
1024	1024	2659.6326047868542
1002	1024	2978.754117640416
1001	1024	2738.99143553843
1023	1024	4117.521551518677
1009	1024	2732.5433294149507
=========================

Tempo:770018.0346666666
Destinazione	 NEXTHOP	 Costo
1000	1024	2732.450930301041
1022	1024	4113.929189241988
1021	1022	9.198590295942068
1020	1024	2968.455382765499
1019	1024	4131.693573061534
1018	1022	9.558354349208006
1017	1024	2977.7139434649594
1016	1024	2990.4479261278348
1015	1022	9.918118402473944
1014	1024	2991.676299464439
1013	1024	2996.233072405858
1012	1012	0.10010732899387226
1011	1024	2985.3648532776783
1010	1024	2990.8071757255184
1008	1024	2985.6422884654753
1007	1024	2741.8652973537
1006	1024	2730.790288591224
1005	1024	2992.661279933837
1004	1024	2737.743418141159
1003	1024	2730.964472948086
1024	1024	2659.6326047868542
1002	1024	2978.754117640416
1001	1024	2738.99143553843
1023	1024	4117.521551518677
1009	1024	2732.5433294149507
=========================

Tempo:770018.0346666666
Destinazione	 NEXTHOP	 Costo
1000	1012	103.84847642160557
1022	1012	3514.20189410888
1021	1022	9.198590295942068
1020	1012	302.16777555267214
1019	1012	308.1261854317274
1018	1022	9.558354349208006
1017	1012	300.1944532993497
1016	1012	308.8508666105986
1015	1022	9.918118402473944
1014	1012	310.0792399472029
1013	1012	314.63601288862145
1012	1012	33.45358362885228
1011	1012	309.0590616126236
1010	1012	307.43893034564866
1008	1012	307.93552510509716
1007	1012	113.26284347426491
1006	1012	102.18783471178884
1005	1012	309.2930345539669
1004	1012	109.14096426172384
1003	1012	102.36201906865065
1024	1012	2059.9053096537464
1002	1012	295.3858722605464
1001	1012	110.38898165899494
1023	1012	293.95416388887094
1009	1012	103.94087553551535
=========================

Tempo:770018.0346666666
Destinazione	 NEXTHOP	 Costo
1000	1012	103.84847642160557
1022	1012	3514.20189410888
1021	1022	9.198590295942068
1020	1012	302.16777555267214
1019	1012	308.1261854317274
1018	1022	9.558354349208006
1017	1012	300.1944532993497
1016	1012	308.8508666105986
1015	1022	9.918118402473944
1014	1012	310.0792399472029
1013	1012	314.63601288862145
1012	1012	33.45358362885228
1011	1012	309.0590616126236
1010	1012	307.43893034564866
1008	1012	307.93552510509716
1007	1012	113.26284347426491
1006	1012	102.18783471178884
1005	1012	309.2930345539669
1004	1012	109.14096426172384
1003	1012	102.36201906865065
1024	1024	3985.7948936814464
1002	1012	295.3858722605464
1001	1012	110.38898165899494
1023	1012	293.95416388887094
1009	1012	103.94087553551535
=========================

Tempo:775018.0346666666
Destinazione	 NEXTHOP	 Costo
1000	1012	103.84847642160557
1022	1002	3237.0362836570453
1021	1022	9.198590295942068
1020	1012	302.16777555267214
1019	1012	308.1261854317274
1018	1022	9.558354349208006
1017	1012	300.1944532993497
1016	1012	308.8508666105986
1015	1022	9.918118402473944
1014	1012	310.0792399472029
1013	1012	314.63601288862145
1012	1012	33.45358362885228
1011	1012	309.0590616126236
1010	1012	307.43893034564866
1008	1012	307.93552510509716
1007	1012	113.26284347426491
1006	1012	102.18783471178884
1005	1012	309.2930345539669
1004	1012	109.14096426172384
1003	1012	102.36201906865065
1024	1002	3236.093996797065
1002	1002	3223.209988791724
1001	1012	110.38898165899494
1023	1012	293.95416388887094
1009	1012	103.94087553551535
=========================

Tempo:775018.0346666666
Destinazione	 NEXTHOP	 Costo
1000	1012	103.84847642160557
1022	1002	3237.0362836570453
1021	1022	9.198590295942068
1020	1012	302.16777555267214
1019	1012	308.1261854317274
1018	1022	9.558354349208006
1017	1012	300.1944532993497
1016	1012	308.8508666105986
1015	1022	9.918118402473944
1014	1012	310.0792399472029
1013	1012	314.63601288862145
1012	1012	939.3547379309126
1011	1012	309.0590616126236
1010	1012	307.43893034564866
1008	1012	307.93552510509716
1007	1012	113.26284347426491
1006	1012	102.18783471178884
1005	1012	309.2930345539669
1004	1012	109.14096426172384
1003	1012	102.36201906865065
1024	1002	3236.093996797065
1002	1002	3223.209988791724
1001	1012	110.38898165899494
1023	1012	293.95416388887094
1009	1012	103.94087553551535
=========================

Tempo:775018.0346666666
Destinazione	 NEXTHOP	 Costo
1000	1012	103.84847642160557
1022	1002	3237.0362836570453
1021	1022	9.198590295942068
1020	1012	302.16777555267214
1019	1012	308.1261854317274
1018	1022	9.558354349208006
1017	1012	300.1944532993497
1016	1012	308.8508666105986
1015	1022	9.918118402473944
1014	1012	310.0792399472029
1013	1012	314.63601288862145
1012	1012	939.3547379309126
1011	1012	309.0590616126236
1010	1012	307.43893034564866
1008	1012	307.93552510509716
1007	1012	113.26284347426491
1006	1012	102.18783471178884
1005	1012	309.2930345539669
1004	1012	109.14096426172384
1003	1012	102.36201906865065
1024	1002	3236.093996797065
1002	1002	3223.209988791724
1001	1012	110.38898165899494
1023	1012	293.95416388887094
1009	1012	103.94087553551535
=========================

Tempo:780018.0346666666
Destinazione	 NEXTHOP	 Costo
1000	1012	103.84847642160557
1022	1002	1371.4693228058416
1021	1022	9.198590295942068
1020	1012	302.16777555267214
1019	1012	308.1261854317274
1018	1022	9.558354349208006
1017	1012	300.1944532993497
1016	1012	308.8508666105986
1015	1022	9.918118402473944
1014	1012	310.0792399472029
1013	1012	314.63601288862145
1012	1012	939.3547379309126
1011	1012	309.0590616126236
1010	1012	307.43893034564866
1008	1012	307.93552510509716
1007	1012	113.26284347426491
1006	1012	102.18783471178884
1005	1012	309.2930345539669
1004	1012	109.14096426172384
1003	1012	102.36201906865065
1024	1002	1370.5270359458616
1002	1002	1357.6430279405204
1001	1012	110.38898165899494
1023	1012	293.95416388887094
1009	1012	103.94087553551535
=========================

Tempo:780018.0346666666
Destinazione	 NEXTHOP	 Costo
1000	1012	103.84847642160557
1022	1002	1371.4693228058416
1021	1022	9.198590295942068
1020	1012	302.16777555267214
1019	1012	308.1261854317274
1018	1022	9.558354349208006
1017	1012	300.1944532993497
1016	1012	308.8508666105986
1015	1022	9.918118402473944
1014	1012	310.0792399472029
1013	1012	314.63601288862145
1012	1012	2778.933745707529
1011	1012	309.0590616126236
1010	1012	307.43893034564866
1008	1012	307.93552510509716
1007	1012	113.26284347426491
1006	1012	102.18783471178884
1005	1012	309.2930345539669
1004	1012	109.14096426172384
1003	1012	102.36201906865065
1024	1002	1370.5270359458616
1002	1002	1357.6430279405204
1001	1012	110.38898165899494
1023	1012	293.95416388887094
1009	1012	103.94087553551535
=========================

Tempo:780018.0346666666
Destinazione	 NEXTHOP	 Costo
1000	1012	103.84847642160557
1022	1002	1371.4693228058416
1021	1022	9.198590295942068
1020	1012	302.16777555267214
1019	1012	308.1261854317274
1018	1022	9.558354349208006
1017	1012	300.1944532993497
1016	1012	308.8508666105986
1015	1022	9.918118402473944
1014	1012	310.0792399472029
1013	1012	314.63601288862145
1012	1012	2778.933745707529
1011	1012	309.0590616126236
1010	1012	307.43893034564866
1008	1012	307.93552510509716
1007	1012	113.26284347426491
1006	1012	102.18783471178884
1005	1012	309.2930345539669
1004	1012	109.14096426172384
1003	1012	102.36201906865065
1024	1002	1370.5270359458616
1002	1002	1357.6430279405204
1001	1012	110.38898165899494
1023	1012	293.95416388887094
1009	1012	103.94087553551535
=========================

Tempo:780018.0346666666
Destinazione	 NEXTHOP	 Costo
1000	1012	103.84847642160557
1022	1002	1371.4693228058416
1021	1022	9.198590295942068
1020	1012	302.16777555267214
1019	1012	308.1261854317274
1018	1022	9.558354349208006
1017	1012	300.1944532993497
1016	1012	308.8508666105986
1015	1022	9.918118402473944
1014	1012	310.0792399472029
1013	1012	314.63601288862145
1012	1012	2778.933745707529
1011	1012	309.0590616126236
1010	1012	307.43893034564866
1008	1012	307.93552510509716
1007	1012	113.26284347426491
1006	1012	102.18783471178884
1005	1012	309.2930345539669
1004	1012	109.14096426172384
1003	1012	102.36201906865065
1024	1002	1370.5270359458616
1002	1002	1357.6430279405204
1001	1012	110.38898165899494
1023	1012	293.95416388887094
1009	1012	103.94087553551535
=========================

Tempo:783008.0346666666
Destinazione	 NEXTHOP	 Costo
1000	1012	103.84847642160557
1022	1002	1371.4693228058416
1021	1022	9.198590295942068
1020	1012	302.16777555267214
1019	1012	308.1261854317274
1018	1022	9.558354349208006
1017	1012	300.1944532993497
1016	1012	308.8508666105986
1015	1022	9.918118402473944
1014	1012	310.0792399472029
1013	1012	314.63601288862145
1011	1012	309.0590616126236
1010	1012	307.43893034564866
1008	1012	307.93552510509716
1007	1012	113.26284347426491
1006	1012	102.18783471178884
1005	1012	309.2930345539669
1004	1012	109.14096426172384
1003	1012	102.36201906865065
1024	1002	1370.5270359458616
1002	1002	1357.6430279405204
1001	1012	110.38898165899494
1023	1012	293.95416388887094
1009	1012	103.94087553551535
=========================

Tempo:785018.0346666666
Destinazione	 NEXTHOP	 Costo
1000	1012	103.84847642160557
1022	1002	390.58249664641676
1021	1022	9.198590295942068
1020	1012	302.16777555267214
1019	1012	308.1261854317274
1018	1022	9.558354349208006
1017	1012	300.1944532993497
1016	1012	308.8508666105986
1015	1022	9.918118402473944
1014	1012	310.0792399472029
1013	1012	314.63601288862145
1012	1002	514.478907056056
1011	1012	309.0590616126236
1010	1012	307.43893034564866
1008	1012	307.93552510509716
1007	1012	113.26284347426491
1006	1012	102.18783471178884
1005	1012	309.2930345539669
1004	1012	109.14096426172384
1003	1012	102.36201906865065
1024	1002	389.64020978643657
1002	1002	376.75620178109546
1001	1012	110.38898165899494
1023	1012	293.95416388887094
1009	1012	103.94087553551535
=========================

Tempo:785018.0346666666
Destinazione	 NEXTHOP	 Costo
1000	1012	103.84847642160557
1022	1002	390.58249664641676
1021	1022	9.198590295942068
1020	1012	302.16777555267214
1019	1012	308.1261854317274
1018	1022	9.558354349208006
1017	1012	300.1944532993497
1016	1012	308.8508666105986
1015	1022	9.918118402473944
1014	1012	310.0792399472029
1013	1012	314.63601288862145
1012	1002	514.478907056056
1011	1012	309.0590616126236
1010	1012	307.43893034564866
1008	1012	307.93552510509716
1007	1012	113.26284347426491
1006	1012	102.18783471178884
1005	1012	309.2930345539669
1004	1012	109.14096426172384
1003	1012	102.36201906865065
1024	1002	389.64020978643657
1002	1002	376.75620178109546
1001	1012	110.38898165899494
1023	1012	293.95416388887094
1009	1012	103.94087553551535
=========================

Tempo:785018.0346666666
Destinazione	 NEXTHOP	 Costo
1000	1012	103.84847642160557
1022	1002	390.58249664641676
1021	1022	9.198590295942068
1020	1012	302.16777555267214
1019	1012	308.1261854317274
1018	1022	9.558354349208006
1017	1012	300.1944532993497
1016	1012	308.8508666105986
1015	1022	9.918118402473944
1014	1012	310.0792399472029
1013	1012	314.63601288862145
1012	1002	514.478907056056
1011	1012	309.0590616126236
1010	1012	307.43893034564866
1008	1012	307.93552510509716
1007	1012	113.26284347426491
1006	1012	102.18783471178884
1005	1012	309.2930345539669
1004	1012	109.14096426172384
1003	1012	102.36201906865065
1024	1024	3236.368312686831
1002	1002	376.75620178109546
1001	1012	110.38898165899494
1023	1012	293.95416388887094
1009	1012	103.94087553551535
=========================

Tempo:785018.0346666666
Destinazione	 NEXTHOP	 Costo
1000	1012	103.84847642160557
1022	1002	390.58249664641676
1021	1022	9.198590295942068
1020	1012	302.16777555267214
1019	1012	308.1261854317274
1018	1022	9.558354349208006
1017	1012	300.1944532993497
1016	1012	308.8508666105986
1015	1022	9.918118402473944
1014	1012	310.0792399472029
1013	1012	314.63601288862145
1012	1002	514.478907056056
1011	1012	309.0590616126236
1010	1012	307.43893034564866
1008	1012	307.93552510509716
1007	1012	113.26284347426491
1006	1012	102.18783471178884
1005	1012	309.2930345539669
1004	1012	109.14096426172384
1026	1026	1380.1431370845241
1003	1012	102.36201906865065
1024	1026	1406.6343574285531
1002	1002	376.75620178109546
1001	1012	110.38898165899494
1023	1012	293.95416388887094
1009	1012	103.94087553551535
=========================

Tempo:790018.0346666666
Destinazione	 NEXTHOP	 Costo
1000	1002	87.39247876545095
1022	1002	93.56581331773019
1021	1022	9.198590295942068
1020	1002	120.44399199517775
1019	1002	92.47983162358986
1018	1022	9.558354349208006
1017	1002	84.54809949121214
1016	1002	93.20451280246104
1015	1022	9.918118402473944
1014	1002	94.43288613906535
1013	1002	98.98965908048389
1012	1002	217.46222372736938
1011	1002	93.4127078044861
1010	1002	91.7925765375111
1008	1002	92.28917129695961
1007	1002	95.27401887388504
1006	1002	87.24558889947313
1005	1002	298.96980176803356
1004	1002	98.06833245368585
1026	1002	512.9347084128353
1003	1002	91.2893872606127
1024	1002	92.62352645775003
1002	1002	79.7395184524089
1001	1002	93.9329840028403
1023	1012	293.95416388887094
1009	1002	85.41629901282172
=========================

Tempo:790018.0346666666
Destinazione	 NEXTHOP	 Costo
1000	1002	87.39247876545095
1022	1002	93.56581331773019
1021	1022	9.198590295942068
1020	1002	120.44399199517775
1019	1002	92.47983162358986
1018	1022	9.558354349208006
1017	1002	84.54809949121214
1016	1002	93.20451280246104
1015	1022	9.918118402473944
1014	1002	94.43288613906535
1013	1002	98.98965908048389
1012	1002	217.46222372736938
1011	1002	93.4127078044861
1010	1002	91.7925765375111
1008	1002	92.28917129695961
1007	1002	95.27401887388504
1006	1002	87.24558889947313
1005	1002	298.96980176803356
1004	1002	98.06833245368585
1026	1002	512.9347084128353
1003	1002	91.2893872606127
1024	1002	92.62352645775003
1002	1002	79.7395184524089
1001	1002	93.9329840028403
1023	1012	293.95416388887094
1009	1002	85.41629901282172
=========================

Tempo:790018.0346666666
Destinazione	 NEXTHOP	 Costo
1000	1002	87.39247876545095
1022	1002	93.56581331773019
1021	1022	9.198590295942068
1020	1002	120.44399199517775
1019	1002	92.47983162358986
1018	1022	9.558354349208006
1017	1002	84.54809949121214
1016	1002	93.20451280246104
1015	1022	9.918118402473944
1014	1002	94.43288613906535
1013	1002	98.98965908048389
1012	1002	217.46222372736938
1011	1002	93.4127078044861
1010	1002	91.7925765375111
1008	1002	92.28917129695961
1007	1002	95.27401887388504
1006	1002	87.24558889947313
1005	1002	298.96980176803356
1004	1002	98.06833245368585
1026	1002	512.9347084128353
1003	1002	91.2893872606127
1024	1002	92.62352645775003
1002	1002	79.7395184524089
1001	1002	93.9329840028403
1023	1012	293.95416388887094
1009	1002	85.41629901282172
=========================

Tempo:790018.0346666666
Destinazione	 NEXTHOP	 Costo
1000	1002	87.39247876545095
1022	1002	93.56581331773019
1021	1022	9.198590295942068
1020	1002	120.44399199517775
1019	1002	92.47983162358986
1018	1022	9.558354349208006
1017	1002	84.54809949121214
1016	1002	93.20451280246104
1015	1022	9.918118402473944
1014	1002	94.43288613906535
1013	1002	98.98965908048389
1012	1002	217.46222372736938
1011	1002	93.4127078044861
1010	1002	91.7925765375111
1008	1002	92.28917129695961
1007	1002	95.27401887388504
1006	1002	87.24558889947313
1005	1002	298.96980176803356
1004	1002	98.06833245368585
1026	1002	512.9347084128353
1003	1002	91.2893872606127
1024	1024	2140.019700996492
1002	1002	79.7395184524089
1001	1002	93.9329840028403
1023	1012	293.95416388887094
1009	1002	85.41629901282172
=========================

Tempo:790018.0346666666
Destinazione	 NEXTHOP	 Costo
1000	1002	87.39247876545095
1022	1002	93.56581331773019
1021	1022	9.198590295942068
1020	1002	120.44399199517775
1019	1002	92.47983162358986
1018	1022	9.558354349208006
1017	1002	84.54809949121214
1016	1002	93.20451280246104
1015	1022	9.918118402473944
1014	1002	94.43288613906535
1013	1002	98.98965908048389
1012	1002	217.46222372736938
1011	1002	93.4127078044861
1010	1002	91.7925765375111
1008	1002	92.28917129695961
1007	1002	95.27401887388504
1006	1002	87.24558889947313
1005	1002	298.96980176803356
1004	1002	98.06833245368585
1026	1026	592.7535368338981
1003	1002	91.2893872606127
1024	1026	601.8613015891652
1002	1002	79.7395184524089
1001	1002	93.9329840028403
1023	1012	293.95416388887094
1009	1002	85.41629901282172
=========================

Tempo:795018.0346666666
Destinazione	 NEXTHOP	 Costo
1000	1002	10.59760059233519
1022	1002	16.770935144614437
1021	1022	9.198590295942068
1020	1002	43.649113822062
1019	1002	15.684953450474104
1018	1022	9.558354349208006
1017	1002	7.75322131809639
1016	1002	16.40963462934529
1015	1022	9.918118402473944
1014	1002	17.63800796594959
1013	1002	22.194780907368138
1012	1002	140.66734555425361
1011	1002	16.617829631370345
1010	1002	14.997698364395344
1008	1002	15.494293123843857
1007	1002	18.479140700769282
1006	1002	10.450710726357384
1005	1002	222.17492359491783
1004	1002	21.273454280570107
1026	1002	236.81822231188863
1003	1002	14.494509087496938
1024	1002	245.92598706715577
1002	1002	2.9446402792931488
1001	1002	17.138105829724548
1023	1012	293.95416388887094
1009	1002	8.621420839705973
=========================

Tempo:795018.0346666666
Destinazione	 NEXTHOP	 Costo
1000	1002	10.59760059233519
1022	1002	16.770935144614437
1021	1022	9.198590295942068
1020	1002	43.649113822062
1019	1002	15.684953450474104
1018	1022	9.558354349208006
1017	1002	7.75322131809639
1016	1002	16.40963462934529
1015	1015	1737.982396052007
1014	1002	17.63800796594959
1013	1002	22.194780907368138
1012	1002	140.66734555425361
1011	1002	16.617829631370345
1010	1002	14.997698364395344
1008	1002	15.494293123843857
1007	1002	18.479140700769282
1006	1002	10.450710726357384
1005	1002	222.17492359491783
1004	1002	21.273454280570107
1026	1002	236.81822231188863
1003	1002	14.494509087496938
1024	1002	245.92598706715577
1002	1002	2.9446402792931488
1001	1002	17.138105829724548
1023	1012	293.95416388887094
1009	1002	8.621420839705973
=========================

Tempo:795018.0346666666
Destinazione	 NEXTHOP	 Costo
1000	1002	10.59760059233519
1022	1002	16.770935144614437
1021	1022	9.198590295942068
1020	1002	43.649113822062
1019	1002	15.684953450474104
1018	1022	9.558354349208006
1017	1002	7.75322131809639
1016	1002	16.40963462934529
1015	1015	1737.982396052007
1014	1002	17.63800796594959
1013	1002	22.194780907368138
1012	1002	140.66734555425361
1011	1002	16.617829631370345
1010	1002	14.997698364395344
1008	1002	15.494293123843857
1007	1002	18.479140700769282
1006	1002	10.450710726357384
1005	1002	222.17492359491783
1004	1002	21.273454280570107
1026	1002	236.81822231188863
1003	1002	14.494509087496938
1024	1002	245.92598706715577
1002	1002	2.9446402792931488
1001	1002	17.138105829724548
1023	1012	293.95416388887094
1009	1002	8.621420839705973
=========================

Tempo:795018.0346666666
Destinazione	 NEXTHOP	 Costo
1000	1002	10.59760059233519
1022	1002	16.770935144614437
1021	1022	9.198590295942068
1020	1002	43.649113822062
1019	1002	15.684953450474104
1018	1022	9.558354349208006
1017	1002	7.75322131809639
1016	1002	16.40963462934529
1015	1024	1717.7961941780072
1014	1002	17.63800796594959
1013	1002	22.194780907368138
1012	1002	140.66734555425361
1011	1002	16.617829631370345
1010	1002	14.997698364395344
1008	1002	15.494293123843857
1007	1002	18.479140700769282
1006	1002	10.450710726357384
1005	1002	222.17492359491783
1004	1002	21.273454280570107
1026	1002	236.81822231188863
1003	1002	14.494509087496938
1024	1024	1633.6719236818724
1002	1002	2.9446402792931488
1001	1002	17.138105829724548
1023	1012	293.95416388887094
1009	1002	8.621420839705973
=========================

Tempo:795018.0346666666
Destinazione	 NEXTHOP	 Costo
1000	1002	10.59760059233519
1022	1002	16.770935144614437
1021	1022	9.198590295942068
1020	1002	43.649113822062
1019	1002	15.684953450474104
1018	1022	9.558354349208006
1017	1002	7.75322131809639
1016	1002	16.40963462934529
1015	1026	782.9065801744041
1014	1002	17.63800796594959
1013	1002	22.194780907368138
1012	1002	140.66734555425361
1011	1002	16.617829631370345
1010	1002	14.997698364395344
1008	1002	15.494293123843857
1007	1002	18.479140700769282
1006	1002	10.450710726357384
1005	1002	222.17492359491783
1004	1002	21.273454280570107
1026	1026	771.9120145166831
1003	1002	14.494509087496938
1024	1026	777.4979455819215
1002	1002	2.9446402792931488
1001	1002	17.138105829724548
1023	1012	293.95416388887094
1009	1002	8.621420839705973
=========================

Tempo:800018.0346666666
Destinazione	 NEXTHOP	 Costo
1000	1002	10.59760059233519
1022	1002	16.770935144614437
1021	1022	9.198590295942068
1020	1002	43.649113822062
1019	1002	15.684953450474104
1018	1022	9.558354349208006
1017	1002	7.75322131809639
1016	1002	16.40963462934529
1015	1002	260.44487645095444
1014	1002	17.63800796594959
1013	1002	22.194780907368138
1012	1002	140.66734555425361
1011	1002	16.617829631370345
1010	1002	14.997698364395344
1008	1002	15.494293123843857
1007	1002	18.479140700769282
1006	1002	10.450710726357384
1005	1002	222.17492359491783
1004	1002	21.273454280570107
1026	1002	249.45031079323346
1003	1002	14.494509087496938
1024	1002	255.03624185847178
1002	1002	24.642118526505815
1001	1002	17.138105829724548
1023	1012	293.95416388887094
1009	1002	8.621420839705973
=========================

Tempo:800018.0346666666
Destinazione	 NEXTHOP	 Costo
1000	1002	10.59760059233519
1022	1002	16.770935144614437
1021	1022	9.198590295942068
1020	1002	43.649113822062
1019	1002	15.684953450474104
1018	1022	9.558354349208006
1017	1002	7.75322131809639
1016	1002	16.40963462934529
1015	1015	1663.155222184571
1014	1002	17.63800796594959
1013	1002	22.194780907368138
1012	1002	140.66734555425361
1011	1002	16.617829631370345
1010	1002	14.997698364395344
1008	1002	15.494293123843857
1007	1002	18.479140700769282
1006	1002	10.450710726357384
1005	1002	222.17492359491783
1004	1002	21.273454280570107
1026	1002	249.45031079323346
1003	1002	14.494509087496938
1024	1002	255.03624185847178
1002	1002	24.642118526505815
1001	1002	17.138105829724548
1023	1012	293.95416388887094
1009	1002	8.621420839705973
=========================

Tempo:800018.0346666666
Destinazione	 NEXTHOP	 Costo
1000	1002	10.59760059233519
1022	1002	16.770935144614437
1021	1022	9.198590295942068
1020	1002	43.649113822062
1019	1002	15.684953450474104
1018	1022	9.558354349208006
1017	1002	7.75322131809639
1016	1002	16.40963462934529
1015	1015	1663.155222184571
1014	1002	17.63800796594959
1013	1002	22.194780907368138
1012	1002	140.66734555425361
1011	1002	16.617829631370345
1010	1002	14.997698364395344
1008	1002	15.494293123843857
1007	1002	18.479140700769282
1006	1002	10.450710726357384
1005	1002	222.17492359491783
1004	1002	21.273454280570107
1026	1002	249.45031079323346
1003	1002	14.494509087496938
1024	1002	255.03624185847178
1002	1002	24.642118526505815
1001	1002	17.138105829724548
1023	1012	293.95416388887094
1009	1002	8.621420839705973
=========================

Tempo:800018.0346666666
Destinazione	 NEXTHOP	 Costo
1000	1002	10.59760059233519
1022	1002	16.770935144614437
1021	1022	9.198590295942068
1020	1002	43.649113822062
1019	1002	15.684953450474104
1018	1022	9.558354349208006
1017	1002	7.75322131809639
1016	1002	16.40963462934529
1015	1015	1663.155222184571
1014	1002	17.63800796594959
1013	1002	22.194780907368138
1012	1002	140.66734555425361
1011	1002	16.617829631370345
1010	1002	14.997698364395344
1008	1002	15.494293123843857
1007	1002	18.479140700769282
1006	1002	10.450710726357384
1005	1002	222.17492359491783
1004	1002	21.273454280570107
1026	1002	249.45031079323346
1003	1002	14.494509087496938
1024	1024	1620.7813355051035
1002	1002	24.642118526505815
1001	1002	17.138105829724548
1023	1012	293.95416388887094
1009	1002	8.621420839705973
=========================

Tempo:800018.0346666666
Destinazione	 NEXTHOP	 Costo
1000	1002	10.59760059233519
1022	1002	16.770935144614437
1021	1022	9.198590295942068
1020	1002	43.649113822062
1019	1002	15.684953450474104
1018	1022	9.558354349208006
1017	1002	7.75322131809639
1016	1002	16.40963462934529
1015	1026	757.8148130821916
1014	1002	17.63800796594959
1013	1002	22.194780907368138
1012	1002	140.66734555425361
1011	1002	16.617829631370345
1010	1002	14.997698364395344
1008	1002	15.494293123843857
1007	1002	18.479140700769282
1006	1002	10.450710726357384
1005	1002	222.17492359491783
1004	1002	21.273454280570107
1026	1026	754.0491970814656
1003	1002	14.494509087496938
1024	1026	759.635128146704
1002	1002	24.642118526505815
1001	1002	17.138105829724548
1023	1012	293.95416388887094
1009	1002	8.621420839705973
=========================

Tempo:805018.0346666666
Destinazione	 NEXTHOP	 Costo
1000	1002	10.59760059233519
1022	1002	16.770935144614437
1021	1022	9.198590295942068
1020	1002	43.649113822062
1019	1002	15.684953450474104
1018	1022	9.558354349208006
1017	1002	7.75322131809639
1016	1002	16.40963462934529
1015	1002	264.4046333688103
1014	1002	17.63800796594959
1013	1002	22.194780907368138
1012	1002	140.66734555425361
1011	1002	16.617829631370345
1010	1002	14.997698364395344
1008	1002	15.494293123843857
1007	1002	18.479140700769282
1006	1002	10.450710726357384
1005	1002	222.17492359491783
1004	1002	21.273454280570107
1026	1002	260.63901736808435
1003	1002	14.494509087496938
1024	1002	266.22494843332265
1002	1002	109.19731278121542
1001	1002	17.138105829724548
1023	1012	293.95416388887094
1009	1002	8.621420839705973
=========================

Tempo:805018.0346666666
Destinazione	 NEXTHOP	 Costo
1000	1002	10.59760059233519
1022	1002	16.770935144614437
1021	1022	9.198590295942068
1020	1002	43.649113822062
1019	1002	15.684953450474104
1018	1022	9.558354349208006
1017	1002	7.75322131809639
1016	1002	16.40963462934529
1015	1002	264.4046333688103
1014	1002	17.63800796594959
1013	1002	22.194780907368138
1012	1002	140.66734555425361
1011	1002	16.617829631370345
1010	1002	14.997698364395344
1008	1002	15.494293123843857
1007	1002	18.479140700769282
1006	1002	10.450710726357384
1005	1002	222.17492359491783
1004	1002	21.273454280570107
1026	1002	260.63901736808435
1003	1002	14.494509087496938
1024	1002	266.22494843332265
1002	1002	109.19731278121542
1001	1002	17.138105829724548
1023	1012	293.95416388887094
1009	1002	8.621420839705973
=========================

Tempo:805018.0346666666
Destinazione	 NEXTHOP	 Costo
1000	1002	10.59760059233519
1022	1002	16.770935144614437
1021	1022	9.198590295942068
1020	1002	43.649113822062
1019	1002	15.684953450474104
1018	1022	9.558354349208006
1017	1002	7.75322131809639
1016	1002	16.40963462934529
1015	1002	264.4046333688103
1014	1002	17.63800796594959
1013	1002	22.194780907368138
1012	1002	140.66734555425361
1011	1002	16.617829631370345
1010	1002	14.997698364395344
1008	1002	15.494293123843857
1007	1002	18.479140700769282
1006	1002	10.450710726357384
1005	1002	222.17492359491783
1004	1002	21.273454280570107
1026	1002	260.63901736808435
1003	1002	14.494509087496938
1024	1002	266.22494843332265
1002	1002	109.19731278121542
1001	1002	17.138105829724548
1023	1012	293.95416388887094
1009	1002	8.621420839705973
=========================

Tempo:805018.0346666666
Destinazione	 NEXTHOP	 Costo
1000	1002	10.59760059233519
1022	1002	16.770935144614437
1021	1022	9.198590295942068
1020	1002	43.649113822062
1019	1002	15.684953450474104
1018	1022	9.558354349208006
1017	1002	7.75322131809639
1016	1002	16.40963462934529
1015	1002	264.4046333688103
1014	1002	17.63800796594959
1013	1002	22.194780907368138
1012	1002	140.66734555425361
1011	1002	16.617829631370345
1010	1002	14.997698364395344
1008	1002	15.494293123843857
1007	1002	18.479140700769282
1006	1002	10.450710726357384
1005	1002	222.17492359491783
1004	1002	21.273454280570107
1026	1026	592.0730417885443
1003	1002	14.494509087496938
1024	1002	266.22494843332265
1002	1002	109.19731278121542
1001	1002	17.138105829724548
1023	1012	293.95416388887094
1009	1002	8.621420839705973
=========================

Tempo:810018.0346666666
Destinazione	 NEXTHOP	 Costo
1000	1002	10.59760059233519
1022	1002	16.770935144614437
1021	1022	9.198590295942068
1020	1002	43.649113822062
1019	1002	15.684953450474104
1018	1022	9.558354349208006
1017	1002	7.75322131809639
1016	1002	16.40963462934529
1015	1002	190.79622369599556
1014	1002	17.63800796594959
1013	1002	22.194780907368138
1012	1002	140.66734555425361
1011	1002	16.617829631370345
1010	1002	14.997698364395344
1008	1002	15.494293123843857
1007	1002	18.479140700769282
1006	1002	10.450710726357384
1005	1002	222.17492359491783
1004	1002	21.273454280570107
1026	1002	187.52639280473733
1003	1002	14.494509087496938
1024	1002	193.11232386997568
1002	1002	126.91731523108356
1001	1002	17.138105829724548
1023	1012	293.95416388887094
1009	1002	8.621420839705973
=========================

Tempo:810018.0346666666
Destinazione	 NEXTHOP	 Costo
1000	1002	10.59760059233519
1022	1002	16.770935144614437
1021	1022	9.198590295942068
1020	1002	43.649113822062
1019	1002	15.684953450474104
1018	1022	9.558354349208006
1017	1002	7.75322131809639
1016	1002	16.40963462934529
1015	1002	190.79622369599556
1014	1002	17.63800796594959
1013	1002	22.194780907368138
1012	1002	140.66734555425361
1011	1002	16.617829631370345
1010	1002	14.997698364395344
1008	1002	15.494293123843857
1007	1002	18.479140700769282
1006	1002	10.450710726357384
1005	1002	222.17492359491783
1004	1002	21.273454280570107
1026	1026	185.98433873397803
1003	1002	14.494509087496938
1024	1026	191.57026979921636
1002	1002	126.91731523108356
1001	1002	17.138105829724548
1023	1012	293.95416388887094
1009	1002	8.621420839705973
=========================

Tempo:810018.0346666666
Destinazione	 NEXTHOP	 Costo
1000	1002	10.59760059233519
1022	1002	16.770935144614437
1021	1022	9.198590295942068
1020	1002	43.649113822062
1019	1002	15.684953450474104
1018	1022	9.558354349208006
1017	1002	7.75322131809639
1016	1002	16.40963462934529
1015	1002	190.79622369599556
1014	1002	17.63800796594959
1013	1002	22.194780907368138
1012	1002	140.66734555425361
1011	1002	16.617829631370345
1010	1002	14.997698364395344
1008	1002	15.494293123843857
1007	1002	18.479140700769282
1006	1002	10.450710726357384
1005	1002	222.17492359491783
1004	1002	21.273454280570107
1026	1026	185.98433873397803
1003	1002	14.494509087496938
1024	1026	191.57026979921636
1002	1002	126.91731523108356
1001	1002	17.138105829724548
1023	1012	293.95416388887094
1009	1002	8.621420839705973
=========================

Tempo:815018.0346666666
Destinazione	 NEXTHOP	 Costo
1000	1002	10.59760059233519
1022	1002	16.770935144614437
1021	1022	9.198590295942068
1020	1002	43.649113822062
1019	1002	15.684953450474104
1018	1022	9.558354349208006
1017	1002	7.75322131809639
1016	1002	16.40963462934529
1015	1002	183.79145654652075
1014	1002	17.63800796594959
1013	1002	22.194780907368138
1012	1002	140.66734555425361
1011	1002	16.617829631370345
1010	1002	14.997698364395344
1008	1002	15.494293123843857
1007	1002	18.479140700769282
1006	1002	10.450710726357384
1005	1002	222.17492359491783
1004	1002	21.273454280570107
1026	1002	121.98938069987244
1003	1002	14.494509087496938
1024	1002	127.57531176511078
1002	1002	119.91254808160873
1001	1002	17.138105829724548
1023	1012	293.95416388887094
1009	1002	8.621420839705973
=========================

Tempo:815018.0346666666
Destinazione	 NEXTHOP	 Costo
1000	1002	10.59760059233519
1022	1002	16.770935144614437
1021	1022	9.198590295942068
1020	1002	43.649113822062
1019	1002	15.684953450474104
1018	1022	9.558354349208006
1017	1002	7.75322131809639
1016	1002	16.40963462934529
1015	1026	70.87136061472204
1014	1002	17.63800796594959
1013	1002	22.194780907368138
1012	1002	140.66734555425361
1011	1002	16.617829631370345
1010	1002	14.997698364395344
1008	1002	15.494293123843857
1007	1002	18.479140700769282
1006	1002	10.450710726357384
1005	1002	222.17492359491783
1004	1002	21.273454280570107
1026	1026	6.098194152961608
1003	1002	14.494509087496938
1024	1026	11.684125218199949
1002	1026	6.9924521498100205
1001	1002	17.138105829724548
1023	1026	233.1122719088709
1009	1002	8.621420839705973
=========================

Tempo:815018.0346666666
Destinazione	 NEXTHOP	 Costo
1000	1002	10.59760059233519
1022	1002	16.770935144614437
1021	1022	9.198590295942068
1020	1002	43.649113822062
1019	1002	15.684953450474104
1018	1022	9.558354349208006
1017	1002	7.75322131809639
1016	1002	16.40963462934529
1015	1026	70.87136061472204
1014	1002	17.63800796594959
1013	1002	22.194780907368138
1012	1002	140.66734555425361
1011	1002	16.617829631370345
1010	1002	14.997698364395344
1008	1002	15.494293123843857
1007	1002	18.479140700769282
1006	1002	10.450710726357384
1005	1002	222.17492359491783
1027	1027	789.1284775317371
1004	1002	21.273454280570107
1026	1026	6.098194152961608
1003	1002	14.494509087496938
1024	1026	11.684125218199949
1002	1026	6.9924521498100205
1001	1002	17.138105829724548
1023	1026	233.1122719088709
1009	1002	8.621420839705973
=========================

Tempo:820018.0346666666
Destinazione	 NEXTHOP	 Costo
1000	1002	10.59760059233519
1022	1002	16.770935144614437
1021	1022	9.198590295942068
1020	1002	43.649113822062
1019	1002	15.684953450474104
1018	1022	9.558354349208006
1017	1002	7.75322131809639
1016	1002	16.40963462934529
1015	1026	70.87136061472204
1014	1002	17.63800796594959
1013	1002	22.194780907368138
1012	1002	140.66734555425361
1011	1002	16.617829631370345
1010	1002	14.997698364395344
1008	1002	15.494293123843857
1007	1002	18.479140700769282
1006	1002	10.450710726357384
1005	1002	222.17492359491783
1027	1002	328.10288455620906
1004	1002	21.273454280570107
1026	1026	6.098194152961608
1003	1002	14.494509087496938
1024	1026	11.684125218199949
1002	1002	95.80003833467404
1001	1002	17.138105829724548
1023	1026	233.1122719088709
1009	1002	8.621420839705973
=========================

Tempo:820018.0346666666
Destinazione	 NEXTHOP	 Costo
1000	1002	10.59760059233519
1022	1002	16.770935144614437
1021	1022	9.198590295942068
1020	1002	43.649113822062
1019	1002	15.684953450474104
1018	1022	9.558354349208006
1017	1002	7.75322131809639
1016	1002	16.40963462934529
1015	1026	70.87136061472204
1014	1002	17.63800796594959
1013	1002	22.194780907368138
1012	1002	140.66734555425361
1011	1002	16.617829631370345
1010	1002	14.997698364395344
1008	1002	15.494293123843857
1007	1002	18.479140700769282
1006	1002	10.450710726357384
1005	1002	222.17492359491783
1027	1026	79.72374700772909
1004	1002	21.273454280570107
1026	1026	64.63093398478087
1003	1002	14.494509087496938
1024	1026	11.684125218199949
1002	1026	71.06236493764452
1001	1002	17.138105829724548
1023	1026	233.1122719088709
1009	1002	8.621420839705973
=========================

Tempo:820018.0346666666
Destinazione	 NEXTHOP	 Costo
1000	1002	10.59760059233519
1022	1002	16.770935144614437
1021	1022	9.198590295942068
1020	1002	43.649113822062
1019	1002	15.684953450474104
1018	1022	9.558354349208006
1017	1002	7.75322131809639
1016	1002	16.40963462934529
1015	1026	70.87136061472204
1014	1002	17.63800796594959
1013	1002	22.194780907368138
1012	1002	140.66734555425361
1011	1002	16.617829631370345
1010	1002	14.997698364395344
1008	1002	15.494293123843857
1007	1002	18.479140700769282
1006	1002	10.450710726357384
1005	1002	222.17492359491783
1027	1027	150.98529910339926
1004	1002	21.273454280570107
1026	1026	64.63093398478087
1003	1002	14.494509087496938
1024	1026	11.684125218199949
1002	1026	71.06236493764452
1001	1002	17.138105829724548
1023	1026	233.1122719088709
1009	1002	8.621420839705973
=========================

Tempo:825018.0346666666
Destinazione	 NEXTHOP	 Costo
1000	1002	10.59760059233519
1022	1002	16.770935144614437
1021	1022	9.198590295942068
1020	1002	43.649113822062
1019	1002	15.684953450474104
1018	1022	9.558354349208006
1017	1002	7.75322131809639
1016	1002	16.40963462934529
1015	1026	70.87136061472204
1014	1002	17.63800796594959
1013	1002	22.194780907368138
1012	1002	140.66734555425361
1011	1002	16.617829631370345
1010	1002	14.997698364395344
1008	1002	15.494293123843857
1007	1002	18.479140700769282
1006	1002	10.450710726357384
1005	1002	222.17492359491783
1027	1002	52.15305516900199
1004	1002	21.273454280570107
1026	1002	53.56964086497121
1003	1002	14.494509087496938
1024	1026	11.684125218199949
1002	1002	18.96190183970431
1001	1002	17.138105829724548
1023	1026	233.1122719088709
1009	1002	8.621420839705973
=========================

Tempo:825018.0346666666
Destinazione	 NEXTHOP	 Costo
1000	1002	10.59760059233519
1022	1002	16.770935144614437
1021	1022	9.198590295942068
1020	1002	43.649113822062
1019	1002	15.684953450474104
1018	1022	9.558354349208006
1017	1002	7.75322131809639
1016	1002	16.40963462934529
1015	1015	1098.219775566003
1014	1002	17.63800796594959
1013	1002	22.194780907368138
1012	1002	140.66734555425361
1011	1002	16.617829631370345
1010	1002	14.997698364395344
1008	1002	15.494293123843857
1007	1002	18.479140700769282
1006	1002	10.450710726357384
1005	1002	222.17492359491783
1027	1002	52.15305516900199
1004	1002	21.273454280570107
1026	1002	53.56964086497121
1003	1002	14.494509087496938
1024	1026	11.684125218199949
1002	1002	18.96190183970431
1001	1002	17.138105829724548
1023	1026	233.1122719088709
1009	1002	8.621420839705973
=========================

Tempo:825018.0346666666
Destinazione	 NEXTHOP	 Costo
1000	1002	10.59760059233519
1022	1002	16.770935144614437
1021	1022	9.198590295942068
1020	1002	43.649113822062
1019	1002	15.684953450474104
1018	1022	9.558354349208006
1017	1002	7.75322131809639
1016	1002	16.40963462934529
1015	1026	374.8507080493312
1014	1002	17.63800796594959
1013	1002	22.194780907368138
1012	1002	140.66734555425361
1011	1002	16.617829631370345
1010	1002	14.997698364395344
1008	1002	15.494293123843857
1007	1002	18.479140700769282
1006	1002	10.450710726357384
1005	1002	222.17492359491783
1027	1002	52.15305516900199
1004	1002	21.273454280570107
1026	1026	310.0775415875708
1003	1002	14.494509087496938
1024	1026	11.684125218199949
1002	1002	18.96190183970431
1001	1002	17.138105829724548
1023	1026	233.1122719088709
1009	1002	8.621420839705973
=========================

Tempo:825018.0346666666
Destinazione	 NEXTHOP	 Costo
1000	1002	10.59760059233519
1022	1002	16.770935144614437
1021	1022	9.198590295942068
1020	1002	43.649113822062
1019	1002	15.684953450474104
1018	1022	9.558354349208006
1017	1002	7.75322131809639
1016	1002	16.40963462934529
1015	1026	374.8507080493312
1014	1002	17.63800796594959
1013	1002	22.194780907368138
1012	1002	140.66734555425361
1011	1002	16.617829631370345
1010	1002	14.997698364395344
1008	1002	15.494293123843857
1007	1002	18.479140700769282
1006	1002	10.450710726357384
1005	1002	222.17492359491783
1027	1027	17.721669336143744
1004	1002	21.273454280570107
1026	1026	310.0775415875708
1003	1002	14.494509087496938
1024	1026	11.684125218199949
1002	1027	17.86461595845864
1001	1002	17.138105829724548
1023	1026	233.1122719088709
1009	1002	8.621420839705973
=========================

Tempo:830018.0346666666
Destinazione	 NEXTHOP	 Costo
1000	1002	10.59760059233519
1022	1002	16.770935144614437
1021	1022	9.198590295942068
1020	1002	43.649113822062
1019	1002	15.684953450474104
1018	1022	9.558354349208006
1017	1002	7.75322131809639
1016	1002	16.40963462934529
1015	1002	258.76085686480985
1014	1002	17.63800796594959
1013	1002	22.194780907368138
1012	1002	140.66734555425361
1011	1002	16.617829631370345
1010	1002	14.997698364395344
1008	1002	15.494293123843857
1007	1002	18.479140700769282
1006	1002	10.450710726357384
1005	1002	222.17492359491783
1027	1002	8.990212347295913
1004	1002	21.273454280570107
1026	1002	193.9876904030494
1003	1002	14.494509087496938
1024	1026	11.684125218199949
1002	1002	8.976875083262309
1001	1002	17.138105829724548
1023	1026	233.1122719088709
1009	1002	8.621420839705973
=========================

Tempo:830018.0346666666
Destinazione	 NEXTHOP	 Costo
1000	1002	10.59760059233519
1022	1002	16.770935144614437
1021	1022	9.198590295942068
1020	1002	43.649113822062
1019	1002	15.684953450474104
1018	1022	9.558354349208006
1017	1002	7.75322131809639
1016	1002	16.40963462934529
1015	1015	557.5285190530129
1014	1002	17.63800796594959
1013	1002	22.194780907368138
1012	1002	140.66734555425361
1011	1002	16.617829631370345
1010	1002	14.997698364395344
1008	1002	15.494293123843857
1007	1002	18.479140700769282
1006	1002	10.450710726357384
1005	1002	222.17492359491783
1027	1002	8.990212347295913
1004	1002	21.273454280570107
1026	1002	193.9876904030494
1003	1002	14.494509087496938
1024	1026	11.684125218199949
1002	1002	8.976875083262309
1001	1002	17.138105829724548
1023	1026	233.1122719088709
1009	1002	8.621420839705973
=========================

Tempo:830018.0346666666
Destinazione	 NEXTHOP	 Costo
1000	1002	10.59760059233519
1022	1002	16.770935144614437
1021	1022	9.198590295942068
1020	1002	43.649113822062
1019	1002	15.684953450474104
1018	1022	9.558354349208006
1017	1002	7.75322131809639
1016	1002	16.40963462934529
1015	1026	534.5260057357764
1014	1002	17.63800796594959
1013	1002	22.194780907368138
1012	1002	140.66734555425361
1011	1002	16.617829631370345
1010	1002	14.997698364395344
1008	1002	15.494293123843857
1007	1002	18.479140700769282
1006	1002	10.450710726357384
1005	1002	222.17492359491783
1027	1002	8.990212347295913
1004	1002	21.273454280570107
1026	1026	492.5521405616169
1003	1002	14.494509087496938
1024	1026	11.684125218199949
1002	1002	8.976875083262309
1001	1002	17.138105829724548
1023	1026	233.1122719088709
1009	1002	8.621420839705973
=========================

Tempo:830018.0346666666
Destinazione	 NEXTHOP	 Costo
1000	1027	7.837384970065926
1022	1027	14.010719522345173
1021	1022	9.198590295942068
1020	1027	40.888898199792735
1019	1027	12.92473782820484
1018	1027	8.004745985474283
1017	1027	4.993005695827126
1016	1027	13.649419007076027
1015	1026	534.5260057357764
1014	1027	14.877792343680325
1013	1027	19.434565285098873
1012	1027	136.26836397284788
1011	1027	13.85761400910108
1010	1027	12.23748274212608
1008	1027	12.734077501574593
1007	1027	15.718925078500016
1006	1027	7.690495104088121
1005	1027	219.41470797264859
1027	1027	0.041478034708989954
1004	1027	18.513238658300843
1026	1026	492.5521405616169
1003	1027	11.734293465227674
1024	1027	6.642170667160608
1002	1002	8.976875083262309
1001	1027	14.377890207455284
1023	1027	228.07031735783156
1009	1027	5.8612052174367095
=========================

Tempo:835018.0346666666
Destinazione	 NEXTHOP	 Costo
1000	1027	7.837384970065926
1022	1027	14.010719522345173
1021	1022	9.198590295942068
1020	1027	40.888898199792735
1019	1027	12.92473782820484
1018	1027	8.004745985474283
1017	1027	4.993005695827126
1016	1027	13.649419007076027
1015	1026	534.5260057357764
1014	1027	14.877792343680325
1013	1027	19.434565285098873
1012	1027	136.26836397284788
1011	1027	13.85761400910108
1010	1027	12.23748274212608
1008	1027	12.734077501574593
1007	1027	15.718925078500016
1006	1027	7.690495104088121
1005	1027	219.41470797264859
1027	1027	0.041478034708989954
1004	1027	18.513238658300843
1026	1026	492.5521405616169
1003	1027	11.734293465227674
1024	1027	6.642170667160608
1002	1002	585.3580258132682
1001	1027	14.377890207455284
1023	1027	228.07031735783156
1009	1027	5.8612052174367095
=========================

Tempo:835018.0346666666
Destinazione	 NEXTHOP	 Costo
1000	1027	7.837384970065926
1022	1027	14.010719522345173
1021	1022	9.198590295942068
1020	1027	40.888898199792735
1019	1027	12.92473782820484
1018	1027	8.004745985474283
1017	1027	4.993005695827126
1016	1027	13.649419007076027
1015	1015	1024.2367417892792
1014	1027	14.877792343680325
1013	1027	19.434565285098873
1012	1027	136.26836397284788
1011	1027	13.85761400910108
1010	1027	12.23748274212608
1008	1027	12.734077501574593
1007	1027	15.718925078500016
1006	1027	7.690495104088121
1005	1027	219.41470797264859
1027	1027	0.041478034708989954
1004	1027	18.513238658300843
1026	1026	492.5521405616169
1003	1027	11.734293465227674
1024	1027	6.642170667160608
1002	1002	585.3580258132682
1001	1027	14.377890207455284
1023	1027	228.07031735783156
1009	1027	5.8612052174367095
=========================

Tempo:835018.0346666666
Destinazione	 NEXTHOP	 Costo
1000	1027	7.837384970065926
1022	1027	14.010719522345173
1021	1022	9.198590295942068
1020	1027	40.888898199792735
1019	1027	12.92473782820484
1018	1027	8.004745985474283
1017	1027	4.993005695827126
1016	1027	13.649419007076027
1015	1026	929.8878481898813
1014	1027	14.877792343680325
1013	1027	19.434565285098873
1012	1027	136.26836397284788
1011	1027	13.85761400910108
1010	1027	12.23748274212608
1008	1027	12.734077501574593
1007	1027	15.718925078500016
1006	1027	7.690495104088121
1005	1027	219.41470797264859
1027	1027	0.041478034708989954
1004	1027	18.513238658300843
1026	1026	895.1150783715196
1003	1027	11.734293465227674
1024	1027	6.642170667160608
1002	1002	585.3580258132682
1001	1027	14.377890207455284
1023	1027	228.07031735783156
1009	1027	5.8612052174367095
=========================

Tempo:835018.0346666666
Destinazione	 NEXTHOP	 Costo
1000	1027	7.837384970065926
1022	1027	14.010719522345173
1021	1022	9.198590295942068
1020	1027	40.888898199792735
1019	1027	12.92473782820484
1018	1027	8.004745985474283
1017	1027	4.993005695827126
1016	1027	13.649419007076027
1015	1026	929.8878481898813
1014	1027	14.877792343680325
1013	1027	19.434565285098873
1012	1027	136.26836397284788
1011	1027	13.85761400910108
1010	1027	12.23748274212608
1008	1027	12.734077501574593
1007	1027	15.718925078500016
1006	1027	7.690495104088121
1005	1027	219.41470797264859
1027	1027	61.37964449246989
1004	1027	18.513238658300843
1026	1026	895.1150783715196
1003	1027	11.734293465227674
1024	1027	6.642170667160608
1002	1002	585.3580258132682
1001	1027	14.377890207455284
1023	1027	228.07031735783156
1009	1027	5.8612052174367095
=========================

Tempo:840018.0346666666
Destinazione	 NEXTHOP	 Costo
1000	1027	7.837384970065926
1022	1027	14.010719522345173
1021	1022	9.198590295942068
1020	1027	40.888898199792735
1019	1027	12.92473782820484
1018	1027	8.004745985474283
1017	1027	4.993005695827126
1016	1027	13.649419007076027
1015	1026	929.8878481898813
1014	1027	14.877792343680325
1013	1027	19.434565285098873
1012	1027	136.26836397284788
1011	1027	13.85761400910108
1010	1027	12.23748274212608
1008	1027	12.734077501574593
1007	1027	15.718925078500016
1006	1027	7.690495104088121
1005	1027	219.41470797264859
1027	1027	61.37964449246989
1004	1027	18.513238658300843
1026	1026	895.1150783715196
1003	1027	11.734293465227674
1024	1027	6.642170667160608
1002	1002	1506.0931287504181
1001	1027	14.377890207455284
1023	1027	228.07031735783156
1009	1027	5.8612052174367095
=========================

Tempo:840018.0346666666
Destinazione	 NEXTHOP	 Costo
1000	1027	7.837384970065926
1022	1027	14.010719522345173
1021	1022	9.198590295942068
1020	1027	40.888898199792735
1019	1027	12.92473782820484
1018	1027	8.004745985474283
1017	1027	4.993005695827126
1016	1027	13.649419007076027
1015	1015	959.1930643910979
1014	1027	14.877792343680325
1013	1027	19.434565285098873
1012	1027	136.26836397284788
1011	1027	13.85761400910108
1010	1027	12.23748274212608
1008	1027	12.734077501574593
1007	1027	15.718925078500016
1006	1027	7.690495104088121
1005	1027	219.41470797264859
1027	1027	61.37964449246989
1004	1027	18.513238658300843
1026	1026	895.1150783715196
1003	1027	11.734293465227674
1024	1027	6.642170667160608
1002	1002	1506.0931287504181
1001	1027	14.377890207455284
1023	1027	228.07031735783156
1009	1027	5.8612052174367095
=========================

Tempo:840018.0346666666
Destinazione	 NEXTHOP	 Costo
1000	1027	7.837384970065926
1022	1027	14.010719522345173
1021	1022	9.198590295942068
1020	1027	40.888898199792735
1019	1027	12.92473782820484
1018	1027	8.004745985474283
1017	1027	4.993005695827126
1016	1027	13.649419007076027
1015	1015	959.1930643910979
1014	1027	14.877792343680325
1013	1027	19.434565285098873
1012	1027	136.26836397284788
1011	1027	13.85761400910108
1010	1027	12.23748274212608
1008	1027	12.734077501574593
1007	1027	15.718925078500016
1006	1027	7.690495104088121
1005	1027	219.41470797264859
1027	1027	61.37964449246989
1004	1027	18.513238658300843
1026	1026	1108.1976931574025
1003	1027	11.734293465227674
1024	1027	6.642170667160608
1002	1026	1127.146950503251
1001	1027	14.377890207455284
1023	1027	228.07031735783156
1009	1027	5.8612052174367095
=========================

Tempo:840018.0346666666
Destinazione	 NEXTHOP	 Costo
1000	1027	7.837384970065926
1022	1027	14.010719522345173
1021	1022	9.198590295942068
1020	1027	40.888898199792735
1019	1027	12.92473782820484
1018	1027	8.004745985474283
1017	1027	4.993005695827126
1016	1027	13.649419007076027
1015	1027	752.2651168383128
1014	1027	14.877792343680325
1013	1027	19.434565285098873
1012	1027	136.26836397284788
1011	1027	13.85761400910108
1010	1027	12.23748274212608
1008	1027	12.734077501574593
1007	1027	15.718925078500016
1006	1027	7.690495104088121
1005	1027	219.41470797264859
1027	1027	708.6660067271297
1004	1027	18.513238658300843
1026	1026	1108.1976931574025
1003	1027	11.734293465227674
1024	1027	6.642170667160608
1002	1026	1127.146950503251
1001	1027	14.377890207455284
1023	1027	228.07031735783156
1009	1027	5.8612052174367095
=========================

Tempo:840018.0346666666
Destinazione	 NEXTHOP	 Costo
1000	1027	7.837384970065926
1022	1027	14.010719522345173
1021	1022	9.198590295942068
1020	1027	40.888898199792735
1019	1027	12.92473782820484
1018	1027	8.004745985474283
1017	1027	4.993005695827126
1016	1027	13.649419007076027
1015	1027	752.2651168383128
1014	1027	14.877792343680325
1013	1027	19.434565285098873
1012	1027	136.26836397284788
1011	1027	13.85761400910108
1010	1027	12.23748274212608
1008	1027	12.734077501574593
1007	1027	15.718925078500016
1006	1027	7.690495104088121
1028	1028	2022.5777191567056
1005	1027	219.41470797264859
1027	1027	708.6660067271297
1004	1027	18.513238658300843
1026	1026	1108.1976931574025
1003	1027	11.734293465227674
1024	1027	6.642170667160608
1002	1026	1127.146950503251
1001	1027	14.377890207455284
1023	1027	228.07031735783156
1009	1027	5.8612052174367095
=========================

Tempo:843008.0346666666
Destinazione	 NEXTHOP	 Costo
1000	1027	7.837384970065926
1022	1027	14.010719522345173
1021	1022	9.198590295942068
1020	1027	40.888898199792735
1019	1027	12.92473782820484
1018	1027	8.004745985474283
1017	1027	4.993005695827126
1016	1027	13.649419007076027
1015	1027	752.2651168383128
1014	1027	14.877792343680325
1013	1027	19.434565285098873
1012	1027	136.26836397284788
1011	1027	13.85761400910108
1010	1027	12.23748274212608
1008	1027	12.734077501574593
1007	1027	15.718925078500016
1006	1027	7.690495104088121
1028	1028	2022.5777191567056
1005	1027	219.41470797264859
1027	1027	708.6660067271297
1004	1027	18.513238658300843
1026	1026	1108.1976931574025
1003	1027	11.734293465227674
1024	1027	6.642170667160608
1001	1027	14.377890207455284
1023	1027	228.07031735783156
1009	1027	5.8612052174367095
=========================

Tempo:845018.0346666666
Destinazione	 NEXTHOP	 Costo
1000	1027	7.837384970065926
1022	1027	14.010719522345173
1021	1022	9.198590295942068
1020	1027	40.888898199792735
1019	1027	12.92473782820484
1018	1027	8.004745985474283
1017	1027	4.993005695827126
1016	1027	13.649419007076027
1015	1015	702.6634607812988
1014	1027	14.877792343680325
1013	1027	19.434565285098873
1012	1027	136.26836397284788
1011	1027	13.85761400910108
1010	1027	12.23748274212608
1008	1027	12.734077501574593
1007	1027	15.718925078500016
1006	1027	7.690495104088121
1028	1028	2022.5777191567056
1005	1027	219.41470797264859
1027	1027	708.6660067271297
1004	1027	18.513238658300843
1026	1026	1108.1976931574025
1003	1027	11.734293465227674
1024	1027	6.642170667160608
1002	1015	1503.5155844178873
1001	1027	14.377890207455284
1023	1027	228.07031735783156
1009	1027	5.8612052174367095
=========================

Tempo:845018.0346666666
Destinazione	 NEXTHOP	 Costo
1000	1027	7.837384970065926
1022	1027	14.010719522345173
1021	1022	9.198590295942068
1020	1027	40.888898199792735
1019	1027	12.92473782820484
1018	1027	8.004745985474283
1017	1027	4.993005695827126
1016	1027	13.649419007076027
1015	1015	702.6634607812988
1014	1027	14.877792343680325
1013	1027	19.434565285098873
1012	1027	136.26836397284788
1011	1027	13.85761400910108
1010	1027	12.23748274212608
1008	1027	12.734077501574593
1007	1027	15.718925078500016
1006	1027	7.690495104088121
1028	1028	2022.5777191567056
1005	1027	219.41470797264859
1027	1027	708.6660067271297
1004	1027	18.513238658300843
1026	1026	1647.4782920831092
1003	1027	11.734293465227674
1024	1027	6.642170667160608
1002	1015	1503.5155844178873
1001	1027	14.377890207455284
1023	1027	228.07031735783156
1009	1027	5.8612052174367095
=========================

Tempo:845018.0346666666
Destinazione	 NEXTHOP	 Costo
1000	1027	7.837384970065926
1022	1027	14.010719522345173
1021	1022	9.198590295942068
1020	1027	40.888898199792735
1019	1027	12.92473782820484
1018	1027	8.004745985474283
1017	1027	4.993005695827126
1016	1027	13.649419007076027
1015	1015	702.6634607812988
1014	1027	14.877792343680325
1013	1027	19.434565285098873
1012	1027	136.26836397284788
1011	1027	13.85761400910108
1010	1027	12.23748274212608
1008	1027	12.734077501574593
1007	1027	15.718925078500016
1006	1027	7.690495104088121
1028	1028	2022.5777191567056
1005	1027	219.41470797264859
1027	1027	1306.001421630533
1004	1027	18.513238658300843
1026	1026	1647.4782920831092
1003	1027	11.734293465227674
1024	1027	6.642170667160608
1002	1015	1503.5155844178873
1001	1027	14.377890207455284
1023	1027	228.07031735783156
1009	1027	5.8612052174367095
=========================

Tempo:845018.0346666666
Destinazione	 NEXTHOP	 Costo
1000	1027	7.837384970065926
1022	1027	14.010719522345173
1021	1022	9.198590295942068
1020	1027	40.888898199792735
1019	1027	12.92473782820484
1018	1027	8.004745985474283
1017	1027	4.993005695827126
1016	1027	13.649419007076027
1015	1028	60.012208690521895
1014	1027	14.877792343680325
1013	1027	19.434565285098873
1012	1028	81.16870699574399
1011	1027	13.85761400910108
1010	1027	12.23748274212608
1008	1027	12.734077501574593
1007	1027	15.718925078500016
1006	1027	7.690495104088121
1028	1028	52.99811829771238
1005	1028	72.83270198623433
1027	1028	64.06661482225698
1004	1027	18.513238658300843
1026	1028	67.77066684009694
1003	1027	11.734293465227674
1024	1027	6.642170667160608
1002	1028	83.16318781845231
1001	1027	14.377890207455284
1023	1028	82.28051945328875
1009	1027	5.8612052174367095
=========================

Tempo:850018.0346666666
Destinazione	 NEXTHOP	 Costo
1000	1027	7.837384970065926
1022	1027	14.010719522345173
1021	1022	9.198590295942068
1020	1027	40.888898199792735
1019	1027	12.92473782820484
1018	1027	8.004745985474283
1017	1027	4.993005695827126
1016	1027	13.649419007076027
1015	1015	1562.705044555613
1014	1027	14.877792343680325
1013	1027	19.434565285098873
1012	1028	81.16870699574399
1011	1027	13.85761400910108
1010	1027	12.23748274212608
1008	1027	12.734077501574593
1007	1027	15.718925078500016
1006	1027	7.690495104088121
1028	1028	52.99811829771238
1005	1028	72.83270198623433
1027	1028	64.06661482225698
1004	1027	18.513238658300843
1026	1028	67.77066684009694
1003	1027	11.734293465227674
1024	1027	6.642170667160608
1002	1028	83.16318781845231
1001	1027	14.377890207455284
1023	1028	82.28051945328875
1009	1027	5.8612052174367095
=========================

Tempo:850018.0346666666
Destinazione	 NEXTHOP	 Costo
1021	1022	9.198590295942068
1015	1015	1562.705044555613
1012	1028	81.16870699574399
1028	1028	52.99811829771238
1005	1028	72.83270198623433
1027	1028	64.06661482225698
1026	1028	67.77066684009694
1002	1028	83.16318781845231
1023	1028	82.28051945328875
=========================

Tempo:850018.0346666666
Destinazione	 NEXTHOP	 Costo
1000	1028	820.0586819724581
1022	1028	826.2320165247373
1021	1022	9.198590295942068
1020	1028	830.5204963297533
1019	1028	825.146034830597
1018	1028	820.2260429878664
1017	1028	817.2143026982193
1016	1028	825.8707160094682
1015	1028	812.5300138767484
1014	1028	827.0990893460724
1013	1028	831.655862287491
1012	1028	81.16870699574399
1011	1028	826.0789110114932
1010	1028	824.4587797445182
1008	1028	824.9553745039667
1007	1028	827.9402220808922
1028	1028	811.7014739624427
1006	1028	819.9117921064803
1005	1028	72.83270198623433
1027	1028	64.06661482225698
1026	1028	67.77066684009694
1004	1028	830.734535660693
1003	1028	823.9555904676198
1002	1028	83.16318781845231
1024	1028	818.8634676695527
1023	1028	82.28051945328875
1001	1028	826.5991872098474
1009	1028	818.0825022198289
=========================

Tempo:873008.0346666666
Destinazione	 NEXTHOP	 Costo
1000	1028	820.0586819724581
1022	1028	826.2320165247373
1021	1022	9.198590295942068
1020	1028	830.5204963297533
1019	1028	825.146034830597
1018	1028	820.2260429878664
1017	1028	817.2143026982193
1016	1028	825.8707160094682
1014	1028	827.0990893460724
1013	1028	831.655862287491
1012	1028	81.16870699574399
1011	1028	826.0789110114932
1010	1028	824.4587797445182
1008	1028	824.9553745039667
1007	1028	827.9402220808922
1028	1028	811.7014739624427
1006	1028	819.9117921064803
1005	1028	72.83270198623433
1027	1028	64.06661482225698
1026	1028	67.77066684009694
1004	1028	830.734535660693
1003	1028	823.9555904676198
1002	1028	83.16318781845231
1024	1028	818.8634676695527
1023	1028	82.28051945328875
1001	1028	826.5991872098474
1009	1028	818.0825022198289
=========================

Tempo:933008.0346666666
Destinazione	 NEXTHOP	 Costo
1000	1028	820.0586819724581
1022	1028	826.2320165247373
1021	1022	9.198590295942068
1020	1028	830.5204963297533
1019	1028	825.146034830597
1018	1028	820.2260429878664
1017	1028	817.2143026982193
1016	1028	825.8707160094682
1014	1028	827.0990893460724
1013	1028	831.655862287491
1012	1028	81.16870699574399
1011	1028	826.0789110114932
1010	1028	824.4587797445182
1008	1028	824.9553745039667
1007	1028	827.9402220808922
1028	1028	811.7014739624427
1006	1028	819.9117921064803
1027	1028	64.06661482225698
1026	1028	67.77066684009694
1004	1028	830.734535660693
1003	1028	823.9555904676198
1002	1028	83.16318781845231
1024	1028	818.8634676695527
1023	1028	82.28051945328875
1001	1028	826.5991872098474
1009	1028	818.0825022198289
=========================

Tempo:943008.0346666666
Destinazione	 NEXTHOP	 Costo
1000	1028	820.0586819724581
1022	1028	826.2320165247373
1021	1022	9.198590295942068
1020	1028	830.5204963297533
1019	1028	825.146034830597
1018	1028	820.2260429878664
1017	1028	817.2143026982193
1016	1028	825.8707160094682
1014	1028	827.0990893460724
1013	1028	831.655862287491
1012	1028	81.16870699574399
1011	1028	826.0789110114932
1010	1028	824.4587797445182
1008	1028	824.9553745039667
1007	1028	827.9402220808922
1006	1028	819.9117921064803
1027	1028	64.06661482225698
1026	1028	67.77066684009694
1004	1028	830.734535660693
1003	1028	823.9555904676198
1002	1028	83.16318781845231
1024	1028	818.8634676695527
1023	1028	82.28051945328875
1001	1028	826.5991872098474
1009	1028	818.0825022198289
=========================

Tempo:963008.0346666666
Destinazione	 NEXTHOP	 Costo
1000	1028	820.0586819724581
1022	1028	826.2320165247373
1021	1022	9.198590295942068
1020	1028	830.5204963297533
1019	1028	825.146034830597
1017	1028	817.2143026982193
1016	1028	825.8707160094682
1014	1028	827.0990893460724
1013	1028	831.655862287491
1012	1028	81.16870699574399
1011	1028	826.0789110114932
1010	1028	824.4587797445182
1008	1028	824.9553745039667
1007	1028	827.9402220808922
1006	1028	819.9117921064803
1027	1028	64.06661482225698
1026	1028	67.77066684009694
1004	1028	830.734535660693
1003	1028	823.9555904676198
1002	1028	83.16318781845231
1024	1028	818.8634676695527
1023	1028	82.28051945328875
1001	1028	826.5991872098474
1009	1028	818.0825022198289
=========================

Tempo:1023008.0346666666
Destinazione	 NEXTHOP	 Costo
1000	1028	820.0586819724581
1022	1028	826.2320165247373
1021	1022	9.198590295942068
1020	1028	830.5204963297533
1019	1028	825.146034830597
1017	1028	817.2143026982193
1016	1028	825.8707160094682
1014	1028	827.0990893460724
1013	1028	831.655862287491
1012	1028	81.16870699574399
1011	1028	826.0789110114932
1010	1028	824.4587797445182
1007	1028	827.9402220808922
1006	1028	819.9117921064803
1027	1028	64.06661482225698
1026	1028	67.77066684009694
1004	1028	830.734535660693
1003	1028	823.9555904676198
1002	1028	83.16318781845231
1024	1028	818.8634676695527
1023	1028	82.28051945328875
1001	1028	826.5991872098474
1009	1028	818.0825022198289
=========================

Tempo:1053008.0346666668
Destinazione	 NEXTHOP	 Costo
1000	1028	820.0586819724581
1022	1028	826.2320165247373
1020	1028	830.5204963297533
1019	1028	825.146034830597
1017	1028	817.2143026982193
1016	1028	825.8707160094682
1014	1028	827.0990893460724
1013	1028	831.655862287491
1012	1028	81.16870699574399
1011	1028	826.0789110114932
1010	1028	824.4587797445182
1007	1028	827.9402220808922
1006	1028	819.9117921064803
1027	1028	64.06661482225698
1026	1028	67.77066684009694
1004	1028	830.734535660693
1003	1028	823.9555904676198
1002	1028	83.16318781845231
1024	1028	818.8634676695527
1023	1028	82.28051945328875
1001	1028	826.5991872098474
1009	1028	818.0825022198289
=========================

Tempo:1113008.0346666668
Destinazione	 NEXTHOP	 Costo
1000	1028	820.0586819724581
1022	1028	826.2320165247373
1020	1028	830.5204963297533
1019	1028	825.146034830597
1017	1028	817.2143026982193
1016	1028	825.8707160094682
1014	1028	827.0990893460724
1013	1028	831.655862287491
1012	1028	81.16870699574399
1010	1028	824.4587797445182
1007	1028	827.9402220808922
1006	1028	819.9117921064803
1027	1028	64.06661482225698
1026	1028	67.77066684009694
1004	1028	830.734535660693
1003	1028	823.9555904676198
1002	1028	83.16318781845231
1024	1028	818.8634676695527
1023	1028	82.28051945328875
1001	1028	826.5991872098474
1009	1028	818.0825022198289
=========================

Tempo:1143008.0346666668
Destinazione	 NEXTHOP	 Costo
1000	1028	820.0586819724581
1022	1028	826.2320165247373
1020	1028	830.5204963297533
1019	1028	825.146034830597
1017	1028	817.2143026982193
1016	1028	825.8707160094682
1014	1028	827.0990893460724
1013	1028	831.655862287491
1012	1028	81.16870699574399
1010	1028	824.4587797445182
1007	1028	827.9402220808922
1006	1028	819.9117921064803
1027	1028	64.06661482225698
1026	1028	67.77066684009694
1004	1028	830.734535660693
1003	1028	823.9555904676198
1002	1028	83.16318781845231
1023	1028	82.28051945328875
1001	1028	826.5991872098474
1009	1028	818.0825022198289
=========================

Tempo:1203008.0346666668
Destinazione	 NEXTHOP	 Costo
1000	1028	820.0586819724581
1022	1028	826.2320165247373
1020	1028	830.5204963297533
1019	1028	825.146034830597
1017	1028	817.2143026982193
1016	1028	825.8707160094682
1013	1028	831.655862287491
1012	1028	81.16870699574399
1010	1028	824.4587797445182
1007	1028	827.9402220808922
1006	1028	819.9117921064803
1027	1028	64.06661482225698
1026	1028	67.77066684009694
1004	1028	830.734535660693
1003	1028	823.9555904676198
1002	1028	83.16318781845231
1023	1028	82.28051945328875
1001	1028	826.5991872098474
1009	1028	818.0825022198289
=========================

Tempo:1233008.0346666668
Destinazione	 NEXTHOP	 Costo
1000	1028	820.0586819724581
1022	1028	826.2320165247373
1020	1028	830.5204963297533
1019	1028	825.146034830597
1017	1028	817.2143026982193
1016	1028	825.8707160094682
1013	1028	831.655862287491
1012	1028	81.16870699574399
1010	1028	824.4587797445182
1007	1028	827.9402220808922
1006	1028	819.9117921064803
1026	1028	67.77066684009694
1004	1028	830.734535660693
1003	1028	823.9555904676198
1002	1028	83.16318781845231
1023	1028	82.28051945328875
1001	1028	826.5991872098474
1009	1028	818.0825022198289
=========================

Tempo:1293008.0346666668
Destinazione	 NEXTHOP	 Costo
1000	1028	820.0586819724581
1022	1028	826.2320165247373
1020	1028	830.5204963297533
1019	1028	825.146034830597
1016	1028	825.8707160094682
1013	1028	831.655862287491
1012	1028	81.16870699574399
1010	1028	824.4587797445182
1007	1028	827.9402220808922
1006	1028	819.9117921064803
1026	1028	67.77066684009694
1004	1028	830.734535660693
1003	1028	823.9555904676198
1002	1028	83.16318781845231
1023	1028	82.28051945328875
1001	1028	826.5991872098474
1009	1028	818.0825022198289
=========================

Tempo:1383008.0346666668
Destinazione	 NEXTHOP	 Costo
1000	1028	820.0586819724581
1022	1028	826.2320165247373
1019	1028	825.146034830597
1016	1028	825.8707160094682
1013	1028	831.655862287491
1012	1028	81.16870699574399
1010	1028	824.4587797445182
1007	1028	827.9402220808922
1006	1028	819.9117921064803
1026	1028	67.77066684009694
1004	1028	830.734535660693
1003	1028	823.9555904676198
1002	1028	83.16318781845231
1023	1028	82.28051945328875
1001	1028	826.5991872098474
1009	1028	818.0825022198289
=========================

Tempo:1473008.0346666668
Destinazione	 NEXTHOP	 Costo
1000	1028	820.0586819724581
1022	1028	826.2320165247373
1019	1028	825.146034830597
1016	1028	825.8707160094682
1013	1028	831.655862287491
1012	1028	81.16870699574399
1010	1028	824.4587797445182
1007	1028	827.9402220808922
1006	1028	819.9117921064803
1026	1028	67.77066684009694
1004	1028	830.734535660693
1003	1028	823.9555904676198
1002	1028	83.16318781845231
1001	1028	826.5991872098474
1009	1028	818.0825022198289
=========================

Tempo:1563008.0346666668
Destinazione	 NEXTHOP	 Costo
1000	1028	820.0586819724581
1022	1028	826.2320165247373
1019	1028	825.146034830597
1016	1028	825.8707160094682
1013	1028	831.655862287491
1012	1028	81.16870699574399
1010	1028	824.4587797445182
1007	1028	827.9402220808922
1006	1028	819.9117921064803
1004	1028	830.734535660693
1003	1028	823.9555904676198
1002	1028	83.16318781845231
1001	1028	826.5991872098474
1009	1028	818.0825022198289
=========================
