
Tempo:30018.034666666666
Destinazione	 NEXTHOP	 Costo
1013	1013	1.0
=========================

Tempo:30018.034666666666
Destinazione	 NEXTHOP	 Costo
1013	1013	1.0
=========================

Tempo:35018.03466666667
Destinazione	 NEXTHOP	 Costo
1013	1013	1.0
=========================

Tempo:40018.03466666667
Destinazione	 NEXTHOP	 Costo
1013	1013	0.9999999999999999
=========================

Tempo:45018.03466666667
Destinazione	 NEXTHOP	 Costo
1013	1013	1.0
=========================

Tempo:50018.03466666667
Destinazione	 NEXTHOP	 Costo
1013	1013	1.0
=========================

Tempo:30018.034666666666
Destinazione	 NEXTHOP	 Costo
1013	1013	1.0
=========================

Tempo:35018.03466666667
Destinazione	 NEXTHOP	 Costo
1013	1013	1.0
=========================

Tempo:360018.03466666664
Destinazione	 NEXTHOP	 Costo
=========================

Tempo:360018.03466666664
Destinazione	 NEXTHOP	 Costo
1008	1011	2.5560067063015453
1007	1011	2.8667731710930546
1006	1011	3.6934708451473224
1005	1011	4.054744563547027
1004	1011	4.416018281946731
1003	1011	4.772438394515203
1002	1011	5.12041598000493
1001	1011	5.468393565494656
1011	1011	1.0
1000	1011	5.8163711509843825
1010	1011	1.3830123783884272
1009	1011	1.7309899638781538
=========================

Tempo:365018.03466666664
Destinazione	 NEXTHOP	 Costo
1008	1010	2.235106691106342
1007	1011	2.8667731710930546
1006	1011	3.6934708451473224
1005	1010	3.976067820821223
1004	1010	4.32404540631095
1003	1010	4.672022991800676
1002	1010	5.0200005772904035
1001	1010	5.36797816278013
1011	1011	1.0
1000	1010	5.715955748269856
1010	1010	1.2825969756739009
1009	1010	1.7074790209448545
=========================

Tempo:365018.03466666664
Destinazione	 NEXTHOP	 Costo
1008	1010	2.235106691106342
1007	1011	2.8667731710930546
1006	1011	3.5731036640574843
1005	1011	3.934377382457188
1004	1011	4.295651100856893
1003	1011	4.652071213425365
1002	1011	5.000048798915092
1001	1011	5.348026384404818
1011	1011	0.8796328189101617
1000	1011	5.696003969894544
1010	1010	1.2825969756739009
1009	1010	1.7074790209448545
=========================

Tempo:370018.03466666664
Destinazione	 NEXTHOP	 Costo
1008	1010	2.235106691106342
1007	1011	2.8667731710930546
1006	1011	3.5731036640574843
1005	1010	3.89205160927147
1004	1010	4.240029194761197
1003	1010	4.5880067802509235
1002	1010	4.93598436574065
1001	1010	5.283961951230377
1011	1011	0.8796328189101617
1000	1010	5.631939536720103
1010	1010	1.1985807641241477
1009	1010	1.7074790209448545
=========================

Tempo:370018.03466666664
Destinazione	 NEXTHOP	 Costo
1008	1010	2.235106691106342
1007	1011	2.718253280195104
1006	1011	3.493703886843909
1005	1011	3.8549776052436133
1004	1011	4.216251323643317
1003	1011	4.572671436211789
1002	1011	4.920649021701516
1001	1011	5.268626607191242
1011	1011	0.8002330416965865
1000	1011	5.616604192680969
1010	1010	1.1985807641241477
1009	1010	1.7074790209448545
=========================

Tempo:375018.03466666664
Destinazione	 NEXTHOP	 Costo
1008	1010	2.235106691106342
1007	1011	2.718253280195104
1006	1011	3.493703886843909
1005	1010	3.751680319560021
1004	1010	4.099657905049748
1003	1010	4.447635490539474
1002	1010	4.795613076029201
1001	1010	5.143590661518928
1011	1011	0.8002330416965865
1000	1010	5.491568247008654
1010	1010	1.0582094744126986
1009	1010	1.7074790209448545
=========================

Tempo:375018.03466666664
Destinazione	 NEXTHOP	 Costo
1008	1011	2.166189520993192
1007	1011	2.6934708451473224
1006	1011	3.2973419932289225
1005	1011	3.658615711628627
1004	1011	4.019889430028331
1003	1011	4.376309542596803
1002	1011	4.72428712808653
1001	1011	5.072264713576256
1011	1011	0.6038711480816
1000	1011	5.420242299065983
1010	1010	1.0582094744126986
1009	1010	1.7074790209448545
=========================

Tempo:380018.03466666664
Destinazione	 NEXTHOP	 Costo
1008	1011	2.166189520993192
1007	1011	2.6934708451473224
1006	1011	3.2973419932289225
1005	1010	3.6568471824194413
1004	1010	4.004824767909168
1003	1010	4.352802353398895
1002	1010	4.700779938888621
1001	1010	5.048757524378348
1011	1011	0.6038711480816
1000	1010	5.396735109868074
1010	1010	0.9633763372721189
1009	1010	1.7074790209448545
=========================

Tempo:380018.03466666664
Destinazione	 NEXTHOP	 Costo
1008	1011	1.8667731710930544
1007	1011	2.6934708451473224
1006	1011	3.1426832476216977
1005	1011	3.503956966021402
1004	1011	3.8652306844211064
1003	1011	4.221650796989579
1002	1011	4.569628382479305
1001	1011	4.917605967969031
1011	1011	0.4492124024743753
1000	1011	5.265583553458757
1010	1010	0.9633763372721189
1009	1010	1.7074790209448545
=========================

Tempo:385018.03466666664
Destinazione	 NEXTHOP	 Costo
1008	1011	1.8667731710930544
1007	1011	2.6934708451473224
1006	1011	3.1426832476216977
1005	1011	3.503956966021402
1004	1011	3.8652306844211064
1003	1011	4.221650796989579
1002	1011	4.569628382479305
1001	1011	4.917605967969031
1011	1011	0.4492124024743753
1000	1011	5.265583553458757
1010	1010	1.081860867232073
1009	1010	1.7074790209448545
=========================

Tempo:385018.03466666664
Destinazione	 NEXTHOP	 Costo
1008	1011	1.8667731710930544
1007	1011	2.6934708451473224
1006	1011	3.0547445635470267
1005	1011	3.416018281946731
1004	1011	3.7772920003464354
1003	1011	4.133712112914907
1002	1011	4.481689698404634
1001	1011	4.82966728389436
1011	1011	0.36127371839970424
1000	1011	5.177644869384086
1010	1011	0.7974911017521089
1009	1010	1.7074790209448545
=========================

Tempo:390018.03466666664
Destinazione	 NEXTHOP	 Costo
1008	1011	1.8667731710930544
1007	1011	2.6934708451473224
1006	1011	3.0547445635470267
1005	1011	3.416018281946731
1004	1011	3.7772920003464354
1003	1011	4.133712112914907
1002	1011	4.481689698404634
1001	1011	4.82966728389436
1011	1011	0.36127371839970424
1000	1011	5.177644869384086
1010	1011	0.7974911017521089
1009	1010	1.7074790209448545
=========================

Tempo:390018.03466666664
Destinazione	 NEXTHOP	 Costo
1008	1011	1.8667731710930544
1007	1011	2.6934708451473224
1006	1011	3.0547445635470267
1005	1011	3.416018281946731
1004	1011	3.7772920003464354
1003	1011	4.133712112914907
1002	1011	4.481689698404634
1001	1011	4.82966728389436
1011	1011	0.36127371839970424
1000	1011	5.177644869384086
1010	1010	1.288027101658079
1009	1010	1.7074790209448545
=========================

Tempo:390018.03466666664
Destinazione	 NEXTHOP	 Costo
1008	1011	1.8667731710930544
1007	1011	2.6934708451473224
1006	1011	3.0547445635470267
1005	1011	3.416018281946731
1004	1011	3.772438394515203
1003	1011	4.12041598000493
1002	1011	4.468393565494656
1001	1011	4.8163711509843825
1011	1011	0.3830123783884272
1000	1011	5.164348736474109
1010	1011	0.7309899638781537
1009	1011	1.556006706301545
=========================

Tempo:390018.03466666664
Destinazione	 NEXTHOP	 Costo
1011	1011	0.3830123783884272
1000	1011	5.164348736474109
1010	1011	0.7309899638781537
1008	1011	1.8667731710930544
1007	1011	2.6934708451473224
1006	1011	3.0547445635470267
1005	1011	3.416018281946731
1004	1011	3.772438394515203
1003	1011	4.12041598000493
1002	1011	4.468393565494656
1013	1013	1.556087338635723
1001	1011	4.8163711509843825
1009	1011	1.556006706301545
=========================

Tempo:395018.03466666664
Destinazione	 NEXTHOP	 Costo
1011	1011	0.3830123783884272
1000	1011	5.164348736474109
1010	1011	0.7309899638781537
1008	1008	2.0822093316722596
1007	1011	2.6934708451473224
1006	1011	3.0547445635470267
1005	1011	3.416018281946731
1004	1011	3.772438394515203
1003	1011	4.12041598000493
1002	1011	4.468393565494656
1013	1013	1.556087338635723
1001	1011	4.8163711509843825
1009	1011	1.556006706301545
=========================

Tempo:395018.03466666664
Destinazione	 NEXTHOP	 Costo
1011	1011	0.3830123783884272
1000	1011	5.164348736474109
1010	1011	0.7309899638781537
1008	1008	2.0822093316722596
1007	1011	2.6934708451473224
1006	1011	3.0547445635470267
1005	1011	3.416018281946731
1004	1011	3.772438394515203
1003	1011	4.12041598000493
1002	1011	4.468393565494656
1013	1013	1.556087338635723
1001	1011	4.8163711509843825
1009	1011	1.556006706301545
=========================

Tempo:395018.03466666664
Destinazione	 NEXTHOP	 Costo
1011	1011	0.3830123783884272
1000	1011	5.164348736474109
1010	1010	1.3713522949670665
1008	1008	2.0822093316722596
1007	1011	2.6934708451473224
1006	1011	3.0547445635470267
1005	1011	3.416018281946731
1004	1011	3.772438394515203
1003	1011	4.12041598000493
1002	1011	4.468393565494656
1013	1013	1.556087338635723
1001	1011	4.8163711509843825
1009	1011	1.556006706301545
=========================

Tempo:395018.03466666664
Destinazione	 NEXTHOP	 Costo
1011	1011	0.5226998970374043
1000	1011	5.164348736474109
1010	1011	0.9475819423083578
1008	1008	2.0822093316722596
1007	1011	2.6934708451473224
1006	1011	3.0547445635470267
1005	1011	3.416018281946731
1004	1011	3.772438394515203
1003	1011	4.12041598000493
1002	1011	4.468393565494656
1013	1013	1.556087338635723
1001	1011	4.8163711509843825
1009	1011	1.4752096124698455
=========================

Tempo:395018.03466666664
Destinazione	 NEXTHOP	 Costo
1011	1011	0.5226998970374043
1000	1011	5.164348736474109
1010	1011	0.9475819423083578
1008	1008	2.0822093316722596
1007	1011	2.6934708451473224
1006	1011	3.0547445635470267
1005	1011	3.416018281946731
1004	1011	3.772438394515203
1003	1011	4.12041598000493
1002	1011	4.468393565494656
1013	1013	1.5317054436816724
1001	1011	4.8163711509843825
1009	1011	1.4752096124698455
=========================

Tempo:400018.03466666664
Destinazione	 NEXTHOP	 Costo
1011	1011	0.5226998970374043
1000	1011	5.164348736474109
1010	1011	0.9475819423083578
1008	1008	1.9180202384985172
1007	1011	2.6934708451473224
1006	1011	3.0547445635470267
1005	1011	3.416018281946731
1004	1011	3.772438394515203
1003	1011	4.12041598000493
1002	1011	4.468393565494656
1013	1013	1.5317054436816724
1001	1011	4.8163711509843825
1009	1011	1.4752096124698455
=========================

Tempo:400018.03466666664
Destinazione	 NEXTHOP	 Costo
1011	1011	0.5226998970374043
1000	1011	5.164348736474109
1010	1011	0.9475819423083578
1008	1008	1.9180202384985172
1007	1011	2.6934708451473224
1006	1011	3.0547445635470267
1005	1011	3.416018281946731
1004	1011	3.772438394515203
1003	1011	4.12041598000493
1002	1011	4.468393565494656
1013	1013	1.5317054436816724
1001	1011	4.8163711509843825
1009	1009	1.8373882009739497
=========================

Tempo:400018.03466666664
Destinazione	 NEXTHOP	 Costo
1011	1011	0.5226998970374043
1000	1011	5.164348736474109
1010	1010	1.4253612873132613
1008	1008	1.9180202384985172
1007	1011	2.6934708451473224
1006	1011	3.0547445635470267
1005	1011	3.416018281946731
1004	1011	3.772438394515203
1003	1011	4.12041598000493
1002	1011	4.468393565494656
1013	1013	1.5317054436816724
1001	1011	4.8163711509843825
1009	1010	1.8262531558556856
=========================

Tempo:400018.03466666664
Destinazione	 NEXTHOP	 Costo
1011	1011	0.7824262397962366
1000	1011	5.164348736474109
1010	1010	1.4253612873132613
1008	1008	1.9180202384985172
1007	1011	2.6934708451473224
1006	1011	3.0547445635470267
1005	1011	3.416018281946731
1004	1011	3.772438394515203
1003	1011	4.12041598000493
1002	1011	4.468393565494656
1013	1013	1.5317054436816724
1001	1011	4.8163711509843825
1009	1010	1.8262531558556856
=========================

Tempo:400018.03466666664
Destinazione	 NEXTHOP	 Costo
1011	1011	0.7824262397962366
1000	1011	5.164348736474109
1010	1010	1.4253612873132613
1008	1008	1.9180202384985172
1007	1011	2.6934708451473224
1006	1011	3.0547445635470267
1005	1011	3.416018281946731
1004	1011	3.772438394515203
1003	1011	4.12041598000493
1002	1011	4.468393565494656
1013	1013	1.2960702601691556
1001	1011	4.8163711509843825
1009	1010	1.8262531558556856
=========================

Tempo:405018.03466666664
Destinazione	 NEXTHOP	 Costo
1011	1011	0.7824262397962366
1000	1011	5.164348736474109
1010	1010	1.4253612873132613
1008	1008	2.0895996970657222
1007	1011	2.6934708451473224
1006	1011	3.0547445635470267
1005	1011	3.416018281946731
1004	1011	3.772438394515203
1003	1011	4.12041598000493
1002	1011	4.468393565494656
1013	1013	1.2960702601691556
1001	1011	4.8163711509843825
1009	1010	1.8262531558556856
=========================

Tempo:405018.03466666664
Destinazione	 NEXTHOP	 Costo
1011	1011	0.7824262397962366
1000	1011	5.164348736474109
1010	1010	1.4253612873132613
1008	1008	2.0895996970657222
1007	1011	2.6934708451473224
1006	1011	3.0547445635470267
1005	1011	3.416018281946731
1004	1011	3.772438394515203
1003	1011	4.12041598000493
1002	1011	4.468393565494656
1013	1013	1.2960702601691556
1001	1011	4.8163711509843825
1009	1009	1.5623183729115917
=========================

Tempo:405018.03466666664
Destinazione	 NEXTHOP	 Costo
1011	1011	0.7824262397962366
1000	1011	5.164348736474109
1010	1010	1.6814358422243425
1008	1008	2.0895996970657222
1007	1011	2.6934708451473224
1006	1011	3.0547445635470267
1005	1011	3.416018281946731
1004	1011	3.772438394515203
1003	1011	4.12041598000493
1002	1011	4.468393565494656
1013	1013	1.2960702601691556
1001	1011	4.8163711509843825
1009	1009	1.5623183729115917
=========================

Tempo:405018.03466666664
Destinazione	 NEXTHOP	 Costo
1011	1011	0.8148812149100593
1000	1011	5.164348736474109
1010	1010	1.6814358422243425
1008	1008	2.0895996970657222
1007	1011	2.6934708451473224
1006	1011	3.0547445635470267
1005	1011	3.416018281946731
1004	1011	3.772438394515203
1003	1011	4.12041598000493
1002	1011	4.468393565494656
1013	1013	1.2960702601691556
1001	1011	4.8163711509843825
1009	1009	1.5623183729115917
=========================

Tempo:405018.03466666664
Destinazione	 NEXTHOP	 Costo
1011	1011	0.8148812149100593
1000	1011	5.164348736474109
1010	1010	1.6814358422243425
1008	1008	2.0895996970657222
1007	1011	2.6934708451473224
1006	1011	3.0547445635470267
1005	1011	3.416018281946731
1004	1011	3.772438394515203
1003	1011	4.12041598000493
1002	1011	4.468393565494656
1013	1013	0.847903482325085
1001	1011	4.8163711509843825
1009	1009	1.5623183729115917
=========================

Tempo:410018.03466666664
Destinazione	 NEXTHOP	 Costo
1011	1011	0.8148812149100593
1000	1011	5.164348736474109
1010	1010	1.6814358422243425
1007	1011	2.6934708451473224
1006	1011	3.0547445635470267
1005	1011	3.416018281946731
1004	1011	3.772438394515203
1003	1011	4.12041598000493
1002	1011	4.468393565494656
1013	1013	0.847903482325085
1001	1011	4.8163711509843825
1009	1009	1.5623183729115917
=========================

Tempo:410018.03466666664
Destinazione	 NEXTHOP	 Costo
1011	1011	0.8148812149100593
1000	1011	5.164348736474109
1010	1010	1.6814358422243425
1008	1009	3.0600607702078335
1007	1011	2.6934708451473224
1006	1011	3.0547445635470267
1005	1011	3.416018281946731
1004	1011	3.772438394515203
1003	1011	4.12041598000493
1002	1011	4.468393565494656
1013	1013	0.847903482325085
1001	1011	4.8163711509843825
1009	1009	1.417560768618679
=========================

Tempo:410018.03466666664
Destinazione	 NEXTHOP	 Costo
1011	1011	0.8148812149100593
1000	1011	5.164348736474109
1010	1010	1.927195395331645
1008	1009	3.0600607702078335
1007	1011	2.6934708451473224
1006	1011	3.0547445635470267
1005	1011	3.416018281946731
1004	1011	3.772438394515203
1003	1011	4.12041598000493
1002	1011	4.468393565494656
1013	1013	0.847903482325085
1001	1011	4.8163711509843825
1009	1009	1.417560768618679
=========================

Tempo:410018.03466666664
Destinazione	 NEXTHOP	 Costo
1011	1011	0.6768971255781955
1000	1011	5.164348736474109
1010	1010	1.927195395331645
1008	1009	3.0600607702078335
1007	1011	2.6934708451473224
1006	1011	3.0547445635470267
1005	1011	3.416018281946731
1004	1011	3.772438394515203
1003	1011	4.12041598000493
1002	1011	4.468393565494656
1013	1013	0.847903482325085
1001	1011	4.8163711509843825
1009	1009	1.417560768618679
=========================

Tempo:410018.03466666664
Destinazione	 NEXTHOP	 Costo
1011	1011	0.6768971255781955
1000	1011	5.164348736474109
1010	1010	1.927195395331645
1008	1009	3.0600607702078335
1007	1011	2.6934708451473224
1006	1011	3.0547445635470267
1005	1011	3.416018281946731
1004	1011	3.772438394515203
1003	1011	4.12041598000493
1002	1011	4.468393565494656
1013	1013	0.5402561086415951
1001	1011	4.8163711509843825
1009	1009	1.417560768618679
=========================

Tempo:415018.03466666664
Destinazione	 NEXTHOP	 Costo
1011	1011	0.6768971255781955
1000	1011	5.164348736474109
1010	1010	1.927195395331645
1008	1009	3.0600607702078335
1007	1011	2.6934708451473224
1006	1011	3.0547445635470267
1005	1011	3.416018281946731
1004	1011	3.772438394515203
1003	1011	4.12041598000493
1002	1011	4.468393565494656
1013	1013	0.5402561086415951
1001	1011	4.8163711509843825
1009	1009	1.5234330629436263
=========================

Tempo:415018.03466666664
Destinazione	 NEXTHOP	 Costo
1011	1011	0.6768971255781955
1000	1011	5.164348736474109
1010	1010	1.8426600574799419
1008	1009	3.0600607702078335
1007	1011	2.6934708451473224
1006	1011	3.0547445635470267
1005	1011	3.416018281946731
1004	1011	3.772438394515203
1003	1011	4.12041598000493
1002	1011	4.468393565494656
1013	1013	0.5402561086415951
1001	1011	4.8163711509843825
1009	1009	1.5234330629436263
=========================

Tempo:415018.03466666664
Destinazione	 NEXTHOP	 Costo
1011	1011	0.4362173833524047
1000	1011	5.164348736474109
1010	1011	1.674374071875544
1008	1011	3.028070062285659
1007	1011	2.6934708451473224
1006	1011	3.0547445635470267
1005	1011	3.416018281946731
1004	1011	3.772438394515203
1003	1011	4.12041598000493
1002	1011	4.468393565494656
1013	1013	0.5402561086415951
1001	1011	4.8163711509843825
1009	1009	1.5234330629436263
=========================

Tempo:415018.03466666664
Destinazione	 NEXTHOP	 Costo
1011	1011	0.4362173833524047
1000	1011	5.164348736474109
1010	1011	1.674374071875544
1008	1011	3.028070062285659
1007	1011	2.6934708451473224
1006	1011	3.0547445635470267
1005	1011	3.416018281946731
1004	1011	3.772438394515203
1003	1011	4.12041598000493
1002	1011	4.468393565494656
1013	1013	0.3834971632860247
1001	1011	4.8163711509843825
1009	1009	1.5234330629436263
=========================

Tempo:420018.03466666664
Destinazione	 NEXTHOP	 Costo
1011	1011	0.4362173833524047
1000	1011	5.164348736474109
1010	1011	1.674374071875544
1008	1011	3.028070062285659
1007	1011	2.6934708451473224
1006	1011	3.0547445635470267
1005	1011	3.416018281946731
1004	1011	3.772438394515203
1003	1011	4.12041598000493
1002	1011	4.468393565494656
1013	1013	0.3834971632860247
1001	1011	4.8163711509843825
1009	1009	2.029779150696812
=========================

Tempo:420018.03466666664
Destinazione	 NEXTHOP	 Costo
1011	1011	0.4362173833524047
1000	1011	5.164348736474109
1010	1010	1.736845926500608
1008	1011	3.028070062285659
1007	1011	2.6934708451473224
1006	1011	3.0547445635470267
1005	1011	3.416018281946731
1004	1011	3.772438394515203
1003	1011	4.12041598000493
1002	1011	4.468393565494656
1013	1013	0.3834971632860247
1001	1011	4.8163711509843825
1009	1009	2.029779150696812
=========================

Tempo:420018.03466666664
Destinazione	 NEXTHOP	 Costo
1011	1011	0.3479775854897265
1000	1011	5.129313943575408
1010	1011	1.1729943279131179
1008	1011	2.939830264422981
1007	1011	2.6934708451473224
1006	1011	3.041448430637049
1005	1011	3.3894260161267757
1004	1011	3.7374036016165024
1003	1011	4.085381187106229
1002	1011	4.433358772595955
1013	1013	0.3834971632860247
1001	1011	4.781336358085682
1009	1009	2.029779150696812
=========================

Tempo:420018.03466666664
Destinazione	 NEXTHOP	 Costo
1011	1011	0.3479775854897265
1000	1011	5.129313943575408
1010	1011	1.1729943279131179
1008	1011	2.939830264422981
1007	1011	2.6934708451473224
1006	1011	3.041448430637049
1005	1011	3.3894260161267757
1004	1011	3.7374036016165024
1003	1011	4.085381187106229
1002	1011	4.433358772595955
1013	1013	0.38409770580337144
1001	1011	4.781336358085682
1009	1009	2.029779150696812
=========================

Tempo:420018.03466666664
Destinazione	 NEXTHOP	 Costo
1011	1011	0.3479775854897265
1000	1011	5.129313943575408
1010	1011	1.1729943279131179
1008	1011	2.939830264422981
1007	1011	2.6934708451473224
1006	1011	3.041448430637049
1005	1011	3.3894260161267757
1004	1011	3.7374036016165024
1003	1011	4.085381187106229
1002	1011	4.433358772595955
1013	1013	0.38409770580337144
1001	1011	4.781336358085682
1009	1009	2.029779150696812
=========================

Tempo:425018.03466666664
Destinazione	 NEXTHOP	 Costo
1011	1011	0.3479775854897265
1000	1011	5.129313943575408
1010	1011	1.1729943279131179
1008	1011	2.939830264422981
1007	1011	2.6934708451473224
1006	1011	3.041448430637049
1005	1011	3.3894260161267757
1004	1011	3.7374036016165024
1003	1011	4.085381187106229
1002	1011	4.433358772595955
1013	1013	0.38409770580337144
1001	1011	4.781336358085682
=========================

Tempo:425018.03466666664
Destinazione	 NEXTHOP	 Costo
1011	1011	0.3479775854897265
1000	1011	5.129313943575408
1010	1010	1.669659117834646
1008	1011	2.939830264422981
1007	1011	2.6934708451473224
1006	1011	3.041448430637049
1005	1011	3.3894260161267757
1004	1011	3.7374036016165024
1003	1011	4.085381187106229
1002	1011	4.433358772595955
1013	1013	0.38409770580337144
1001	1011	4.781336358085682
1009	1010	3.3090020813354593
=========================

Tempo:425018.03466666664
Destinazione	 NEXTHOP	 Costo
1011	1011	0.4248820452709536
1000	1011	5.129313943575408
1010	1011	0.9525097154324411
1008	1011	2.939830264422981
1007	1011	2.6934708451473224
1006	1011	3.041448430637049
1005	1011	3.3894260161267757
1004	1011	3.7374036016165024
1003	1011	4.085381187106229
1002	1011	4.433358772595955
1013	1013	0.38409770580337144
1001	1011	4.781336358085682
1009	1011	2.5918526789332543
=========================

Tempo:425018.03466666664
Destinazione	 NEXTHOP	 Costo
1011	1011	0.4248820452709536
1000	1011	5.129313943575408
1010	1011	0.9525097154324411
1008	1011	2.939830264422981
1007	1011	2.6934708451473224
1006	1011	3.041448430637049
1005	1011	3.3894260161267757
1004	1011	3.7374036016165024
1003	1011	4.085381187106229
1014	1013	2.1155922138906242
1002	1011	4.433358772595955
1013	1013	0.5595048752549013
1001	1011	4.781336358085682
1009	1011	2.5918526789332543
=========================

Tempo:425018.03466666664
Destinazione	 NEXTHOP	 Costo
1011	1011	0.4248820452709536
1000	1011	5.129313943575408
1010	1011	0.9525097154324411
1008	1011	2.939830264422981
1007	1011	2.6934708451473224
1006	1011	3.041448430637049
1005	1011	3.3894260161267757
1004	1011	3.7374036016165024
1003	1011	4.085381187106229
1014	1014	2.5818401504999966
1002	1011	4.433358772595955
1013	1013	0.5595048752549013
1001	1011	4.781336358085682
1009	1011	2.5918526789332543
=========================

Tempo:430018.03466666664
Destinazione	 NEXTHOP	 Costo
1011	1011	0.4248820452709536
1000	1011	5.129313943575408
1010	1010	1.813332677060013
1008	1011	2.939830264422981
1007	1011	2.6934708451473224
1006	1011	3.041448430637049
1005	1011	3.3894260161267757
1004	1011	3.7374036016165024
1003	1011	4.085381187106229
1014	1014	2.5818401504999966
1002	1011	4.433358772595955
1013	1013	0.5595048752549013
1001	1011	4.781336358085682
1009	1011	2.5918526789332543
=========================

Tempo:430018.03466666664
Destinazione	 NEXTHOP	 Costo
1011	1011	0.6645287301434523
1000	1011	5.129313943575408
1010	1011	1.0654205986858765
1008	1011	2.939830264422981
1007	1011	2.6934708451473224
1006	1011	3.041448430637049
1005	1011	3.3894260161267757
1004	1011	3.7374036016165024
1003	1011	4.085381187106229
1014	1014	2.5818401504999966
1002	1011	4.433358772595955
1013	1013	0.5595048752549013
1001	1011	4.781336358085682
1009	1011	2.5918526789332543
=========================

Tempo:430018.03466666664
Destinazione	 NEXTHOP	 Costo
1011	1011	0.6645287301434523
1000	1011	5.129313943575408
1010	1011	1.0654205986858765
1008	1011	2.939830264422981
1007	1011	2.6934708451473224
1006	1011	3.041448430637049
1005	1011	3.3894260161267757
1004	1011	3.7374036016165024
1003	1011	4.085381187106229
1014	1013	2.4221804022695457
1002	1011	4.433358772595955
1013	1013	0.8904749585878734
1001	1011	4.781336358085682
1009	1011	2.5918526789332543
=========================

Tempo:430018.03466666664
Destinazione	 NEXTHOP	 Costo
1011	1011	0.6645287301434523
1000	1011	5.129313943575408
1010	1011	1.0654205986858765
1008	1011	2.939830264422981
1007	1011	2.6934708451473224
1006	1011	3.041448430637049
1005	1011	3.3894260161267757
1004	1011	3.7374036016165024
1003	1011	4.085381187106229
1014	1014	2.352073971255906
1002	1011	4.433358772595955
1013	1013	0.8904749585878734
1001	1011	4.781336358085682
1009	1011	2.5918526789332543
=========================

Tempo:435018.03466666664
Destinazione	 NEXTHOP	 Costo
1011	1011	0.6645287301434523
1000	1011	5.129313943575408
1010	1010	2.027180988673108
1008	1011	2.939830264422981
1007	1011	2.6934708451473224
1006	1011	3.041448430637049
1005	1011	3.3894260161267757
1004	1011	3.7374036016165024
1003	1011	4.085381187106229
1014	1014	2.352073971255906
1002	1011	4.433358772595955
1013	1013	0.8904749585878734
1001	1011	4.781336358085682
1009	1011	2.5918526789332543
=========================

Tempo:435018.03466666664
Destinazione	 NEXTHOP	 Costo
1011	1011	1.0352777542246665
1000	1011	5.129313943575408
1010	1011	1.4866635426967885
1008	1011	2.939830264422981
1007	1011	2.6934708451473224
1006	1011	3.041448430637049
1005	1011	3.3894260161267757
1004	1011	3.7374036016165024
1003	1011	4.085381187106229
1014	1014	2.352073971255906
1002	1011	4.433358772595955
1013	1013	0.8904749585878734
1001	1011	4.781336358085682
1009	1011	2.5918526789332543
=========================

Tempo:435018.03466666664
Destinazione	 NEXTHOP	 Costo
1011	1011	1.0352777542246665
1000	1011	5.129313943575408
1010	1011	1.4866635426967885
1008	1011	2.939830264422981
1007	1011	2.6934708451473224
1006	1011	3.041448430637049
1005	1011	3.3894260161267757
1004	1011	3.7374036016165024
1003	1011	4.085381187106229
1014	1013	2.254082495333356
1002	1011	4.433358772595955
1013	1013	0.9580122351642002
1001	1011	4.781336358085682
1009	1011	2.5918526789332543
=========================

Tempo:435018.03466666664
Destinazione	 NEXTHOP	 Costo
1011	1011	1.0352777542246665
1000	1011	5.129313943575408
1010	1011	1.4866635426967885
1008	1011	2.939830264422981
1007	1011	2.6934708451473224
1006	1011	3.041448430637049
1005	1011	3.3894260161267757
1004	1011	3.7374036016165024
1003	1011	4.085381187106229
1014	1014	1.9299892428178058
1002	1011	4.433358772595955
1013	1013	0.9580122351642002
1001	1011	4.781336358085682
1009	1011	2.5918526789332543
=========================

Tempo:440018.03466666664
Destinazione	 NEXTHOP	 Costo
1011	1011	1.0352777542246665
1000	1011	5.129313943575408
1010	1010	2.2682600940291002
1008	1011	2.939830264422981
1007	1011	2.6934708451473224
1006	1011	3.041448430637049
1005	1011	3.3894260161267757
1004	1011	3.7374036016165024
1003	1011	4.085381187106229
1014	1014	1.9299892428178058
1002	1011	4.433358772595955
1013	1013	0.9580122351642002
1001	1011	4.781336358085682
1009	1011	2.5918526789332543
=========================

Tempo:440018.03466666664
Destinazione	 NEXTHOP	 Costo
1011	1011	1.4738583987361746
1000	1011	5.129313943575408
1010	1011	2.159664963205673
1008	1011	2.939830264422981
1007	1011	2.6934708451473224
1006	1011	3.041448430637049
1005	1011	3.3894260161267757
1004	1011	3.7374036016165024
1003	1011	4.085381187106229
1014	1014	1.9299892428178058
1002	1011	4.433358772595955
1013	1013	0.9580122351642002
1001	1011	4.781336358085682
1009	1011	2.5918526789332543
=========================

Tempo:440018.03466666664
Destinazione	 NEXTHOP	 Costo
1011	1011	1.4738583987361746
1000	1011	5.129313943575408
1010	1011	2.159664963205673
1008	1011	2.939830264422981
1007	1011	2.6934708451473224
1006	1011	3.041448430637049
1005	1011	3.3894260161267757
1004	1011	3.7374036016165024
1003	1011	4.085381187106229
1014	1013	1.630458156375986
1002	1011	4.433358772595955
1013	1013	0.7825546740509008
1001	1011	4.781336358085682
1009	1011	2.5918526789332543
=========================

Tempo:440018.03466666664
Destinazione	 NEXTHOP	 Costo
1011	1011	1.4738583987361746
1000	1011	5.129313943575408
1010	1011	2.159664963205673
1008	1011	2.939830264422981
1007	1011	2.6934708451473224
1006	1011	3.041448430637049
1005	1011	3.3894260161267757
1004	1011	3.7374036016165024
1003	1011	4.085381187106229
1014	1014	1.5288923519274802
1002	1011	4.433358772595955
1013	1013	0.7825546740509008
1001	1011	4.781336358085682
1009	1011	2.5918526789332543
=========================

Tempo:445018.03466666664
Destinazione	 NEXTHOP	 Costo
1011	1011	1.4738583987361746
1000	1011	5.129313943575408
1010	1010	2.200434093013356
1008	1011	2.939830264422981
1007	1011	2.6934708451473224
1006	1011	3.041448430637049
1005	1011	3.3894260161267757
1004	1011	3.7374036016165024
1003	1011	4.085381187106229
1014	1014	1.5288923519274802
1002	1011	4.433358772595955
1013	1013	0.7825546740509008
1001	1011	4.781336358085682
1009	1011	2.5918526789332543
=========================

Tempo:445018.03466666664
Destinazione	 NEXTHOP	 Costo
1011	1011	1.2381566885231394
1000	1011	5.129313943575408
1010	1010	2.200434093013356
1008	1011	2.939830264422981
1007	1011	2.6934708451473224
1006	1011	3.041448430637049
1005	1011	3.3894260161267757
1004	1011	3.7374036016165024
1003	1011	4.085381187106229
1014	1014	1.5288923519274802
1002	1011	4.433358772595955
1013	1013	0.7825546740509008
1001	1011	4.781336358085682
1009	1011	2.5918526789332543
=========================

Tempo:445018.03466666664
Destinazione	 NEXTHOP	 Costo
1011	1011	1.2381566885231394
1000	1011	5.129313943575408
1010	1013	2.006580491324901
1008	1011	2.939830264422981
1007	1011	2.6934708451473224
1006	1011	3.041448430637049
1005	1011	3.3894260161267757
1004	1011	3.7374036016165024
1003	1011	4.085381187106229
1014	1013	1.0234035370228696
1002	1011	4.433358772595955
1013	1013	0.4831474283812745
1001	1011	4.781336358085682
1009	1011	2.5918526789332543
=========================

Tempo:445018.03466666664
Destinazione	 NEXTHOP	 Costo
1011	1011	1.2381566885231394
1000	1011	5.129313943575408
1010	1013	2.006580491324901
1008	1011	2.939830264422981
1007	1011	2.6934708451473224
1006	1011	3.041448430637049
1005	1011	3.3894260161267757
1004	1011	3.7374036016165024
1003	1011	4.085381187106229
1014	1014	1.4662671018256728
1002	1011	4.433358772595955
1013	1013	0.4831474283812745
1001	1011	4.781336358085682
1009	1011	2.5918526789332543
=========================

Tempo:450018.03466666664
Destinazione	 NEXTHOP	 Costo
1011	1011	1.2381566885231394
1000	1011	5.129313943575408
1010	1010	2.2413437810294967
1008	1011	2.939830264422981
1007	1011	2.6934708451473224
1006	1011	3.041448430637049
1005	1011	3.3894260161267757
1004	1011	3.7374036016165024
1003	1011	4.085381187106229
1014	1014	1.4662671018256728
1002	1011	4.433358772595955
1013	1013	0.4831474283812745
1001	1011	4.781336358085682
1009	1011	2.5918526789332543
=========================

Tempo:450018.03466666664
Destinazione	 NEXTHOP	 Costo
1011	1011	0.8250167424233913
1000	1011	5.129313943575408
1010	1010	2.2413437810294967
1008	1011	2.939830264422981
1007	1011	2.6934708451473224
1006	1011	3.041448430637049
1005	1011	3.3894260161267757
1004	1011	3.7374036016165024
1003	1011	4.085381187106229
1014	1014	1.4662671018256728
1002	1011	4.433358772595955
1013	1013	0.4831474283812745
1001	1011	4.781336358085682
1009	1011	2.5918526789332543
=========================

Tempo:450018.03466666664
Destinazione	 NEXTHOP	 Costo
1011	1011	0.8250167424233913
1000	1011	5.129313943575408
1010	1010	2.2413437810294967
1008	1011	2.939830264422981
1007	1011	2.6934708451473224
1006	1011	3.041448430637049
1005	1011	3.3894260161267757
1004	1011	3.7374036016165024
1003	1011	4.085381187106229
1014	1013	0.7483617839731613
1002	1011	4.433358772595955
1013	1013	0.3648646206871366
1001	1011	4.781336358085682
1009	1011	2.5918526789332543
=========================

Tempo:450018.03466666664
Destinazione	 NEXTHOP	 Costo
1011	1011	0.8250167424233913
1000	1011	5.129313943575408
1010	1010	2.2413437810294967
1008	1011	2.939830264422981
1007	1011	2.6934708451473224
1006	1011	3.041448430637049
1005	1011	3.3894260161267757
1004	1011	3.7374036016165024
1003	1011	4.085381187106229
1014	1014	1.4922282447247068
1002	1011	4.433358772595955
1013	1013	0.3648646206871366
1001	1011	4.781336358085682
1009	1011	2.5918526789332543
=========================

Tempo:455018.03466666664
Destinazione	 NEXTHOP	 Costo
1011	1011	0.8250167424233913
1000	1011	5.129313943575408
1010	1010	2.5005361141553313
1008	1011	2.939830264422981
1007	1011	2.6934708451473224
1006	1011	3.041448430637049
1005	1011	3.3894260161267757
1004	1011	3.7374036016165024
1003	1011	4.085381187106229
1014	1014	1.4922282447247068
1002	1011	4.433358772595955
1013	1013	0.3648646206871366
1001	1011	4.781336358085682
1009	1011	2.5918526789332543
=========================

Tempo:455018.03466666664
Destinazione	 NEXTHOP	 Costo
1011	1011	0.5276276701614876
1000	1011	5.129313943575408
1010	1011	2.166970633662301
1008	1011	2.939830264422981
1007	1011	2.6934708451473224
1006	1011	3.041448430637049
1005	1011	3.3894260161267757
1004	1011	3.7374036016165024
1003	1011	4.085381187106229
1014	1014	1.4922282447247068
1002	1011	4.433358772595955
1013	1013	0.3648646206871366
1001	1011	4.781336358085682
1009	1011	2.5688509505877515
=========================

Tempo:455018.03466666664
Destinazione	 NEXTHOP	 Costo
1011	1011	0.5276276701614876
1000	1011	5.129313943575408
1010	1011	2.166970633662301
1008	1011	2.939830264422981
1007	1011	2.6934708451473224
1006	1011	3.041448430637049
1005	1011	3.3894260161267757
1004	1011	3.7374036016165024
1003	1011	4.085381187106229
1014	1013	0.809736984615421
1002	1011	4.433358772595955
1013	1013	0.4256392788120495
1001	1011	4.781336358085682
1009	1011	2.5688509505877515
=========================

Tempo:455018.03466666664
Destinazione	 NEXTHOP	 Costo
1011	1011	0.5276276701614876
1000	1011	5.129313943575408
1010	1011	2.166970633662301
1008	1011	2.939830264422981
1007	1011	2.6934708451473224
1006	1011	3.041448430637049
1005	1011	3.3894260161267757
1004	1011	3.7374036016165024
1015	1014	3.0785898602458284
1003	1011	4.085381187106229
1014	1014	1.5225025216101051
1002	1011	4.433358772595955
1013	1013	0.4256392788120495
1001	1011	4.781336358085682
1009	1011	2.5688509505877515
=========================

Tempo:460018.03466666664
Destinazione	 NEXTHOP	 Costo
1011	1011	0.5276276701614876
1000	1011	5.129313943575408
1010	1011	2.166970633662301
1008	1011	2.939830264422981
1007	1011	2.6934708451473224
1006	1011	3.041448430637049
1005	1011	3.3894260161267757
1004	1011	3.7374036016165024
1015	1014	3.0785898602458284
1003	1011	4.085381187106229
1014	1014	1.5225025216101051
1002	1011	4.433358772595955
1013	1013	0.4256392788120495
1001	1011	4.781336358085682
1009	1011	2.5688509505877515
=========================

Tempo:460018.03466666664
Destinazione	 NEXTHOP	 Costo
1011	1011	0.4008918685424242
1000	1011	5.129313943575408
1010	1011	2.041223280426264
1008	1011	2.8430070175111126
1007	1011	2.6934708451473224
1006	1011	3.041448430637049
1005	1011	3.3894260161267757
1004	1011	3.7374036016165024
1015	1014	3.0785898602458284
1003	1011	4.085381187106229
1014	1014	1.5225025216101051
1002	1011	4.433358772595955
1013	1013	0.4256392788120495
1001	1011	4.781336358085682
1009	1011	2.4421151489686883
=========================

Tempo:460018.03466666664
Destinazione	 NEXTHOP	 Costo
1011	1011	0.4008918685424242
1000	1011	5.129313943575408
1010	1011	2.041223280426264
1008	1011	2.8430070175111126
1007	1011	2.6934708451473224
1006	1011	3.041448430637049
1005	1011	3.3894260161267757
1004	1011	3.7374036016165024
1015	1014	3.0785898602458284
1003	1011	4.085381187106229
1014	1013	1.237383109318412
1002	1011	4.433358772595955
1013	1013	0.6778782340635107
1001	1011	4.781336358085682
1009	1011	2.4421151489686883
=========================

Tempo:460018.03466666664
Destinazione	 NEXTHOP	 Costo
1011	1011	0.4008918685424242
1000	1011	5.129313943575408
1010	1011	2.041223280426264
1008	1011	2.8430070175111126
1007	1011	2.6934708451473224
1006	1011	3.041448430637049
1005	1011	3.3894260161267757
1004	1011	3.7374036016165024
1015	1014	3.0785898602458284
1003	1011	4.085381187106229
1014	1014	1.6630338351116867
1002	1011	4.433358772595955
1013	1013	0.6778782340635107
1001	1011	4.781336358085682
1009	1011	2.4421151489686883
=========================

Tempo:465018.03466666664
Destinazione	 NEXTHOP	 Costo
1011	1011	0.4513857884721221
1000	1011	5.129313943575408
1010	1011	2.041223280426264
1008	1011	2.8430070175111126
1007	1011	2.6934708451473224
1006	1011	3.041448430637049
1005	1011	3.3894260161267757
1004	1011	3.7374036016165024
1015	1014	3.0785898602458284
1003	1011	4.085381187106229
1014	1014	1.6630338351116867
1002	1011	4.433358772595955
1013	1013	0.6778782340635107
1001	1011	4.781336358085682
1009	1011	2.4421151489686883
=========================

Tempo:465018.03466666664
Destinazione	 NEXTHOP	 Costo
1011	1011	0.4513857884721221
1000	1011	5.129313943575408
1010	1011	2.041223280426264
1008	1011	2.8430070175111126
1007	1011	2.6934708451473224
1006	1011	3.041448430637049
1005	1011	3.3894260161267757
1004	1011	3.7374036016165024
1015	1014	3.0785898602458284
1003	1011	4.085381187106229
1014	1014	1.6630338351116867
1002	1011	4.433358772595955
1013	1013	1.0894597206323018
1001	1011	4.781336358085682
1009	1011	2.4421151489686883
=========================

Tempo:465018.03466666664
Destinazione	 NEXTHOP	 Costo
1011	1011	0.4513857884721221
1000	1011	5.129313943575408
1010	1011	2.041223280426264
1008	1011	2.8430070175111126
1007	1011	2.6934708451473224
1006	1011	3.041448430637049
1005	1011	3.3894260161267757
1004	1011	3.7374036016165024
1015	1014	3.0785898602458284
1003	1011	4.085381187106229
1014	1014	2.0819058461460846
1002	1011	4.433358772595955
1013	1013	1.0894597206323018
1001	1011	4.781336358085682
1009	1011	2.4421151489686883
=========================

Tempo:470018.03466666664
Destinazione	 NEXTHOP	 Costo
1011	1011	0.685806564469498
1000	1011	5.129313943575408
1010	1011	2.041223280426264
1008	1011	2.8430070175111126
1007	1011	2.6934708451473224
1006	1011	3.041448430637049
1005	1011	3.3894260161267757
1004	1011	3.7374036016165024
1015	1014	3.0785898602458284
1003	1011	4.085381187106229
1014	1014	2.0819058461460846
1002	1011	4.433358772595955
1013	1013	1.0894597206323018
1001	1011	4.781336358085682
1009	1011	2.4421151489686883
=========================

Tempo:470018.03466666664
Destinazione	 NEXTHOP	 Costo
1011	1011	0.685806564469498
1000	1011	5.129313943575408
1010	1011	2.041223280426264
1008	1011	2.8430070175111126
1007	1011	2.6934708451473224
1006	1011	3.041448430637049
1005	1011	3.3894260161267757
1004	1011	3.7374036016165024
1015	1014	3.0785898602458284
1003	1011	4.085381187106229
1014	1014	2.0819058461460846
1002	1011	4.433358772595955
1013	1013	1.5815287399519495
1001	1011	4.781336358085682
1009	1011	2.4421151489686883
=========================

Tempo:470018.03466666664
Destinazione	 NEXTHOP	 Costo
1011	1011	0.685806564469498
1000	1011	5.129313943575408
1010	1011	2.041223280426264
1008	1011	2.8430070175111126
1007	1011	2.6934708451473224
1006	1011	3.041448430637049
1005	1011	3.3894260161267757
1004	1011	3.7374036016165024
1015	1014	3.0785898602458284
1003	1011	4.085381187106229
1014	1014	2.398529047743253
1002	1011	4.433358772595955
1013	1013	1.5815287399519495
1001	1011	4.781336358085682
1009	1011	2.4421151489686883
=========================

Tempo:475018.03466666664
Destinazione	 NEXTHOP	 Costo
1011	1011	1.0739795440211573
1000	1011	5.129313943575408
1010	1011	2.041223280426264
1008	1011	2.8430070175111126
1007	1011	2.6934708451473224
1006	1011	3.041448430637049
1005	1011	3.3894260161267757
1004	1011	3.7374036016165024
1015	1014	3.0785898602458284
1003	1011	4.085381187106229
1014	1014	2.398529047743253
1002	1011	4.433358772595955
1013	1013	1.5815287399519495
1001	1011	4.781336358085682
1009	1011	2.4421151489686883
=========================

Tempo:475018.03466666664
Destinazione	 NEXTHOP	 Costo
1011	1011	1.0739795440211573
1000	1011	5.129313943575408
1010	1011	2.041223280426264
1008	1011	2.8430070175111126
1007	1011	2.6934708451473224
1006	1011	3.041448430637049
1005	1011	3.3894260161267757
1004	1011	3.7374036016165024
1015	1013	2.860757195922311
1003	1011	4.085381187106229
1014	1013	2.1144195180457315
1002	1011	4.433358772595955
1013	1013	1.3318648439948306
1001	1011	4.781336358085682
1009	1011	2.4421151489686883
=========================

Tempo:475018.03466666664
Destinazione	 NEXTHOP	 Costo
1011	1011	1.0739795440211573
1000	1011	5.129313943575408
1010	1011	2.041223280426264
1008	1011	2.8430070175111126
1007	1011	2.6934708451473224
1006	1011	3.041448430637049
1005	1011	3.3894260161267757
1004	1011	3.7374036016165024
1015	1014	2.764777336252496
1003	1011	4.085381187106229
1014	1014	2.224521227610901
1002	1011	4.433358772595955
1013	1013	1.3318648439948306
1001	1011	4.781336358085682
1009	1011	2.4421151489686883
=========================

Tempo:480018.03466666664
Destinazione	 NEXTHOP	 Costo
1011	1011	1.545457048499447
1000	1011	5.129313943575408
1010	1011	2.041223280426264
1008	1011	2.8430070175111126
1007	1011	2.6934708451473224
1006	1011	3.041448430637049
1005	1011	3.3894260161267757
1004	1011	3.7374036016165024
1015	1014	2.764777336252496
1003	1011	4.085381187106229
1014	1014	2.224521227610901
1002	1011	4.433358772595955
1013	1013	1.3318648439948306
1001	1011	4.781336358085682
1009	1011	2.4421151489686883
=========================

Tempo:480018.03466666664
Destinazione	 NEXTHOP	 Costo
1011	1011	1.545457048499447
1000	1011	5.129313943575408
1010	1011	2.041223280426264
1008	1011	2.8430070175111126
1007	1011	2.6934708451473224
1006	1011	3.041448430637049
1005	1011	3.3894260161267757
1004	1011	3.7374036016165024
1015	1013	2.33869953774391
1003	1011	4.085381187106229
1014	1013	1.3555798642995118
1002	1011	4.433358772595955
1013	1013	0.8724324359182374
1001	1011	4.781336358085682
1009	1011	2.4421151489686883
=========================

Tempo:480018.03466666664
Destinazione	 NEXTHOP	 Costo
1011	1011	1.545457048499447
1000	1011	5.129313943575408
1010	1011	2.041223280426264
1008	1011	2.8430070175111126
1007	1011	2.6934708451473224
1006	1011	3.041448430637049
1005	1011	3.3894260161267757
1004	1011	3.7374036016165024
1015	1013	2.33869953774391
1003	1011	4.085381187106229
1014	1014	1.9571366608451795
1002	1011	4.433358772595955
1013	1013	0.8724324359182374
1001	1011	4.781336358085682
1009	1011	2.4421151489686883
=========================

Tempo:485018.03466666664
Destinazione	 NEXTHOP	 Costo
1011	1011	1.6393429635008132
1000	1011	5.129313943575408
1010	1011	2.041223280426264
1008	1011	2.8430070175111126
1007	1011	2.6934708451473224
1006	1011	3.041448430637049
1005	1011	3.3894260161267757
1004	1011	3.7374036016165024
1015	1013	2.33869953774391
1003	1011	4.085381187106229
1014	1014	1.9571366608451795
1002	1011	4.433358772595955
1013	1013	0.8724324359182374
1001	1011	4.781336358085682
1009	1011	2.4421151489686883
=========================

Tempo:485018.03466666664
Destinazione	 NEXTHOP	 Costo
1011	1011	1.6393429635008132
1000	1011	5.129313943575408
1010	1011	2.041223280426264
1008	1011	2.8430070175111126
1007	1011	2.6934708451473224
1006	1011	3.041448430637049
1005	1011	3.3894260161267757
1004	1011	3.7374036016165024
1015	1013	2.03459449737568
1003	1011	4.085381187106229
1014	1013	0.9072308733381098
1002	1011	4.433358772595955
1013	1013	0.5423662526509733
1001	1011	4.781336358085682
1009	1011	2.4421151489686883
=========================

Tempo:485018.03466666664
Destinazione	 NEXTHOP	 Costo
1011	1011	1.6393429635008132
1000	1011	5.129313943575408
1010	1011	2.041223280426264
1008	1011	2.8430070175111126
1007	1011	2.6934708451473224
1006	1011	3.041448430637049
1005	1011	3.3894260161267757
1004	1011	3.7374036016165024
1015	1013	2.03459449737568
1003	1011	4.085381187106229
1014	1014	1.733081486442804
1002	1011	4.433358772595955
1013	1013	0.5423662526509733
1001	1011	4.781336358085682
1009	1011	2.4421151489686883
=========================

Tempo:485018.03466666664
Destinazione	 NEXTHOP	 Costo
1011	1011	1.6393429635008132
1000	1011	5.129313943575408
1010	1011	2.041223280426264
1008	1011	2.8430070175111126
1007	1011	2.6934708451473224
1006	1011	3.041448430637049
1005	1011	3.3894260161267757
1004	1011	3.7374036016165024
1015	1013	2.03459449737568
1003	1011	4.085381187106229
1014	1014	1.733081486442804
1002	1011	4.433358772595955
1013	1013	0.5423662526509733
1001	1011	4.781336358085682
1009	1011	2.4421151489686883
=========================

Tempo:490018.03466666664
Destinazione	 NEXTHOP	 Costo
1011	1011	1.6403314118838397
1000	1011	5.129313943575408
1010	1011	2.041223280426264
1008	1011	2.8430070175111126
1007	1011	2.6934708451473224
1006	1011	3.041448430637049
1005	1011	3.3894260161267757
1016	1011	5.35660600985375
1004	1011	3.7374036016165024
1015	1013	2.03459449737568
1003	1011	4.085381187106229
1014	1014	1.733081486442804
1002	1011	4.433358772595955
1013	1013	0.5423662526509733
1001	1011	4.781336358085682
1009	1011	2.4421151489686883
=========================

Tempo:490018.03466666664
Destinazione	 NEXTHOP	 Costo
1011	1011	1.6403314118838397
1000	1011	5.129313943575408
1010	1011	2.041223280426264
1008	1011	2.8430070175111126
1007	1011	2.6934708451473224
1006	1011	3.041448430637049
1005	1011	3.3894260161267757
1016	1013	3.4785533983834744
1004	1011	3.7374036016165024
1015	1013	1.922466059747751
1003	1011	4.085381187106229
1014	1013	0.8256028169496954
1002	1011	4.433358772595955
1013	1013	0.3999635381376459
1001	1011	4.781336358085682
1009	1011	2.4421151489686883
=========================

Tempo:490018.03466666664
Destinazione	 NEXTHOP	 Costo
1011	1011	1.6403314118838397
1000	1011	5.129313943575408
1010	1011	2.041223280426264
1008	1011	2.8430070175111126
1007	1011	2.6934708451473224
1006	1011	3.041448430637049
1005	1011	3.3894260161267757
1016	1013	3.4785533983834744
1004	1011	3.7374036016165024
1015	1013	1.922466059747751
1003	1011	4.085381187106229
1014	1014	1.843970557286094
1002	1011	4.433358772595955
1013	1013	0.3999635381376459
1001	1011	4.781336358085682
1009	1011	2.4421151489686883
=========================

Tempo:490018.03466666664
Destinazione	 NEXTHOP	 Costo
1011	1011	1.6403314118838397
1000	1011	5.129313943575408
1010	1011	2.041223280426264
1008	1011	2.8430070175111126
1007	1011	2.6934708451473224
1006	1011	3.041448430637049
1005	1011	3.3894260161267757
1016	1013	3.4785533983834744
1004	1011	3.7374036016165024
1015	1015	2.081718364178026
1003	1011	4.085381187106229
1014	1014	1.843970557286094
1002	1011	4.433358772595955
1013	1013	0.3999635381376459
1001	1011	4.781336358085682
1009	1011	2.4421151489686883
=========================

Tempo:495018.03466666664
Destinazione	 NEXTHOP	 Costo
1011	1011	1.643686866618403
1000	1011	5.129313943575408
1010	1011	2.041223280426264
1008	1011	2.8430070175111126
1007	1011	2.6934708451473224
1006	1011	3.041448430637049
1005	1011	3.3894260161267757
1016	1013	3.4785533983834744
1004	1011	3.7374036016165024
1015	1015	2.081718364178026
1003	1011	4.085381187106229
1014	1014	1.843970557286094
1002	1011	4.433358772595955
1013	1013	0.3999635381376459
1001	1011	4.781336358085682
1009	1011	2.4421151489686883
=========================

Tempo:495018.03466666664
Destinazione	 NEXTHOP	 Costo
1011	1011	1.643686866618403
1000	1011	5.129313943575408
1010	1011	2.041223280426264
1008	1011	2.8430070175111126
1007	1011	2.6934708451473224
1006	1011	3.041448430637049
1005	1011	3.3894260161267757
1016	1013	3.4785533983834744
1004	1011	3.7374036016165024
1015	1015	2.081718364178026
1003	1011	4.085381187106229
1014	1013	1.1193679114722737
1002	1011	4.433358772595955
1013	1013	0.44148967740876294
1001	1011	4.781336358085682
1009	1011	2.4421151489686883
=========================

Tempo:495018.03466666664
Destinazione	 NEXTHOP	 Costo
1011	1011	1.643686866618403
1000	1011	5.129313943575408
1010	1011	2.041223280426264
1008	1011	2.8430070175111126
1007	1011	2.6934708451473224
1006	1011	3.041448430637049
1005	1011	3.3894260161267757
1016	1013	3.4785533983834744
1004	1011	3.7374036016165024
1015	1015	2.081718364178026
1003	1011	4.085381187106229
1014	1014	2.0757404237344987
1002	1011	4.433358772595955
1013	1013	0.44148967740876294
1001	1011	4.781336358085682
1009	1011	2.4421151489686883
=========================

Tempo:495018.03466666664
Destinazione	 NEXTHOP	 Costo
1011	1011	1.643686866618403
1000	1011	5.129313943575408
1010	1011	2.041223280426264
1008	1011	2.8430070175111126
1007	1011	2.6934708451473224
1006	1011	3.041448430637049
1005	1011	3.3894260161267757
1016	1015	3.153553517396439
1004	1011	3.7374036016165024
1015	1015	1.8574832572272835
1003	1011	4.085381187106229
1014	1014	2.0757404237344987
1002	1011	4.433358772595955
1013	1013	0.44148967740876294
1001	1011	4.781336358085682
1009	1011	2.4421151489686883
=========================

Tempo:500018.03466666664
Destinazione	 NEXTHOP	 Costo
1011	1011	1.6425000015891547
1000	1011	5.129313943575408
1010	1011	2.041223280426264
1008	1011	2.8430070175111126
1007	1011	2.6934708451473224
1006	1011	3.041448430637049
1005	1011	3.3894260161267757
1016	1015	3.153553517396439
1004	1011	3.7374036016165024
1015	1015	1.8574832572272835
1003	1011	4.085381187106229
1014	1014	2.0757404237344987
1002	1011	4.433358772595955
1013	1013	0.44148967740876294
1001	1011	4.781336358085682
1009	1011	2.4421151489686883
=========================

Tempo:500018.03466666664
Destinazione	 NEXTHOP	 Costo
1011	1011	1.6425000015891547
1000	1011	5.129313943575408
1010	1011	2.041223280426264
1008	1011	2.8430070175111126
1007	1011	2.6934708451473224
1006	1011	3.041448430637049
1005	1011	3.3894260161267757
1016	1015	3.153553517396439
1004	1011	3.7374036016165024
1015	1015	1.8574832572272835
1003	1011	4.085381187106229
1014	1013	1.7552844590515349
1002	1011	4.433358772595955
1013	1013	0.6658247384192331
1001	1011	4.781336358085682
1009	1011	2.4421151489686883
=========================

Tempo:500018.03466666664
Destinazione	 NEXTHOP	 Costo
1011	1011	1.6425000015891547
1000	1011	5.129313943575408
1010	1011	2.041223280426264
1008	1011	2.8430070175111126
1007	1011	2.6934708451473224
1006	1011	3.041448430637049
1005	1011	3.3894260161267757
1016	1015	3.153553517396439
1004	1011	3.7374036016165024
1015	1015	1.8574832572272835
1003	1011	4.085381187106229
1014	1014	2.346290832763184
1002	1011	4.433358772595955
1013	1013	0.6658247384192331
1001	1011	4.781336358085682
1009	1011	2.4421151489686883
=========================

Tempo:500018.03466666664
Destinazione	 NEXTHOP	 Costo
1011	1011	1.6425000015891547
1000	1011	5.129313943575408
1010	1011	2.041223280426264
1008	1011	2.8430070175111126
1007	1011	2.6934708451473224
1006	1011	3.041448430637049
1005	1011	3.3894260161267757
1016	1015	2.5368117485323096
1004	1011	3.7374036016165024
1015	1015	1.6889082662072248
1003	1011	4.085381187106229
1014	1014	2.346290832763184
1002	1011	4.433358772595955
1013	1013	0.6658247384192331
1001	1011	4.781336358085682
1009	1011	2.4421151489686883
=========================

Tempo:505018.03466666664
Destinazione	 NEXTHOP	 Costo
1011	1011	1.628129833165582
1000	1011	5.129313943575408
1010	1011	2.041223280426264
1008	1011	2.8430070175111126
1007	1011	2.6934708451473224
1006	1011	3.041448430637049
1005	1011	3.3894260161267757
1016	1015	2.5368117485323096
1004	1011	3.7374036016165024
1015	1015	1.6889082662072248
1003	1011	4.085381187106229
1014	1014	2.346290832763184
1002	1011	4.433358772595955
1013	1013	0.6658247384192331
1001	1011	4.781336358085682
1009	1011	2.4421151489686883
=========================

Tempo:505018.03466666664
Destinazione	 NEXTHOP	 Costo
1011	1011	1.628129833165582
1000	1011	5.129313943575408
1010	1011	2.041223280426264
1008	1011	2.8430070175111126
1007	1011	2.6934708451473224
1006	1011	3.041448430637049
1005	1011	3.3894260161267757
1016	1015	2.5368117485323096
1004	1011	3.7374036016165024
1015	1015	1.6889082662072248
1003	1011	4.085381187106229
1014	1014	2.346290832763184
1002	1011	4.433358772595955
1013	1013	1.041583062293714
1001	1011	4.781336358085682
1009	1011	2.4421151489686883
=========================

Tempo:505018.03466666664
Destinazione	 NEXTHOP	 Costo
1011	1011	1.628129833165582
1000	1011	5.129313943575408
1010	1011	2.041223280426264
1008	1011	2.8430070175111126
1007	1011	2.6934708451473224
1006	1011	3.041448430637049
1005	1011	3.3894260161267757
1016	1015	2.5368117485323096
1004	1011	3.7374036016165024
1015	1015	1.6889082662072248
1003	1011	4.085381187106229
1014	1014	2.282336268866487
1002	1011	4.433358772595955
1013	1013	1.041583062293714
1001	1011	4.781336358085682
1009	1011	2.4421151489686883
=========================

Tempo:505018.03466666664
Destinazione	 NEXTHOP	 Costo
1011	1011	1.628129833165582
1000	1011	5.129313943575408
1010	1011	2.041223280426264
1008	1011	2.8430070175111126
1007	1011	2.6934708451473224
1006	1011	3.041448430637049
1005	1011	3.3894260161267757
1016	1015	2.300004626288157
1004	1011	3.7374036016165024
1015	1015	1.7597485176465615
1003	1011	4.085381187106229
1014	1015	2.1959659009989663
1002	1011	4.433358772595955
1013	1013	1.041583062293714
1001	1011	4.781336358085682
1009	1011	2.4421151489686883
=========================

Tempo:510018.03466666664
Destinazione	 NEXTHOP	 Costo
1011	1011	1.6055552846462637
1000	1011	5.129313943575408
1010	1011	2.041223280426264
1008	1011	2.8430070175111126
1007	1011	2.6934708451473224
1006	1011	3.041448430637049
1005	1011	3.3894260161267757
1016	1015	2.300004626288157
1004	1011	3.7374036016165024
1015	1015	1.7597485176465615
1003	1011	4.085381187106229
1014	1015	2.1959659009989663
1002	1011	4.433358772595955
1013	1013	1.041583062293714
1001	1011	4.781336358085682
1009	1011	2.4421151489686883
=========================

Tempo:510018.03466666664
Destinazione	 NEXTHOP	 Costo
1011	1011	1.6055552846462637
1000	1011	5.129313943575408
1010	1011	2.041223280426264
1008	1011	2.8430070175111126
1007	1011	2.6934708451473224
1006	1011	3.041448430637049
1005	1011	3.3894260161267757
1016	1015	2.300004626288157
1004	1011	3.7374036016165024
1015	1015	1.7597485176465615
1003	1011	4.085381187106229
1014	1015	2.1959659009989663
1002	1011	4.433358772595955
1013	1013	1.495491617755486
1001	1011	4.781336358085682
1009	1011	2.4421151489686883
=========================

Tempo:510018.03466666664
Destinazione	 NEXTHOP	 Costo
1011	1011	1.6055552846462637
1000	1011	5.129313943575408
1010	1011	2.041223280426264
1008	1011	2.8430070175111126
1007	1011	2.6934708451473224
1006	1011	3.041448430637049
1005	1011	3.3894260161267757
1016	1015	2.300004626288157
1004	1011	3.7374036016165024
1015	1015	1.7597485176465615
1003	1011	4.085381187106229
1014	1014	2.285022432179787
1002	1011	4.433358772595955
1013	1013	1.495491617755486
1001	1011	4.781336358085682
1009	1011	2.4421151489686883
=========================

Tempo:510018.03466666664
Destinazione	 NEXTHOP	 Costo
1011	1011	1.6055552846462637
1000	1011	5.129313943575408
1010	1011	2.041223280426264
1008	1011	2.8430070175111126
1007	1011	2.6934708451473224
1006	1011	3.041448430637049
1005	1011	3.3894260161267757
1016	1015	2.300004626288157
1004	1011	3.7374036016165024
1015	1015	2.174262471138134
1003	1011	4.085381187106229
1014	1014	2.285022432179787
1002	1011	4.433358772595955
1013	1013	1.495491617755486
1001	1011	4.781336358085682
1009	1011	2.4421151489686883
=========================

Tempo:510018.03466666664
Destinazione	 NEXTHOP	 Costo
1011	1011	1.6055552846462637
1000	1011	5.129313943575408
1010	1011	2.041223280426264
1008	1011	2.8430070175111126
1007	1011	2.6934708451473224
1006	1011	3.041448430637049
1005	1011	3.3894260161267757
1016	1015	2.300004626288157
1004	1011	3.7374036016165024
1015	1015	2.174262471138134
1003	1011	4.085381187106229
1014	1014	2.285022432179787
1002	1011	4.433358772595955
1013	1013	1.495491617755486
1001	1011	4.781336358085682
1009	1011	2.4421151489686883
=========================

Tempo:515018.03466666664
Destinazione	 NEXTHOP	 Costo
1011	1011	1.5781994014530396
1000	1011	5.129313943575408
1010	1011	2.041223280426264
1008	1011	2.8430070175111126
1007	1011	2.6934708451473224
1006	1011	3.041448430637049
1005	1011	3.3894260161267757
1016	1015	2.300004626288157
1004	1011	3.7374036016165024
1015	1015	2.174262471138134
1003	1011	4.085381187106229
1014	1014	2.285022432179787
1002	1011	4.433358772595955
1013	1013	1.495491617755486
1001	1011	4.781336358085682
1009	1011	2.4421151489686883
=========================

Tempo:515018.03466666664
Destinazione	 NEXTHOP	 Costo
1011	1011	1.5781994014530396
1000	1011	5.129313943575408
1010	1011	2.041223280426264
1008	1011	2.8430070175111126
1007	1011	2.6934708451473224
1006	1011	3.041448430637049
1005	1011	3.3894260161267757
1016	1015	2.300004626288157
1004	1011	3.7374036016165024
1015	1015	2.174262471138134
1003	1011	4.085381187106229
1014	1014	2.285022432179787
1002	1011	4.433358772595955
1013	1013	1.5728457032914374
1001	1011	4.781336358085682
1009	1011	2.4421151489686883
=========================

Tempo:515018.03466666664
Destinazione	 NEXTHOP	 Costo
1011	1011	1.5781994014530396
1000	1011	5.129313943575408
1010	1011	2.041223280426264
1008	1011	2.8430070175111126
1007	1011	2.6934708451473224
1006	1011	3.041448430637049
1005	1011	3.3894260161267757
1016	1015	2.300004626288157
1004	1011	3.7374036016165024
1015	1015	2.174262471138134
1003	1011	4.085381187106229
1014	1014	2.4619091382746525
1002	1011	4.433358772595955
1013	1013	1.5728457032914374
1001	1011	4.781336358085682
1009	1011	2.4421151489686883
=========================

Tempo:515018.03466666664
Destinazione	 NEXTHOP	 Costo
1011	1011	1.5781994014530396
1000	1011	5.129313943575408
1010	1011	2.041223280426264
1008	1011	2.8430070175111126
1007	1011	2.6934708451473224
1006	1011	3.041448430637049
1005	1011	3.3894260161267757
1004	1011	3.7374036016165024
1003	1011	4.085381187106229
1014	1014	2.4619091382746525
1002	1011	4.433358772595955
1013	1013	1.5728457032914374
1001	1011	4.781336358085682
1009	1011	2.4421151489686883
=========================

Tempo:515018.03466666664
Destinazione	 NEXTHOP	 Costo
1011	1011	1.5781994014530396
1000	1011	5.129313943575408
1010	1011	2.041223280426264
1008	1011	2.8430070175111126
1007	1011	2.6934708451473224
1006	1011	3.041448430637049
1017	1016	3.7162745979699103
1005	1011	3.3894260161267757
1016	1016	2.1601872593341875
1004	1011	3.7374036016165024
1015	1016	2.6828871563715917
1003	1011	4.085381187106229
1014	1014	2.4619091382746525
1002	1011	4.433358772595955
1013	1013	1.5728457032914374
1001	1011	4.781336358085682
1009	1011	2.4421151489686883
=========================

Tempo:520018.03466666664
Destinazione	 NEXTHOP	 Costo
1011	1011	1.5515611631753783
1000	1011	5.129313943575408
1010	1011	2.041223280426264
1008	1011	2.8430070175111126
1007	1011	2.6934708451473224
1006	1011	3.041448430637049
1017	1016	3.7162745979699103
1005	1011	3.3894260161267757
1016	1016	2.1601872593341875
1004	1011	3.7374036016165024
1015	1016	2.6828871563715917
1003	1011	4.085381187106229
1014	1014	2.4619091382746525
1002	1011	4.433358772595955
1013	1013	1.5728457032914374
1001	1011	4.781336358085682
1009	1011	2.4421151489686883
=========================

Tempo:520018.03466666664
Destinazione	 NEXTHOP	 Costo
1011	1011	1.5515611631753783
1000	1011	5.129313943575408
1010	1011	2.041223280426264
1008	1011	2.8430070175111126
1007	1011	2.6934708451473224
1006	1011	3.041448430637049
1017	1016	3.7162745979699103
1005	1011	3.3894260161267757
1016	1016	2.1601872593341875
1004	1011	3.7374036016165024
1015	1016	2.6828871563715917
1003	1011	4.085381187106229
1014	1013	2.089002762583714
1002	1011	4.433358772595955
1013	1013	1.546636509932741
1001	1011	4.781336358085682
1009	1011	2.4421151489686883
=========================

Tempo:520018.03466666664
Destinazione	 NEXTHOP	 Costo
1011	1011	1.5515611631753783
1000	1011	5.129313943575408
1010	1011	2.041223280426264
1008	1011	2.8430070175111126
1007	1011	2.6934708451473224
1006	1011	3.041448430637049
1017	1016	3.7162745979699103
1005	1011	3.3894260161267757
1016	1016	2.1601872593341875
1004	1011	3.7374036016165024
1015	1016	2.6828871563715917
1003	1011	4.085381187106229
1014	1013	2.089002762583714
1002	1011	4.433358772595955
1013	1013	1.546636509932741
1001	1011	4.781336358085682
1009	1011	2.4421151489686883
=========================

Tempo:520018.03466666664
Destinazione	 NEXTHOP	 Costo
1011	1011	1.5515611631753783
1000	1011	5.129313943575408
1010	1011	2.041223280426264
1008	1011	2.8430070175111126
1007	1011	2.6934708451473224
1006	1011	3.041448430637049
1017	1016	3.5111755599301957
1005	1011	3.3894260161267757
1016	1016	1.9794701162485233
1004	1011	3.7374036016165024
1015	1016	2.6828871563715917
1003	1011	4.085381187106229
1014	1013	2.089002762583714
1002	1011	4.433358772595955
1013	1013	1.546636509932741
1001	1011	4.781336358085682
1009	1011	2.4421151489686883
=========================

Tempo:525018.0346666666
Destinazione	 NEXTHOP	 Costo
1011	1011	1.5350981667064068
1000	1011	5.129313943575408
1010	1011	2.041223280426264
1008	1011	2.8430070175111126
1007	1011	2.6934708451473224
1006	1011	3.041448430637049
1017	1016	3.5111755599301957
1005	1011	3.3894260161267757
1016	1016	1.9794701162485233
1004	1011	3.7374036016165024
1015	1016	2.6828871563715917
1003	1011	4.085381187106229
1014	1013	2.089002762583714
1002	1011	4.433358772595955
1013	1013	1.546636509932741
1001	1011	4.781336358085682
1009	1011	2.4421151489686883
=========================

Tempo:525018.0346666666
Destinazione	 NEXTHOP	 Costo
1011	1011	1.5350981667064068
1000	1011	5.129313943575408
1010	1011	2.041223280426264
1008	1011	2.8430070175111126
1007	1011	2.6934708451473224
1006	1011	3.041448430637049
1017	1016	3.5111755599301957
1005	1011	3.3894260161267757
1016	1016	1.9794701162485233
1004	1011	3.7374036016165024
1015	1016	2.6828871563715917
1003	1011	4.085381187106229
1014	1013	1.9304086773074751
1002	1011	4.433358772595955
1013	1013	1.5304451391698293
1001	1011	4.781336358085682
1009	1011	2.4421151489686883
=========================

Tempo:525018.0346666666
Destinazione	 NEXTHOP	 Costo
1011	1011	1.5350981667064068
1000	1011	5.129313943575408
1010	1011	2.041223280426264
1008	1011	2.8430070175111126
1007	1011	2.6934708451473224
1006	1011	3.041448430637049
1017	1016	3.5111755599301957
1005	1011	3.3894260161267757
1016	1016	2.2602788737962003
1004	1011	3.7374036016165024
1015	1016	2.6828871563715917
1003	1011	4.085381187106229
1014	1013	1.9304086773074751
1002	1011	4.433358772595955
1013	1013	1.5304451391698293
1001	1011	4.781336358085682
1009	1011	2.4421151489686883
=========================

Tempo:530018.0346666666
Destinazione	 NEXTHOP	 Costo
1011	1011	1.5185899869332697
1000	1011	5.129313943575408
1010	1011	2.041223280426264
1008	1011	2.8430070175111126
1007	1011	2.6934708451473224
1006	1011	3.041448430637049
1017	1016	3.5111755599301957
1005	1011	3.3894260161267757
1016	1016	2.2602788737962003
1004	1011	3.7374036016165024
1015	1016	2.6828871563715917
1003	1011	4.085381187106229
1014	1013	1.9304086773074751
1002	1011	4.433358772595955
1013	1013	1.5304451391698293
1001	1011	4.781336358085682
1009	1011	2.4421151489686883
=========================

Tempo:530018.0346666666
Destinazione	 NEXTHOP	 Costo
1011	1011	1.5185899869332697
1000	1011	5.129313943575408
1010	1011	2.041223280426264
1008	1011	2.8430070175111126
1007	1011	2.6934708451473224
1006	1011	3.041448430637049
1017	1016	3.5111755599301957
1005	1011	3.3894260161267757
1016	1016	2.2602788737962003
1004	1011	3.7374036016165024
1015	1016	2.6828871563715917
1003	1011	4.085381187106229
1014	1013	1.9304086773074751
1002	1011	4.433358772595955
1013	1013	1.51419515653553
1001	1011	4.781336358085682
1009	1011	2.4421151489686883
=========================

Tempo:530018.0346666666
Destinazione	 NEXTHOP	 Costo
1011	1011	1.5185899869332697
1000	1011	5.129313943575408
1010	1011	2.041223280426264
1008	1011	2.8430070175111126
1007	1011	2.6934708451473224
1006	1011	3.041448430637049
1005	1011	3.3894260161267757
1004	1011	3.7374036016165024
1003	1011	4.085381187106229
1014	1013	1.9304086773074751
1002	1011	4.433358772595955
1013	1013	1.51419515653553
1001	1011	4.781336358085682
1009	1011	2.4421151489686883
=========================

Tempo:535018.0346666666
Destinazione	 NEXTHOP	 Costo
1011	1011	1.5098741888335507
1000	1011	5.129313943575408
1010	1011	2.041223280426264
1008	1011	2.8430070175111126
1007	1011	2.6934708451473224
1006	1011	3.041448430637049
1017	1011	6.531437001242349
1005	1011	3.3894260161267757
1016	1011	4.999731557560676
1004	1011	3.7374036016165024
1015	1011	4.704407692300713
1003	1011	4.085381187106229
1014	1013	1.9304086773074751
1002	1011	4.433358772595955
1013	1013	1.51419515653553
1001	1011	4.781336358085682
1009	1011	2.4421151489686883
=========================

Tempo:535018.0346666666
Destinazione	 NEXTHOP	 Costo
1011	1011	1.5098741888335507
1000	1011	5.129313943575408
1010	1011	2.041223280426264
1008	1011	2.8430070175111126
1007	1011	2.6934708451473224
1006	1011	3.041448430637049
1017	1013	4.042436985792247
1005	1011	3.3894260161267757
1016	1013	3.1945335034671625
1004	1011	3.7374036016165024
1015	1013	3.8519160700231216
1003	1011	4.085381187106229
1014	1013	1.9304086773074751
1002	1011	4.433358772595955
1013	1013	1.5056252372599377
1001	1011	4.781336358085682
1009	1011	2.4421151489686883
=========================
