
Tempo:570018.0346666666
Destinazione	 NEXTHOP	 Costo
1000	1005	1.981061871199758
1011	1005	26.735037386794986
1010	1005	3.4152922461966098
1008	1005	2.5893406179102842
1007	1005	3143.624396657719
1018	1005	1255.2830996898904
1006	1005	2163.4054064808615
1017	1005	3734.5541546174964
1005	1005	1.0
1016	1005	3265.302613531147
1004	1005	1535.4918840268724
1015	1005	1062.4249704364286
1003	1005	38.89283016895798
1014	1005	1063.5105995989854
1013	1005	1064.6008527053264
1002	1005	3.009253678790543
1001	1005	3.4429241814867755
1012	1005	1103.4433642460808
1009	1005	2.255720904715779
=========================

Tempo:573008.0346666666
Destinazione	 NEXTHOP	 Costo
1000	1005	1.981061871199758
1011	1005	26.735037386794986
1010	1005	3.4152922461966098
1008	1005	2.5893406179102842
1007	1005	3143.624396657719
1018	1005	1255.2830996898904
1006	1005	2163.4054064808615
1017	1005	3734.5541546174964
1016	1005	3265.302613531147
1004	1005	1535.4918840268724
1015	1005	1062.4249704364286
1003	1005	38.89283016895798
1014	1005	1063.5105995989854
1013	1005	1064.6008527053264
1002	1005	3.009253678790543
1001	1005	3.4429241814867755
1012	1005	1103.4433642460808
1009	1005	2.255720904715779
=========================

Tempo:575018.0346666666
Destinazione	 NEXTHOP	 Costo
1000	1005	1.981061871199758
1011	1005	26.735037386794986
1010	1005	3.4152922461966098
1008	1005	2.5893406179102842
1007	1006	1970.9529559139435
1018	1006	50.47926846818869
1006	1006	10.248181244256639
1017	1006	1948.120565676464
1016	1006	1234.6674905309515
1005	1006	2515.1135048283954
1004	1005	1535.4918840268724
1015	1005	1062.4249704364286
1003	1006	13.339983267439301
1014	1005	1063.5105995989854
1013	1005	1064.6008527053264
1002	1005	3.009253678790543
1001	1005	3.4429241814867755
1012	1005	1103.4433642460808
1009	1005	2.255720904715779
=========================

Tempo:575018.0346666666
Destinazione	 NEXTHOP	 Costo
1000	1005	1.981061871199758
1011	1005	26.735037386794986
1010	1005	3.4152922461966098
1008	1005	2.5893406179102842
1007	1018	1766.0155426806427
1018	1018	11.208030371900499
1006	1006	10.248181244256639
1017	1006	1948.120565676464
1016	1006	1234.6674905309515
1005	1006	2515.1135048283954
1004	1005	1535.4918840268724
1015	1005	1062.4249704364286
1003	1006	13.339983267439301
1014	1005	1063.5105995989854
1013	1005	1064.6008527053264
1002	1005	3.009253678790543
1001	1005	3.4429241814867755
1012	1005	1103.4433642460808
1009	1005	2.255720904715779
=========================

Tempo:580018.0346666666
Destinazione	 NEXTHOP	 Costo
1000	1006	1.9474315154893784
1011	1006	22.313321676829165
1010	1006	2.187668602937261
1008	1006	2.2605866869131708
1007	1018	1766.0155426806427
1018	1018	11.208030371900499
1006	1006	0.8575359148360275
1017	1006	1948.120565676464
1016	1006	1225.276845201531
1005	1006	2505.7228594989747
1004	1005	1535.4918840268724
1015	1005	1062.4249704364286
1003	1006	3.9493379380186893
1014	1005	1063.5105995989854
1013	1005	1064.6008527053264
1002	1005	3.009253678790543
1001	1006	3.1141702504896625
1012	1005	1103.4433642460808
1009	1005	2.255720904715779
=========================

Tempo:580018.0346666666
Destinazione	 NEXTHOP	 Costo
1000	1006	1.9474315154893784
1011	1006	22.313321676829165
1010	1006	2.187668602937261
1008	1006	2.2605866869131708
1007	1017	722.5292064014689
1018	1018	11.208030371900499
1006	1006	0.8575359148360275
1017	1017	11.885146492627522
1016	1017	1061.3414790207603
1005	1017	1534.4083926112041
1004	1017	488.25435216009043
1015	1005	1062.4249704364286
1003	1006	3.9493379380186893
1014	1005	1063.5105995989854
1013	1005	1064.6008527053264
1002	1005	3.009253678790543
1001	1006	3.1141702504896625
1012	1005	1103.4433642460808
1009	1005	2.255720904715779
=========================

Tempo:580018.0346666666
Destinazione	 NEXTHOP	 Costo
1000	1006	1.9474315154893784
1011	1006	22.313321676829165
1010	1006	2.187668602937261
1008	1006	2.2605866869131708
1007	1017	722.5292064014689
1018	1018	4.798503748751462
1006	1006	0.8575359148360275
1017	1017	11.885146492627522
1016	1017	1061.3414790207603
1005	1017	1534.4083926112041
1004	1017	488.25435216009043
1015	1005	1062.4249704364286
1003	1006	3.9493379380186893
1014	1005	1063.5105995989854
1013	1005	1064.6008527053264
1002	1005	3.009253678790543
1001	1006	3.1141702504896625
1012	1005	1103.4433642460808
1009	1005	2.255720904715779
=========================

Tempo:585018.0346666666
Destinazione	 NEXTHOP	 Costo
1000	1006	1.2328952570898086
1011	1006	21.598785418429596
1010	1006	1.4731323445376912
1008	1006	1.5460504285136007
1007	1017	722.5292064014689
1018	1018	4.798503748751462
1006	1006	0.14299965643645782
1017	1017	11.885146492627522
1016	1017	1061.3414790207603
1005	1017	1534.4083926112041
1004	1017	488.25435216009043
1015	1005	1062.4249704364286
1003	1006	3.2348016796191192
1014	1005	1063.5105995989854
1013	1005	1064.6008527053264
1002	1006	2.6501822401802295
1001	1006	2.3996339920900924
1012	1005	1103.4433642460808
1009	1006	1.8966494661054651
=========================

Tempo:585018.0346666666
Destinazione	 NEXTHOP	 Costo
1000	1006	1.2328952570898086
1011	1006	21.598785418429596
1010	1006	1.4731323445376912
1008	1006	1.5460504285136007
1007	1007	4484.147743978978
1018	1018	4.798503748751462
1006	1006	0.14299965643645782
1017	1017	11.885146492627522
1016	1017	1061.3414790207603
1005	1017	1534.4083926112041
1004	1017	488.25435216009043
1015	1005	1062.4249704364286
1003	1006	3.2348016796191192
1014	1005	1063.5105995989854
1013	1005	1064.6008527053264
1002	1006	2.6501822401802295
1001	1006	2.3996339920900924
1012	1005	1103.4433642460808
1009	1006	1.8966494661054651
=========================

Tempo:585018.0346666666
Destinazione	 NEXTHOP	 Costo
1000	1006	1.2328952570898086
1011	1006	21.598785418429596
1010	1006	1.4731323445376912
1008	1006	1.5460504285136007
1007	1007	4484.147743978978
1018	1018	4.798503748751462
1006	1006	0.14299965643645782
1017	1017	11.885146492627522
1016	1017	1061.3414790207603
1005	1017	1534.4083926112041
1004	1017	488.25435216009043
1015	1005	1062.4249704364286
1003	1006	3.2348016796191192
1014	1005	1063.5105995989854
1013	1005	1064.6008527053264
1002	1006	2.6501822401802295
1001	1006	2.3996339920900924
1012	1005	1103.4433642460808
1009	1006	1.8966494661054651
=========================

Tempo:585018.0346666666
Destinazione	 NEXTHOP	 Costo
1000	1006	1.2328952570898086
1011	1006	21.598785418429596
1010	1006	1.4731323445376912
1008	1006	1.5460504285136007
1007	1007	4484.147743978978
1018	1018	4.798503748751462
1006	1006	0.14299965643645782
1017	1017	5681.448583187795
1016	1017	1061.3414790207603
1005	1017	1534.4083926112041
1004	1017	488.25435216009043
1015	1005	1062.4249704364286
1003	1006	3.2348016796191192
1014	1005	1063.5105995989854
1013	1005	1064.6008527053264
1002	1006	2.6501822401802295
1001	1006	2.3996339920900924
1012	1005	1103.4433642460808
1009	1006	1.8966494661054651
=========================

Tempo:585018.0346666666
Destinazione	 NEXTHOP	 Costo
1000	1006	1.2328952570898086
1011	1006	21.598785418429596
1010	1006	1.4731323445376912
1008	1006	1.5460504285136007
1007	1018	2979.9087019309814
1018	1018	2925.5134165856007
1006	1006	0.14299965643645782
1017	1018	3974.9697491137335
1016	1017	1061.3414790207603
1005	1017	1534.4083926112041
1004	1017	488.25435216009043
1015	1005	1062.4249704364286
1003	1006	3.2348016796191192
1014	1005	1063.5105995989854
1013	1005	1064.6008527053264
1002	1006	2.6501822401802295
1001	1006	2.3996339920900924
1012	1005	1103.4433642460808
1009	1006	1.8966494661054651
=========================

Tempo:590018.0346666666
Destinazione	 NEXTHOP	 Costo
1000	1006	1.2328952570898086
1011	1006	21.598785418429596
1010	1006	1.4731323445376912
1008	1006	1.5460504285136007
1007	1006	2687.848682305084
1018	1006	2633.4533969597032
1006	1006	36.493792574985335
1017	1006	3682.909729487836
1016	1017	1061.3414790207603
1005	1017	1534.4083926112041
1004	1017	488.25435216009043
1015	1005	1062.4249704364286
1003	1006	3.2348016796191192
1014	1005	1063.5105995989854
1013	1005	1064.6008527053264
1002	1006	2.6501822401802295
1001	1006	2.3996339920900924
1012	1005	1103.4433642460808
1009	1006	1.8966494661054651
=========================

Tempo:590018.0346666666
Destinazione	 NEXTHOP	 Costo
1000	1006	1.2328952570898086
1011	1006	21.598785418429596
1010	1006	1.4731323445376912
1008	1006	1.5460504285136007
1007	1007	2122.8184099525256
1018	1007	2294.423127632485
1006	1006	36.493792574985335
1017	1007	3343.879460160618
1016	1017	1061.3414790207603
1005	1017	1534.4083926112041
1004	1017	488.25435216009043
1015	1005	1062.4249704364286
1003	1006	3.2348016796191192
1014	1005	1063.5105995989854
1013	1005	1064.6008527053264
1002	1006	2.6501822401802295
1001	1006	2.3996339920900924
1012	1005	1103.4433642460808
1009	1006	1.8966494661054651
=========================

Tempo:590018.0346666666
Destinazione	 NEXTHOP	 Costo
1000	1006	1.2328952570898086
1011	1006	21.598785418429596
1010	1006	1.4731323445376912
1008	1008	3160.4338128744967
1007	1007	2122.8184099525256
1018	1007	2294.423127632485
1006	1006	36.493792574985335
1017	1007	3343.879460160618
1016	1017	1061.3414790207603
1005	1017	1534.4083926112041
1004	1017	488.25435216009043
1015	1005	1062.4249704364286
1003	1006	3.2348016796191192
1014	1005	1063.5105995989854
1013	1005	1064.6008527053264
1002	1006	2.6501822401802295
1001	1006	2.3996339920900924
1012	1005	1103.4433642460808
1009	1006	1.8966494661054651
=========================

Tempo:590018.0346666666
Destinazione	 NEXTHOP	 Costo
1000	1006	1.2328952570898086
1011	1006	21.598785418429596
1010	1006	1.4731323445376912
1008	1008	3160.4338128744967
1007	1007	2122.8184099525256
1018	1018	3701.226589444741
1006	1006	36.493792574985335
1017	1007	3343.879460160618
1016	1017	1061.3414790207603
1005	1017	1534.4083926112041
1004	1017	488.25435216009043
1015	1005	1062.4249704364286
1003	1006	3.2348016796191192
1014	1005	1063.5105995989854
1013	1005	1064.6008527053264
1002	1006	2.6501822401802295
1001	1006	2.3996339920900924
1012	1005	1103.4433642460808
1009	1006	1.8966494661054651
=========================

Tempo:595018.0346666666
Destinazione	 NEXTHOP	 Costo
1000	1006	1.2328952570898086
1011	1006	21.598785418429596
1010	1006	1.4731323445376912
1008	1008	3160.4338128744967
1007	1007	2122.8184099525256
1018	1018	3701.226589444741
1006	1006	1055.2404852636587
1017	1007	3343.879460160618
1016	1017	1061.3414790207603
1005	1017	1534.4083926112041
1004	1017	488.25435216009043
1015	1005	1062.4249704364286
1003	1006	3.2348016796191192
1014	1005	1063.5105995989854
1013	1005	1064.6008527053264
1002	1006	2.6501822401802295
1001	1006	2.3996339920900924
1012	1005	1103.4433642460808
1009	1006	1.8966494661054651
=========================

Tempo:595018.0346666666
Destinazione	 NEXTHOP	 Costo
1000	1006	1.2328952570898086
1011	1006	21.598785418429596
1010	1006	1.4731323445376912
1008	1007	909.8681109156278
1007	1007	908.1223067909714
1018	1007	3535.5882850995654
1006	1006	1055.2404852636587
1017	1007	2129.183356999064
1016	1017	1061.3414790207603
1005	1017	1534.4083926112041
1004	1017	488.25435216009043
1015	1005	1062.4249704364286
1003	1006	3.2348016796191192
1014	1005	1063.5105995989854
1013	1005	1064.6008527053264
1002	1006	2.6501822401802295
1001	1006	2.3996339920900924
1012	1005	1103.4433642460808
1009	1006	1.8966494661054651
=========================

Tempo:595018.0346666666
Destinazione	 NEXTHOP	 Costo
1000	1006	1.2328952570898086
1011	1006	21.598785418429596
1010	1006	1.4731323445376912
1008	1008	2158.168798975224
1007	1007	908.1223067909714
1018	1007	3535.5882850995654
1006	1006	1055.2404852636587
1017	1007	2129.183356999064
1016	1017	1061.3414790207603
1005	1017	1534.4083926112041
1004	1017	488.25435216009043
1015	1005	1062.4249704364286
1003	1006	3.2348016796191192
1014	1005	1063.5105995989854
1013	1005	1064.6008527053264
1002	1006	2.6501822401802295
1001	1006	2.3996339920900924
1012	1005	1103.4433642460808
1009	1006	1.8966494661054651
=========================

Tempo:595018.0346666666
Destinazione	 NEXTHOP	 Costo
1000	1006	1.2328952570898086
1011	1006	21.598785418429596
1010	1006	1.4731323445376912
1008	1008	2158.168798975224
1007	1007	908.1223067909714
1018	1018	2742.248315531636
1006	1006	1055.2404852636587
1017	1007	2129.183356999064
1016	1017	1061.3414790207603
1005	1017	1534.4083926112041
1004	1017	488.25435216009043
1015	1005	1062.4249704364286
1003	1006	3.2348016796191192
1014	1005	1063.5105995989854
1013	1005	1064.6008527053264
1002	1006	2.6501822401802295
1001	1006	2.3996339920900924
1012	1005	1103.4433642460808
1009	1006	1.8966494661054651
=========================

Tempo:570018.0346666666
Destinazione	 NEXTHOP	 Costo
1008	1016	14.402190228067239
1007	1016	32.59067158106185
1017	1016	9.918431742942357
1016	1016	1.0
1005	1016	2.8478712559475685
1004	1016	20.313376871041402
1002	1016	2.6919294460856618
1001	1016	20.551278978027927
1011	1016	3.175799611104089
=========================

Tempo:575018.0346666666
Destinazione	 NEXTHOP	 Costo
1008	1016	13.916190498380148
1007	1016	32.10467185137475
1017	1016	9.918431742942357
1016	1016	0.5140002703129085
1005	1016	2.361871526260477
1004	1016	19.82737714135431
1014	1016	38.47689389360996
1002	1016	2.20592971639857
1013	1016	57.40936854620068
1001	1016	20.065279248340836
1011	1016	2.689799881416998
=========================

Tempo:575018.0346666666
Destinazione	 NEXTHOP	 Costo
1008	1016	13.916190498380148
1007	1016	32.10467185137475
1017	1017	12.341095774089442
1016	1016	0.5140002703129085
1005	1016	2.361871526260477
1004	1016	19.82737714135431
1014	1017	30.93041232094195
1002	1016	2.20592971639857
1013	1017	49.86288697353267
1001	1016	20.065279248340836
1011	1016	2.689799881416998
=========================

Tempo:580018.0346666666
Destinazione	 NEXTHOP	 Costo
1008	1016	13.916190498380148
1007	1016	32.10467185137475
1017	1017	12.341095774089442
1016	1016	4.425768218156117
1005	1016	2.361871526260477
1004	1016	19.82737714135431
1014	1017	30.93041232094195
1002	1016	2.20592971639857
1013	1017	49.86288697353267
1001	1016	20.065279248340836
1011	1016	2.689799881416998
=========================

Tempo:580018.0346666666
Destinazione	 NEXTHOP	 Costo
1008	1016	13.916190498380148
1007	1016	32.10467185137475
1017	1017	8.013370592958607
1016	1016	4.425768218156117
1005	1016	2.361871526260477
1004	1016	19.82737714135431
1014	1017	21.062687549632884
1002	1016	2.20592971639857
1013	1017	39.995162202223604
1001	1016	20.065279248340836
1011	1016	2.689799881416998
=========================

Tempo:583008.0346666666
Destinazione	 NEXTHOP	 Costo
1008	1016	13.916190498380148
1007	1016	32.10467185137475
1017	1017	8.013370592958607
1005	1016	2.361871526260477
1004	1016	19.82737714135431
1014	1017	21.062687549632884
1002	1016	2.20592971639857
1013	1017	39.995162202223604
1001	1016	20.065279248340836
1011	1016	2.689799881416998
=========================

Tempo:585018.0346666666
Destinazione	 NEXTHOP	 Costo
1008	1016	13.916190498380148
1007	1016	32.10467185137475
1005	1016	2.361871526260477
1004	1016	19.82737714135431
1002	1016	2.20592971639857
1001	1016	20.065279248340836
1011	1016	2.689799881416998
=========================

Tempo:570018.0346666666
Destinazione	 NEXTHOP	 Costo
1000	1016	981.2836685237618
1011	1016	287.8422731282129
1010	1016	341.2589795895063
1008	1016	288.11970831600973
1007	1016	301.1085009588336
1018	1016	81.4633412655906
1006	1016	1274.0264496059656
1017	1016	1181.7935993474473
1016	1016	1.0
1005	1016	1741.8323756480752
1004	1016	767.8275933948183
1015	1016	9.83882624267613
1014	1016	319.9897025389893
1003	1016	732.7816736497157
1002	1016	3776.9338546369854
1013	1016	1794.1692321570822
1001	1016	681.797164656209
1012	1016	10.198590295942068
1009	1016	3.6410125772198882
=========================

Tempo:575018.0346666666
Destinazione	 NEXTHOP	 Costo
1000	1006	980.960484782516
1011	1016	287.8422731282129
1010	1016	341.2589795895063
1008	1016	288.11970831600973
1007	1016	301.1085009588336
1018	1006	43.006745054284494
1006	1006	0.7729543449576356
1017	1016	1181.7935993474473
1016	1016	1.0
1005	1016	1741.8323756480752
1004	1006	767.6086427778474
1015	1016	9.83882624267613
1014	1016	319.9897025389893
1003	1006	730.0768472745101
1002	1006	3776.7894371692114
1013	1006	1791.4644057818768
1001	1006	681.5782140392381
1012	1016	10.198590295942068
1009	1016	3.6410125772198882
=========================

Tempo:575018.0346666666
Destinazione	 NEXTHOP	 Costo
1000	1016	980.6434325770277
1011	1016	287.2020371814789
1010	1016	340.61874364277224
1008	1016	287.4794723692757
1007	1016	300.46826501209955
1018	1006	43.006745054284494
1006	1006	0.7729543449576356
1017	1016	1181.7935993474473
1016	1016	0.35976405326593747
1005	1016	1741.1921397013411
1004	1016	767.1873574480843
1015	1016	9.198590295942068
1014	1016	319.3494665922553
1003	1006	730.0768472745101
1002	1016	3776.293618690251
1013	1016	1492.0004036937123
1001	1016	681.156928709475
1012	1016	9.558354349208006
1009	1016	3.000776630485826
=========================

Tempo:575018.0346666666
Destinazione	 NEXTHOP	 Costo
1000	1017	110.25100699100507
1011	1016	287.2020371814789
1010	1016	340.61874364277224
1008	1016	287.4794723692757
1007	1016	300.46826501209955
1018	1017	20.889707357977493
1006	1006	0.7729543449576356
1017	1017	9.705163212608655
1016	1016	0.35976405326593747
1005	1016	1741.1921397013411
1004	1017	119.48653640014082
1015	1016	9.198590295942068
1014	1017	22.364914750820844
1003	1017	109.88143609907164
1002	1017	3712.922229325967
1013	1017	35.09889741369626
1001	1017	116.79151222839442
1012	1016	9.558354349208006
1009	1016	3.000776630485826
=========================

Tempo:575018.0346666666
Destinazione	 NEXTHOP	 Costo
1000	1017	110.25100699100507
1011	1016	287.2020371814789
1010	1016	340.61874364277224
1008	1016	287.4794723692757
1007	1016	300.46826501209955
1018	1018	7.075717908247145
1006	1006	0.7729543449576356
1017	1017	9.705163212608655
1016	1016	0.35976405326593747
1005	1016	1741.1921397013411
1004	1017	119.48653640014082
1015	1016	9.198590295942068
1014	1017	22.364914750820844
1003	1017	109.88143609907164
1002	1017	3712.922229325967
1013	1017	35.09889741369626
1001	1017	116.79151222839442
1012	1016	9.558354349208006
1009	1016	3.000776630485826
=========================

Tempo:580018.0346666666
Destinazione	 NEXTHOP	 Costo
1000	1017	110.25100699100507
1011	1016	287.2020371814789
1010	1016	340.61874364277224
1008	1016	287.4794723692757
1007	1016	300.46826501209955
1018	1018	7.075717908247145
1006	1006	0.5928246791580137
1017	1017	9.705163212608655
1016	1016	0.35976405326593747
1005	1016	1741.1921397013411
1004	1017	119.48653640014082
1015	1016	9.198590295942068
1014	1017	22.364914750820844
1003	1017	109.88143609907164
1002	1017	3712.922229325967
1013	1017	35.09889741369626
1001	1017	116.79151222839442
1012	1016	9.558354349208006
1009	1016	3.000776630485826
=========================

Tempo:580018.0346666666
Destinazione	 NEXTHOP	 Costo
1000	1017	110.25100699100507
1011	1016	287.2020371814789
1010	1016	340.61874364277224
1008	1016	287.4794723692757
1007	1016	300.46826501209955
1018	1018	7.075717908247145
1006	1006	0.5928246791580137
1017	1017	9.705163212608655
1016	1016	3.724598895527801
1005	1016	1741.1921397013411
1004	1017	119.48653640014082
1015	1016	9.198590295942068
1014	1017	22.364914750820844
1003	1017	109.88143609907164
1002	1017	3712.922229325967
1013	1017	35.09889741369626
1001	1017	116.79151222839442
1012	1016	9.558354349208006
1009	1016	3.000776630485826
=========================

Tempo:580018.0346666666
Destinazione	 NEXTHOP	 Costo
1000	1017	104.46161411186296
1011	1016	287.2020371814789
1010	1016	340.61874364277224
1008	1016	287.4794723692757
1007	1016	300.46826501209955
1018	1018	7.075717908247145
1006	1006	0.5928246791580137
1017	1017	7.31696117221813
1016	1016	3.724598895527801
1005	1016	1741.1921397013411
1004	1017	113.69714352099871
1015	1016	9.198590295942068
1014	1017	16.575521871678735
1003	1017	104.09204321992952
1002	1017	3707.132836446825
1013	1017	29.30950453455415
1001	1017	111.00211934925231
1012	1016	9.558354349208006
1009	1016	3.000776630485826
=========================

Tempo:580018.0346666666
Destinazione	 NEXTHOP	 Costo
1000	1017	104.46161411186296
1011	1016	287.2020371814789
1010	1016	340.61874364277224
1008	1016	287.4794723692757
1007	1016	300.46826501209955
1018	1018	3.441734377482852
1006	1006	0.5928246791580137
1017	1017	7.31696117221813
1016	1016	3.724598895527801
1005	1016	1741.1921397013411
1004	1017	113.69714352099871
1015	1016	9.198590295942068
1014	1017	16.575521871678735
1003	1017	104.09204321992952
1002	1017	3707.132836446825
1013	1017	29.30950453455415
1001	1017	111.00211934925231
1012	1016	9.558354349208006
1009	1016	3.000776630485826
=========================

Tempo:583008.0346666666
Destinazione	 NEXTHOP	 Costo
1000	1017	104.46161411186296
1011	1016	287.2020371814789
1010	1016	340.61874364277224
1008	1016	287.4794723692757
1007	1016	300.46826501209955
1018	1018	3.441734377482852
1006	1006	0.5928246791580137
1017	1017	7.31696117221813
1005	1016	1741.1921397013411
1004	1017	113.69714352099871
1015	1016	9.198590295942068
1014	1017	16.575521871678735
1003	1017	104.09204321992952
1002	1017	3707.132836446825
1013	1017	29.30950453455415
1001	1017	111.00211934925231
1012	1016	9.558354349208006
1009	1016	3.000776630485826
=========================

Tempo:585018.0346666666
Destinazione	 NEXTHOP	 Costo
1000	1017	104.46161411186296
1011	1016	287.2020371814789
1010	1016	340.61874364277224
1008	1016	287.4794723692757
1007	1016	300.46826501209955
1018	1018	3.441734377482852
1006	1006	0.10010732899387226
1017	1017	7.31696117221813
1005	1016	1741.1921397013411
1004	1017	113.69714352099871
1015	1016	9.198590295942068
1014	1017	16.575521871678735
1003	1017	104.09204321992952
1002	1017	3707.132836446825
1013	1017	29.30950453455415
1001	1017	111.00211934925231
1012	1016	9.558354349208006
1009	1016	3.000776630485826
=========================

Tempo:585018.0346666666
Destinazione	 NEXTHOP	 Costo
1011	1016	287.2020371814789
1010	1016	340.61874364277224
1008	1016	287.4794723692757
1007	1016	300.46826501209955
1018	1018	3.441734377482852
1006	1006	0.10010732899387226
1005	1016	1741.1921397013411
1015	1016	9.198590295942068
1012	1016	9.558354349208006
1009	1016	3.000776630485826
=========================

Tempo:585018.0346666666
Destinazione	 NEXTHOP	 Costo
1011	1016	287.2020371814789
1000	1018	4214.666204458323
1010	1016	340.61874364277224
1008	1016	287.4794723692757
1007	1016	300.46826501209955
1018	1018	2659.6326047868542
1006	1006	0.10010732899387226
1017	1018	4117.521551518677
1005	1016	1741.1921397013411
1016	1018	4113.929189241988
1015	1016	9.198590295942068
1004	1018	4223.9017338674585
1014	1018	2978.5679593271134
1003	1018	3391.35993043784
1013	1018	4139.514094881014
1002	1018	7817.337426793284
1012	1016	9.558354349208006
1001	1018	4221.206709695712
1009	1016	3.000776630485826
=========================

Tempo:590018.0346666666
Destinazione	 NEXTHOP	 Costo
1011	1016	287.2020371814789
1000	1006	481.48484531253325
1010	1016	340.61874364277224
1008	1016	287.4794723692757
1007	1016	300.46826501209955
1018	1018	2659.6326047868542
1006	1006	33.45358362885228
1017	1006	384.34019237288845
1005	1016	1741.1921397013411
1016	1018	4113.929189241988
1015	1016	9.198590295942068
1004	1006	490.720374721669
1014	1006	393.59875307234904
1003	1006	481.1152744205998
1013	1006	406.33273573522445
1002	1006	3809.470066453106
1012	1016	9.558354349208006
1001	1006	488.0253505499226
1009	1016	3.000776630485826
=========================

Tempo:590018.0346666666
Destinazione	 NEXTHOP	 Costo
1011	1016	287.2020371814789
1000	1006	481.48484531253325
1010	1016	340.61874364277224
1008	1016	287.4794723692757
1007	1016	300.46826501209955
1018	1018	3985.7948936814464
1006	1006	33.45358362885228
1017	1006	384.34019237288845
1005	1016	1741.1921397013411
1016	1018	4113.929189241988
1015	1016	9.198590295942068
1004	1006	490.720374721669
1014	1006	393.59875307234904
1003	1006	481.1152744205998
1013	1006	406.33273573522445
1002	1006	3809.470066453106
1012	1016	9.558354349208006
1001	1006	488.0253505499226
1009	1016	3.000776630485826
=========================

Tempo:595018.0346666666
Destinazione	 NEXTHOP	 Costo
1011	1016	287.2020371814789
1000	1006	481.48484531253325
1010	1016	340.61874364277224
1008	1016	287.4794723692757
1007	1016	300.46826501209955
1018	1018	3985.7948936814464
1006	1006	1006.4292028446928
1017	1006	384.34019237288845
1005	1016	1741.1921397013411
1016	1018	4113.929189241988
1015	1016	9.198590295942068
1004	1006	490.720374721669
1014	1006	393.59875307234904
1003	1006	481.1152744205998
1013	1006	406.33273573522445
1002	1006	3809.470066453106
1012	1016	9.558354349208006
1001	1006	488.0253505499226
1009	1016	3.000776630485826
=========================

Tempo:595018.0346666666
Destinazione	 NEXTHOP	 Costo
1011	1016	287.2020371814789
1000	1006	481.48484531253325
1010	1016	340.61874364277224
1008	1016	287.4794723692757
1007	1016	300.46826501209955
1006	1006	1006.4292028446928
1017	1006	384.34019237288845
1005	1016	1741.1921397013411
1015	1016	9.198590295942068
1004	1006	490.720374721669
1014	1006	393.59875307234904
1003	1006	481.1152744205998
1013	1006	406.33273573522445
1002	1006	3809.470066453106
1012	1016	9.558354349208006
1001	1006	488.0253505499226
1009	1016	3.000776630485826
=========================

Tempo:570018.0346666666
Destinazione	 NEXTHOP	 Costo
1000	1016	981.2836685237618
1011	1016	287.8422731282129
1010	1016	341.2589795895063
1008	1016	288.11970831600973
1007	1016	301.1085009588336
1018	1016	81.4633412655906
1006	1016	1274.0264496059656
1017	1016	1181.7935993474473
1016	1016	1.0
1005	1016	1741.8323756480752
1004	1016	767.8275933948183
1015	1016	9.83882624267613
1014	1016	319.9897025389893
1003	1016	732.7816736497157
1002	1016	3776.9338546369854
1013	1016	1794.1692321570822
1001	1016	681.797164656209
1012	1016	10.198590295942068
1009	1016	3.6410125772198882
=========================

Tempo:575018.0346666666
Destinazione	 NEXTHOP	 Costo
1000	1006	980.960484782516
1011	1016	287.8422731282129
1010	1016	341.2589795895063
1008	1016	288.11970831600973
1007	1016	301.1085009588336
1018	1006	43.006745054284494
1006	1006	0.7729543449576356
1017	1016	1181.7935993474473
1016	1016	1.0
1005	1016	1741.8323756480752
1004	1006	767.6086427778474
1015	1016	9.83882624267613
1014	1016	319.9897025389893
1003	1006	730.0768472745101
1002	1006	3776.7894371692114
1013	1006	1791.4644057818768
1001	1006	681.5782140392381
1012	1016	10.198590295942068
1009	1016	3.6410125772198882
=========================

Tempo:575018.0346666666
Destinazione	 NEXTHOP	 Costo
1000	1016	980.6434325770277
1011	1016	287.2020371814789
1010	1016	340.61874364277224
1008	1016	287.4794723692757
1007	1016	300.46826501209955
1018	1006	43.006745054284494
1006	1006	0.7729543449576356
1017	1016	1181.7935993474473
1016	1016	0.35976405326593747
1005	1016	1741.1921397013411
1004	1016	767.1873574480843
1015	1016	9.198590295942068
1014	1016	319.3494665922553
1003	1006	730.0768472745101
1002	1016	3776.293618690251
1013	1016	1492.0004036937123
1001	1016	681.156928709475
1012	1016	9.558354349208006
1009	1016	3.000776630485826
=========================

Tempo:575018.0346666666
Destinazione	 NEXTHOP	 Costo
1000	1017	110.25100699100507
1011	1016	287.2020371814789
1010	1016	340.61874364277224
1008	1016	287.4794723692757
1007	1016	300.46826501209955
1018	1017	20.889707357977493
1006	1006	0.7729543449576356
1017	1017	9.705163212608655
1016	1016	0.35976405326593747
1005	1016	1741.1921397013411
1004	1017	119.48653640014082
1015	1016	9.198590295942068
1014	1017	22.364914750820844
1003	1017	109.88143609907164
1002	1017	3712.922229325967
1013	1017	35.09889741369626
1001	1017	116.79151222839442
1012	1016	9.558354349208006
1009	1016	3.000776630485826
=========================

Tempo:575018.0346666666
Destinazione	 NEXTHOP	 Costo
1000	1017	110.25100699100507
1011	1016	287.2020371814789
1010	1016	340.61874364277224
1008	1016	287.4794723692757
1007	1016	300.46826501209955
1018	1018	7.075717908247145
1006	1006	0.7729543449576356
1017	1017	9.705163212608655
1016	1016	0.35976405326593747
1005	1016	1741.1921397013411
1004	1017	119.48653640014082
1015	1016	9.198590295942068
1014	1017	22.364914750820844
1003	1017	109.88143609907164
1002	1017	3712.922229325967
1013	1017	35.09889741369626
1001	1017	116.79151222839442
1012	1016	9.558354349208006
1009	1016	3.000776630485826
=========================

Tempo:580018.0346666666
Destinazione	 NEXTHOP	 Costo
1000	1017	110.25100699100507
1011	1016	287.2020371814789
1010	1016	340.61874364277224
1008	1016	287.4794723692757
1007	1016	300.46826501209955
1018	1018	7.075717908247145
1006	1006	0.5928246791580137
1017	1017	9.705163212608655
1016	1016	0.35976405326593747
1005	1016	1741.1921397013411
1004	1017	119.48653640014082
1015	1016	9.198590295942068
1014	1017	22.364914750820844
1003	1017	109.88143609907164
1002	1017	3712.922229325967
1013	1017	35.09889741369626
1001	1017	116.79151222839442
1012	1016	9.558354349208006
1009	1016	3.000776630485826
=========================

Tempo:580018.0346666666
Destinazione	 NEXTHOP	 Costo
1000	1017	110.25100699100507
1011	1016	287.2020371814789
1010	1016	340.61874364277224
1008	1016	287.4794723692757
1007	1016	300.46826501209955
1018	1018	7.075717908247145
1006	1006	0.5928246791580137
1017	1017	9.705163212608655
1016	1016	3.724598895527801
1005	1016	1741.1921397013411
1004	1017	119.48653640014082
1015	1016	9.198590295942068
1014	1017	22.364914750820844
1003	1017	109.88143609907164
1002	1017	3712.922229325967
1013	1017	35.09889741369626
1001	1017	116.79151222839442
1012	1016	9.558354349208006
1009	1016	3.000776630485826
=========================

Tempo:580018.0346666666
Destinazione	 NEXTHOP	 Costo
1000	1017	104.46161411186296
1011	1016	287.2020371814789
1010	1016	340.61874364277224
1008	1016	287.4794723692757
1007	1016	300.46826501209955
1018	1018	7.075717908247145
1006	1006	0.5928246791580137
1017	1017	7.31696117221813
1016	1016	3.724598895527801
1005	1016	1741.1921397013411
1004	1017	113.69714352099871
1015	1016	9.198590295942068
1014	1017	16.575521871678735
1003	1017	104.09204321992952
1002	1017	3707.132836446825
1013	1017	29.30950453455415
1001	1017	111.00211934925231
1012	1016	9.558354349208006
1009	1016	3.000776630485826
=========================

Tempo:580018.0346666666
Destinazione	 NEXTHOP	 Costo
1000	1017	104.46161411186296
1011	1016	287.2020371814789
1010	1016	340.61874364277224
1008	1016	287.4794723692757
1007	1016	300.46826501209955
1018	1018	3.441734377482852
1006	1006	0.5928246791580137
1017	1017	7.31696117221813
1016	1016	3.724598895527801
1005	1016	1741.1921397013411
1004	1017	113.69714352099871
1015	1016	9.198590295942068
1014	1017	16.575521871678735
1003	1017	104.09204321992952
1002	1017	3707.132836446825
1013	1017	29.30950453455415
1001	1017	111.00211934925231
1012	1016	9.558354349208006
1009	1016	3.000776630485826
=========================

Tempo:583008.0346666666
Destinazione	 NEXTHOP	 Costo
1000	1017	104.46161411186296
1011	1016	287.2020371814789
1010	1016	340.61874364277224
1008	1016	287.4794723692757
1007	1016	300.46826501209955
1018	1018	3.441734377482852
1006	1006	0.5928246791580137
1017	1017	7.31696117221813
1005	1016	1741.1921397013411
1004	1017	113.69714352099871
1015	1016	9.198590295942068
1014	1017	16.575521871678735
1003	1017	104.09204321992952
1002	1017	3707.132836446825
1013	1017	29.30950453455415
1001	1017	111.00211934925231
1012	1016	9.558354349208006
1009	1016	3.000776630485826
=========================

Tempo:585018.0346666666
Destinazione	 NEXTHOP	 Costo
1000	1017	104.46161411186296
1011	1016	287.2020371814789
1010	1016	340.61874364277224
1008	1016	287.4794723692757
1007	1016	300.46826501209955
1018	1018	3.441734377482852
1006	1006	0.10010732899387226
1017	1017	7.31696117221813
1005	1016	1741.1921397013411
1004	1017	113.69714352099871
1015	1016	9.198590295942068
1014	1017	16.575521871678735
1003	1017	104.09204321992952
1002	1017	3707.132836446825
1013	1017	29.30950453455415
1001	1017	111.00211934925231
1012	1016	9.558354349208006
1009	1016	3.000776630485826
=========================

Tempo:585018.0346666666
Destinazione	 NEXTHOP	 Costo
1011	1016	287.2020371814789
1010	1016	340.61874364277224
1008	1016	287.4794723692757
1007	1016	300.46826501209955
1018	1018	3.441734377482852
1006	1006	0.10010732899387226
1005	1016	1741.1921397013411
1015	1016	9.198590295942068
1012	1016	9.558354349208006
1009	1016	3.000776630485826
=========================

Tempo:585018.0346666666
Destinazione	 NEXTHOP	 Costo
1011	1016	287.2020371814789
1000	1018	4214.666204458323
1010	1016	340.61874364277224
1008	1016	287.4794723692757
1007	1016	300.46826501209955
1018	1018	2659.6326047868542
1006	1006	0.10010732899387226
1017	1018	4117.521551518677
1005	1016	1741.1921397013411
1016	1018	4113.929189241988
1015	1016	9.198590295942068
1004	1018	4223.9017338674585
1014	1018	2978.5679593271134
1003	1018	3391.35993043784
1013	1018	4139.514094881014
1002	1018	7817.337426793284
1012	1016	9.558354349208006
1001	1018	4221.206709695712
1009	1016	3.000776630485826
=========================

Tempo:590018.0346666666
Destinazione	 NEXTHOP	 Costo
1011	1016	287.2020371814789
1000	1006	481.48484531253325
1010	1016	340.61874364277224
1008	1016	287.4794723692757
1007	1016	300.46826501209955
1018	1018	2659.6326047868542
1006	1006	33.45358362885228
1017	1006	384.34019237288845
1005	1016	1741.1921397013411
1016	1018	4113.929189241988
1015	1016	9.198590295942068
1004	1006	490.720374721669
1014	1006	393.59875307234904
1003	1006	481.1152744205998
1013	1006	406.33273573522445
1002	1006	3809.470066453106
1012	1016	9.558354349208006
1001	1006	488.0253505499226
1009	1016	3.000776630485826
=========================

Tempo:590018.0346666666
Destinazione	 NEXTHOP	 Costo
1011	1016	287.2020371814789
1000	1006	481.48484531253325
1010	1016	340.61874364277224
1008	1016	287.4794723692757
1007	1016	300.46826501209955
1018	1018	3985.7948936814464
1006	1006	33.45358362885228
1017	1006	384.34019237288845
1005	1016	1741.1921397013411
1016	1018	4113.929189241988
1015	1016	9.198590295942068
1004	1006	490.720374721669
1014	1006	393.59875307234904
1003	1006	481.1152744205998
1013	1006	406.33273573522445
1002	1006	3809.470066453106
1012	1016	9.558354349208006
1001	1006	488.0253505499226
1009	1016	3.000776630485826
=========================

Tempo:595018.0346666666
Destinazione	 NEXTHOP	 Costo
1011	1016	287.2020371814789
1000	1006	481.48484531253325
1010	1016	340.61874364277224
1008	1016	287.4794723692757
1007	1016	300.46826501209955
1018	1018	3985.7948936814464
1006	1006	1006.4292028446928
1017	1006	384.34019237288845
1005	1016	1741.1921397013411
1016	1018	4113.929189241988
1015	1016	9.198590295942068
1004	1006	490.720374721669
1014	1006	393.59875307234904
1003	1006	481.1152744205998
1013	1006	406.33273573522445
1002	1006	3809.470066453106
1012	1016	9.558354349208006
1001	1006	488.0253505499226
1009	1016	3.000776630485826
=========================

Tempo:595018.0346666666
Destinazione	 NEXTHOP	 Costo
1011	1016	287.2020371814789
1000	1006	481.48484531253325
1010	1016	340.61874364277224
1008	1016	287.4794723692757
1007	1016	300.46826501209955
1006	1006	1006.4292028446928
1017	1006	384.34019237288845
1005	1016	1741.1921397013411
1015	1016	9.198590295942068
1004	1006	490.720374721669
1014	1006	393.59875307234904
1003	1006	481.1152744205998
1013	1006	406.33273573522445
1002	1006	3809.470066453106
1012	1016	9.558354349208006
1001	1006	488.0253505499226
1009	1016	3.000776630485826
=========================

Tempo:600018.0346666666
Destinazione	 NEXTHOP	 Costo
1011	1016	287.2020371814789
1000	1006	481.48484531253325
1010	1016	340.61874364277224
1008	1016	287.4794723692757
1007	1016	300.46826501209955
1018	1006	7175.487476293776
1006	1006	3149.24347626043
1017	1006	384.34019237288845
1005	1016	1741.1921397013411
1016	1006	7263.275847325986
1015	1016	9.198590295942068
1004	1006	490.720374721669
1014	1006	393.59875307234904
1003	1006	481.1152744205998
1013	1006	406.33273573522445
1002	1006	3809.470066453106
1012	1016	9.558354349208006
1001	1006	488.0253505499226
1009	1016	3.000776630485826
=========================

Tempo:600018.0346666666
Destinazione	 NEXTHOP	 Costo
1011	1016	287.2020371814789
1000	1006	481.48484531253325
1010	1016	340.61874364277224
1008	1016	287.4794723692757
1007	1016	300.46826501209955
1018	1006	7175.487476293776
1006	1006	3149.24347626043
1017	1006	384.34019237288845
1005	1016	1741.1921397013411
1016	1006	7263.275847325986
1015	1016	9.198590295942068
1004	1006	490.720374721669
1014	1006	393.59875307234904
1003	1006	481.1152744205998
1013	1006	406.33273573522445
1002	1006	3809.470066453106
1012	1016	9.558354349208006
1001	1006	488.0253505499226
1009	1016	3.000776630485826
=========================

Tempo:600018.0346666666
Destinazione	 NEXTHOP	 Costo
1011	1016	287.2020371814789
1000	1006	481.48484531253325
1010	1016	340.61874364277224
1008	1016	287.4794723692757
1007	1016	300.46826501209955
1018	1006	7175.487476293776
1006	1006	3149.24347626043
1017	1006	384.34019237288845
1005	1016	1741.1921397013411
1016	1006	7263.275847325986
1015	1016	9.198590295942068
1004	1006	490.720374721669
1014	1006	393.59875307234904
1003	1006	481.1152744205998
1013	1006	406.33273573522445
1002	1006	3809.470066453106
1012	1016	9.558354349208006
1001	1006	488.0253505499226
1009	1016	3.000776630485826
=========================

Tempo:603008.0346666666
Destinazione	 NEXTHOP	 Costo
1011	1016	287.2020371814789
1000	1006	481.48484531253325
1010	1016	340.61874364277224
1008	1016	287.4794723692757
1007	1016	300.46826501209955
1018	1006	7175.487476293776
1017	1006	384.34019237288845
1005	1016	1741.1921397013411
1016	1006	7263.275847325986
1015	1016	9.198590295942068
1004	1006	490.720374721669
1014	1006	393.59875307234904
1003	1006	481.1152744205998
1013	1006	406.33273573522445
1002	1006	3809.470066453106
1012	1016	9.558354349208006
1001	1006	488.0253505499226
1009	1016	3.000776630485826
=========================

Tempo:605018.0346666666
Destinazione	 NEXTHOP	 Costo
1011	1016	287.2020371814789
1000	1006	481.48484531253325
1010	1016	340.61874364277224
1008	1016	287.4794723692757
1007	1016	300.46826501209955
1018	1006	7175.487476293776
1017	1006	384.34019237288845
1005	1016	1741.1921397013411
1016	1006	7263.275847325986
1015	1016	9.198590295942068
1004	1006	490.720374721669
1014	1006	393.59875307234904
1003	1006	481.1152744205998
1013	1006	406.33273573522445
1002	1006	3809.470066453106
1012	1016	9.558354349208006
1001	1006	488.0253505499226
1009	1016	3.000776630485826
=========================

Tempo:605018.0346666666
Destinazione	 NEXTHOP	 Costo
1011	1016	287.2020371814789
1000	1006	481.48484531253325
1010	1016	340.61874364277224
1008	1016	287.4794723692757
1007	1016	300.46826501209955
1018	1018	3842.3586404758466
1017	1006	384.34019237288845
1005	1016	1741.1921397013411
1016	1006	7263.275847325986
1015	1016	9.198590295942068
1004	1006	490.720374721669
1014	1006	393.59875307234904
1003	1006	481.1152744205998
1013	1006	406.33273573522445
1002	1006	3809.470066453106
1012	1016	9.558354349208006
1001	1006	488.0253505499226
1009	1016	3.000776630485826
=========================

Tempo:605018.0346666666
Destinazione	 NEXTHOP	 Costo
1011	1016	287.2020371814789
1000	1006	481.48484531253325
1010	1016	340.61874364277224
1020	1020	1623.3476927745623
1008	1016	287.4794723692757
1007	1016	300.46826501209955
1018	1018	3842.3586404758466
1017	1006	384.34019237288845
1005	1016	1741.1921397013411
1016	1020	5738.380063840119
1015	1016	9.198590295942068
1004	1006	490.720374721669
1014	1006	393.59875307234904
1003	1006	481.1152744205998
1013	1006	406.33273573522445
1002	1006	3809.470066453106
1012	1016	9.558354349208006
1001	1006	488.0253505499226
1009	1016	3.000776630485826
=========================

Tempo:610018.0346666666
Destinazione	 NEXTHOP	 Costo
1011	1016	287.2020371814789
1000	1006	481.48484531253325
1010	1016	340.61874364277224
1020	1020	1623.3476927745623
1008	1016	287.4794723692757
1007	1016	300.46826501209955
1018	1018	3842.3586404758466
1017	1006	384.34019237288845
1005	1016	1741.1921397013411
1016	1020	5738.380063840119
1015	1016	9.198590295942068
1004	1006	490.720374721669
1014	1006	393.59875307234904
1003	1006	481.1152744205998
1013	1006	406.33273573522445
1002	1006	3809.470066453106
1012	1016	9.558354349208006
1001	1006	488.0253505499226
1009	1016	3.000776630485826
=========================

Tempo:610018.0346666666
Destinazione	 NEXTHOP	 Costo
1011	1016	287.2020371814789
1000	1006	481.48484531253325
1010	1016	340.61874364277224
1020	1020	1623.3476927745623
1008	1016	287.4794723692757
1007	1016	300.46826501209955
1018	1018	3842.3586404758466
1017	1006	384.34019237288845
1005	1016	1741.1921397013411
1016	1020	5738.380063840119
1015	1016	9.198590295942068
1004	1006	490.720374721669
1014	1006	393.59875307234904
1003	1006	481.1152744205998
1013	1006	406.33273573522445
1002	1006	3809.470066453106
1012	1016	9.558354349208006
1001	1006	488.0253505499226
1009	1016	3.000776630485826
=========================

Tempo:610018.0346666666
Destinazione	 NEXTHOP	 Costo
1011	1016	287.2020371814789
1000	1006	481.48484531253325
1010	1016	340.61874364277224
1020	1020	1623.3476927745623
1008	1016	287.4794723692757
1007	1016	300.46826501209955
1018	1018	2613.454044462334
1017	1006	384.34019237288845
1005	1016	1741.1921397013411
1016	1020	5738.380063840119
1015	1016	9.198590295942068
1004	1006	490.720374721669
1014	1006	393.59875307234904
1003	1006	481.1152744205998
1013	1006	406.33273573522445
1002	1006	3809.470066453106
1012	1016	9.558354349208006
1001	1006	488.0253505499226
1009	1016	3.000776630485826
=========================

Tempo:610018.0346666666
Destinazione	 NEXTHOP	 Costo
1011	1016	287.2020371814789
1000	1006	481.48484531253325
1010	1016	340.61874364277224
1020	1020	716.9606751729194
1008	1016	287.4794723692757
1007	1016	300.46826501209955
1018	1020	730.776292610682
1017	1006	384.34019237288845
1005	1016	1741.1921397013411
1016	1020	4831.993046238476
1015	1016	9.198590295942068
1004	1006	490.720374721669
1014	1006	393.59875307234904
1003	1006	481.1152744205998
1013	1006	406.33273573522445
1002	1006	3809.470066453106
1012	1016	9.558354349208006
1001	1006	488.0253505499226
1009	1016	3.000776630485826
=========================

Tempo:615018.0346666666
Destinazione	 NEXTHOP	 Costo
1011	1016	287.2020371814789
1000	1006	481.48484531253325
1010	1016	340.61874364277224
1020	1020	716.9606751729194
1008	1016	287.4794723692757
1007	1016	300.46826501209955
1018	1020	730.776292610682
1017	1006	384.34019237288845
1006	1009	2223.530660029979
1005	1016	1741.1921397013411
1016	1009	3594.896971430475
1015	1016	9.198590295942068
1004	1006	490.720374721669
1014	1006	393.59875307234904
1003	1006	481.1152744205998
1013	1006	406.33273573522445
1002	1006	3809.470066453106
1012	1016	9.558354349208006
1001	1006	488.0253505499226
1009	1009	2139.997786603466
=========================

Tempo:615018.0346666666
Destinazione	 NEXTHOP	 Costo
1011	1016	287.2020371814789
1000	1006	481.48484531253325
1010	1016	340.61874364277224
1020	1020	716.9606751729194
1008	1016	287.4794723692757
1007	1016	300.46826501209955
1018	1020	730.776292610682
1017	1006	384.34019237288845
1006	1009	2223.530660029979
1005	1016	1741.1921397013411
1016	1009	3594.896971430475
1015	1016	9.198590295942068
1004	1006	490.720374721669
1014	1006	393.59875307234904
1003	1006	481.1152744205998
1013	1006	406.33273573522445
1002	1006	3809.470066453106
1012	1016	9.558354349208006
1001	1006	488.0253505499226
1009	1009	2139.997786603466
=========================

Tempo:615018.0346666666
Destinazione	 NEXTHOP	 Costo
1011	1016	287.2020371814789
1000	1006	481.48484531253325
1010	1016	340.61874364277224
1020	1020	716.9606751729194
1008	1016	287.4794723692757
1007	1016	300.46826501209955
1018	1018	1992.402104116698
1017	1006	384.34019237288845
1006	1018	2166.064442374449
1005	1016	1741.1921397013411
1016	1018	3537.4307537749446
1015	1016	9.198590295942068
1004	1006	490.720374721669
1014	1006	393.59875307234904
1003	1006	481.1152744205998
1013	1006	406.33273573522445
1002	1006	3809.470066453106
1012	1016	9.558354349208006
1001	1006	488.0253505499226
1009	1018	2082.5315689479357
=========================

Tempo:615018.0346666666
Destinazione	 NEXTHOP	 Costo
1011	1016	287.2020371814789
1000	1006	481.48484531253325
1010	1016	340.61874364277224
1020	1020	933.1840202327794
1008	1016	287.4794723692757
1007	1016	300.46826501209955
1018	1020	940.9980110529243
1017	1006	384.34019237288845
1006	1020	1114.6603493106752
1005	1016	1741.1921397013411
1016	1020	2486.026660711171
1015	1016	9.198590295942068
1004	1006	490.720374721669
1014	1006	393.59875307234904
1003	1006	481.1152744205998
1013	1006	406.33273573522445
1002	1006	3809.470066453106
1012	1016	9.558354349208006
1001	1006	488.0253505499226
1009	1020	937.2879786868344
=========================

Tempo:620018.0346666666
Destinazione	 NEXTHOP	 Costo
1011	1016	287.2020371814789
1000	1006	481.48484531253325
1010	1016	340.61874364277224
1020	1020	933.1840202327794
1008	1016	287.4794723692757
1007	1016	300.46826501209955
1018	1020	940.9980110529243
1017	1006	384.34019237288845
1006	1020	1114.6603493106752
1005	1016	1741.1921397013411
1016	1020	2486.026660711171
1015	1016	9.198590295942068
1004	1006	490.720374721669
1014	1006	393.59875307234904
1003	1006	481.1152744205998
1013	1006	406.33273573522445
1002	1006	3809.470066453106
1012	1016	9.558354349208006
1001	1006	488.0253505499226
1009	1009	2062.6788584820843
=========================

Tempo:620018.0346666666
Destinazione	 NEXTHOP	 Costo
1011	1016	287.2020371814789
1000	1006	481.48484531253325
1010	1016	340.61874364277224
1020	1020	933.1840202327794
1008	1016	287.4794723692757
1007	1016	300.46826501209955
1018	1020	940.9980110529243
1017	1006	384.34019237288845
1006	1020	1114.6603493106752
1005	1016	1741.1921397013411
1016	1020	2486.026660711171
1015	1016	9.198590295942068
1004	1006	490.720374721669
1014	1006	393.59875307234904
1003	1006	481.1152744205998
1013	1006	406.33273573522445
1002	1006	3809.470066453106
1012	1016	9.558354349208006
1001	1006	488.0253505499226
1009	1009	2062.6788584820843
=========================

Tempo:620018.0346666666
Destinazione	 NEXTHOP	 Costo
1011	1016	287.2020371814789
1000	1006	481.48484531253325
1010	1016	340.61874364277224
1020	1020	933.1840202327794
1008	1016	287.4794723692757
1007	1016	300.46826501209955
1018	1018	1992.7979150768397
1017	1006	384.34019237288845
1006	1020	1114.6603493106752
1005	1016	1741.1921397013411
1016	1020	2486.026660711171
1015	1016	9.198590295942068
1004	1006	490.720374721669
1014	1006	393.59875307234904
1003	1006	481.1152744205998
1013	1006	406.33273573522445
1002	1006	3809.470066453106
1012	1016	9.558354349208006
1001	1006	488.0253505499226
1009	1009	2062.6788584820843
=========================

Tempo:620018.0346666666
Destinazione	 NEXTHOP	 Costo
1011	1016	287.2020371814789
1000	1006	481.48484531253325
1010	1016	340.61874364277224
1020	1020	919.7091276488723
1008	1016	287.4794723692757
1007	1016	300.46826501209955
1018	1020	927.5231184690172
1017	1006	384.34019237288845
1006	1020	1008.1439315663615
1005	1016	1741.1921397013411
1016	1020	2379.5102429668577
1015	1016	9.198590295942068
1004	1006	490.720374721669
1014	1006	393.59875307234904
1003	1006	481.1152744205998
1013	1006	406.33273573522445
1002	1006	3809.470066453106
1012	1016	9.558354349208006
1001	1006	488.0253505499226
1009	1020	924.6110581398485
=========================

Tempo:625018.0346666666
Destinazione	 NEXTHOP	 Costo
1011	1016	287.2020371814789
1000	1006	481.48484531253325
1010	1016	340.61874364277224
1020	1020	919.7091276488723
1008	1016	287.4794723692757
1007	1016	300.46826501209955
1018	1020	927.5231184690172
1017	1006	384.34019237288845
1006	1020	1008.1439315663615
1005	1016	1741.1921397013411
1016	1020	2379.5102429668577
1015	1016	9.198590295942068
1004	1006	490.720374721669
1014	1006	393.59875307234904
1003	1006	481.1152744205998
1013	1006	406.33273573522445
1002	1006	3809.470066453106
1012	1016	9.558354349208006
1001	1006	488.0253505499226
1009	1020	924.6110581398485
=========================

Tempo:625018.0346666666
Destinazione	 NEXTHOP	 Costo
1011	1016	287.2020371814789
1000	1006	481.48484531253325
1010	1016	340.61874364277224
1020	1020	919.7091276488723
1008	1016	287.4794723692757
1007	1016	300.46826501209955
1018	1020	927.5231184690172
1017	1006	384.34019237288845
1006	1020	1008.1439315663615
1005	1016	1741.1921397013411
1016	1020	2379.5102429668577
1015	1016	9.198590295942068
1004	1006	490.720374721669
1014	1006	393.59875307234904
1003	1006	481.1152744205998
1013	1006	406.33273573522445
1002	1006	3809.470066453106
1012	1016	9.558354349208006
1001	1006	488.0253505499226
1009	1020	924.6110581398485
=========================

Tempo:625018.0346666666
Destinazione	 NEXTHOP	 Costo
1011	1016	287.2020371814789
1000	1006	481.48484531253325
1010	1016	340.61874364277224
1020	1020	738.9602567901144
1008	1016	287.4794723692757
1007	1016	300.46826501209955
1018	1020	746.7742476102593
1017	1006	384.34019237288845
1006	1020	826.2230480477941
1005	1016	1741.1921397013411
1016	1020	2197.58935944829
1015	1016	9.198590295942068
1004	1006	490.720374721669
1014	1006	393.59875307234904
1003	1006	481.1152744205998
1013	1006	406.33273573522445
1002	1006	3809.470066453106
1012	1016	9.558354349208006
1001	1006	488.0253505499226
1009	1020	742.6901746212811
=========================

Tempo:630018.0346666666
Destinazione	 NEXTHOP	 Costo
1011	1016	287.2020371814789
1000	1006	481.48484531253325
1010	1016	340.61874364277224
1020	1020	237.02073930499682
1008	1016	287.4794723692757
1007	1016	300.46826501209955
1018	1020	244.83473012514168
1017	1006	384.34019237288845
1006	1020	826.2230480477941
1005	1016	1741.1921397013411
1016	1020	2197.58935944829
1015	1016	9.198590295942068
1004	1006	490.720374721669
1014	1006	393.59875307234904
1003	1006	481.1152744205998
1013	1006	406.33273573522445
1002	1006	3809.470066453106
1012	1016	9.558354349208006
1001	1006	488.0253505499226
1009	1020	742.6901746212811
=========================

Tempo:630018.0346666666
Destinazione	 NEXTHOP	 Costo
1011	1016	287.2020371814789
1000	1006	481.48484531253325
1010	1016	340.61874364277224
1020	1020	237.02073930499682
1008	1016	287.4794723692757
1007	1016	300.46826501209955
1018	1020	244.83473012514168
1017	1006	384.34019237288845
1006	1020	826.2230480477941
1005	1016	1741.1921397013411
1016	1020	2197.58935944829
1015	1016	9.198590295942068
1004	1006	490.720374721669
1014	1006	393.59875307234904
1003	1006	481.1152744205998
1013	1006	406.33273573522445
1002	1006	3809.470066453106
1012	1016	9.558354349208006
1001	1006	488.0253505499226
1009	1020	742.6901746212811
=========================

Tempo:635018.0346666666
Destinazione	 NEXTHOP	 Costo
1011	1016	287.2020371814789
1000	1006	481.48484531253325
1010	1016	340.61874364277224
1020	1020	7.921063984387486
1008	1016	287.4794723692757
1007	1016	300.46826501209955
1018	1020	15.735054804532346
1017	1020	359.80767272842365
1006	1020	826.2230480477941
1005	1016	1741.1921397013411
1016	1020	2197.58935944829
1015	1016	9.198590295942068
1004	1006	490.720374721669
1014	1020	334.6704093447916
1003	1006	481.1152744205998
1013	1020	381.80021609075965
1002	1006	3809.470066453106
1012	1016	9.558354349208006
1001	1006	488.0253505499226
1009	1020	742.6901746212811
=========================

Tempo:635018.0346666666
Destinazione	 NEXTHOP	 Costo
1011	1016	287.2020371814789
1000	1006	481.48484531253325
1010	1016	340.61874364277224
1021	1021	1016.4175316506784
1020	1020	7.921063984387486
1008	1016	287.4794723692757
1007	1016	300.46826501209955
1018	1020	15.735054804532346
1017	1020	359.80767272842365
1006	1020	826.2230480477941
1005	1016	1741.1921397013411
1016	1020	2197.58935944829
1015	1016	9.198590295942068
1004	1006	490.720374721669
1014	1020	334.6704093447916
1003	1006	481.1152744205998
1013	1020	381.80021609075965
1002	1006	3809.470066453106
1012	1016	9.558354349208006
1001	1006	488.0253505499226
1009	1020	742.6901746212811
=========================

Tempo:640018.0346666666
Destinazione	 NEXTHOP	 Costo
1011	1016	287.2020371814789
1000	1006	481.48484531253325
1010	1016	340.61874364277224
1021	1020	96.74571081632119
1020	1020	84.68465111381931
1008	1016	287.4794723692757
1007	1016	300.46826501209955
1018	1020	15.735054804532346
1017	1020	359.80767272842365
1006	1020	826.2230480477941
1005	1016	1741.1921397013411
1016	1020	2197.58935944829
1015	1016	9.198590295942068
1004	1006	490.720374721669
1014	1020	334.6704093447916
1003	1006	481.1152744205998
1013	1020	381.80021609075965
1002	1006	3809.470066453106
1012	1016	9.558354349208006
1001	1006	488.0253505499226
1009	1020	742.6901746212811
=========================

Tempo:640018.0346666666
Destinazione	 NEXTHOP	 Costo
1011	1016	287.2020371814789
1000	1006	481.48484531253325
1010	1016	340.61874364277224
1021	1021	196.23821955590887
1020	1020	84.68465111381931
1008	1016	287.4794723692757
1007	1016	300.46826501209955
1018	1020	15.735054804532346
1017	1020	359.80767272842365
1006	1020	826.2230480477941
1005	1016	1741.1921397013411
1016	1020	2197.58935944829
1015	1016	9.198590295942068
1004	1006	490.720374721669
1014	1020	334.6704093447916
1003	1006	481.1152744205998
1013	1020	381.80021609075965
1002	1006	3809.470066453106
1012	1016	9.558354349208006
1001	1006	488.0253505499226
1009	1020	742.6901746212811
=========================

Tempo:645018.0346666666
Destinazione	 NEXTHOP	 Costo
1011	1016	287.2020371814789
1000	1006	481.48484531253325
1010	1016	340.61874364277224
1021	1021	196.23821955590887
1020	1020	84.68465111381931
1008	1016	287.4794723692757
1007	1016	300.46826501209955
1018	1020	15.735054804532346
1017	1020	359.80767272842365
1006	1020	826.2230480477941
1005	1016	1741.1921397013411
1016	1020	2197.58935944829
1015	1016	9.198590295942068
1004	1006	490.720374721669
1014	1020	334.6704093447916
1003	1006	481.1152744205998
1013	1020	381.80021609075965
1002	1006	3809.470066453106
1012	1016	9.558354349208006
1001	1006	488.0253505499226
1009	1009	1448.4016608533868
=========================

Tempo:645018.0346666666
Destinazione	 NEXTHOP	 Costo
1011	1016	287.2020371814789
1000	1006	481.48484531253325
1010	1016	340.61874364277224
1021	1021	196.23821955590887
1020	1020	405.7802697660865
1008	1016	287.4794723692757
1007	1016	300.46826501209955
1018	1020	15.735054804532346
1017	1020	359.80767272842365
1006	1020	826.2230480477941
1005	1016	1741.1921397013411
1016	1020	2197.58935944829
1015	1016	9.198590295942068
1004	1006	490.720374721669
1014	1020	334.6704093447916
1003	1006	481.1152744205998
1013	1020	381.80021609075965
1002	1006	3809.470066453106
1012	1016	9.558354349208006
1001	1006	488.0253505499226
1009	1020	1148.5742634215933
=========================

Tempo:645018.0346666666
Destinazione	 NEXTHOP	 Costo
1011	1016	287.2020371814789
1000	1021	110.00211991416424
1010	1016	340.61874364277224
1021	1021	23.02132833206502
1020	1021	27.92442251264616
1008	1016	287.4794723692757
1007	1016	300.46826501209955
1018	1020	15.735054804532346
1017	1020	359.80767272842365
1006	1021	108.97763448001115
1005	1016	1741.1921397013411
1016	1021	1480.343945880507
1015	1016	9.198590295942068
1004	1021	119.23764932329999
1014	1020	334.6704093447916
1003	1021	109.6325490222308
1013	1020	381.80021609075965
1002	1021	3712.6733422491257
1012	1016	9.558354349208006
1001	1021	116.5426251515536
1009	1021	25.444761053498205
=========================

Tempo:650018.0346666666
Destinazione	 NEXTHOP	 Costo
1011	1016	287.2020371814789
1000	1021	110.00211991416424
1010	1016	340.61874364277224
1021	1021	23.02132833206502
1020	1021	27.92442251264616
1008	1016	287.4794723692757
1007	1016	300.46826501209955
1018	1020	15.735054804532346
1017	1020	359.80767272842365
1006	1021	108.97763448001115
1005	1016	1741.1921397013411
1016	1021	1480.343945880507
1015	1016	9.198590295942068
1004	1021	119.23764932329999
1014	1020	334.6704093447916
1003	1021	109.6325490222308
1013	1020	381.80021609075965
1002	1021	3712.6733422491257
1012	1016	9.558354349208006
1001	1021	116.5426251515536
1009	1009	733.0547451510956
=========================

Tempo:650018.0346666666
Destinazione	 NEXTHOP	 Costo
1011	1016	287.2020371814789
1000	1021	110.00211991416424
1010	1016	340.61874364277224
1021	1021	23.02132833206502
1020	1020	643.029425665745
1008	1016	287.4794723692757
1007	1016	300.46826501209955
1018	1020	15.735054804532346
1017	1020	359.80767272842365
1006	1021	108.97763448001115
1005	1016	1741.1921397013411
1016	1021	1480.343945880507
1015	1016	9.198590295942068
1004	1021	119.23764932329999
1014	1020	334.6704093447916
1003	1021	109.6325490222308
1013	1020	381.80021609075965
1002	1021	3712.6733422491257
1012	1016	9.558354349208006
1001	1021	116.5426251515536
1009	1020	653.0288976723277
=========================

Tempo:650018.0346666666
Destinazione	 NEXTHOP	 Costo
1011	1016	287.2020371814789
1000	1021	87.03513958082927
1010	1016	340.61874364277224
1021	1021	0.054347998730044665
1020	1020	643.029425665745
1008	1016	287.4794723692757
1007	1016	300.46826501209955
1018	1021	8.83882624267613
1017	1021	352.91144416656743
1006	1021	86.01065414667617
1005	1016	1741.1921397013411
1016	1021	1457.376965547172
1015	1016	9.198590295942068
1004	1021	96.27066898996502
1014	1021	327.7741807829354
1003	1021	86.66556868889583
1013	1021	374.90398752890343
1002	1021	3689.7063619157907
1012	1016	9.558354349208006
1001	1021	93.57564481821862
1009	1021	5.504494531782411
=========================

Tempo:655018.0346666666
Destinazione	 NEXTHOP	 Costo
1011	1016	287.2020371814789
1000	1021	87.03513958082927
1010	1016	340.61874364277224
1021	1021	0.054347998730044665
1020	1020	643.029425665745
1008	1016	287.4794723692757
1007	1016	300.46826501209955
1018	1021	8.83882624267613
1017	1021	352.91144416656743
1006	1021	86.01065414667617
1005	1016	1741.1921397013411
1016	1021	1457.376965547172
1015	1016	9.198590295942068
1004	1021	96.27066898996502
1014	1021	327.7741807829354
1003	1021	86.66556868889583
1013	1021	374.90398752890343
1002	1021	3689.7063619157907
1012	1016	9.558354349208006
1001	1021	93.57564481821862
1009	1009	1360.0134734841956
=========================

Tempo:655018.0346666666
Destinazione	 NEXTHOP	 Costo
1011	1016	287.2020371814789
1000	1021	87.03513958082927
1010	1016	340.61874364277224
1021	1021	0.054347998730044665
1020	1020	1180.7935993474473
1008	1016	287.4794723692757
1007	1016	300.46826501209955
1018	1021	8.83882624267613
1017	1021	352.91144416656743
1006	1021	86.01065414667617
1005	1016	1741.1921397013411
1016	1021	1457.376965547172
1015	1016	9.198590295942068
1004	1021	96.27066898996502
1014	1021	327.7741807829354
1003	1021	86.66556868889583
1013	1021	374.90398752890343
1002	1021	3689.7063619157907
1012	1016	9.558354349208006
1001	1021	93.57564481821862
1009	1020	1190.7930713540302
=========================

Tempo:655018.0346666666
Destinazione	 NEXTHOP	 Costo
1011	1016	287.2020371814789
1000	1021	87.03513958082927
1010	1016	340.61874364277224
1021	1021	80.4633412655906
1020	1020	1180.7935993474473
1008	1016	287.4794723692757
1007	1016	300.46826501209955
1018	1021	8.83882624267613
1017	1021	352.91144416656743
1006	1021	86.01065414667617
1005	1016	1741.1921397013411
1016	1021	1457.376965547172
1015	1016	9.198590295942068
1004	1021	96.27066898996502
1014	1021	327.7741807829354
1003	1021	86.66556868889583
1013	1021	374.90398752890343
1002	1021	3689.7063619157907
1012	1016	9.558354349208006
1001	1021	93.57564481821862
1009	1020	1190.7930713540302
=========================

Tempo:660018.0346666666
Destinazione	 NEXTHOP	 Costo
1011	1016	287.2020371814789
1000	1021	87.03513958082927
1010	1016	340.61874364277224
1021	1021	80.4633412655906
1020	1020	1180.7935993474473
1008	1016	287.4794723692757
1007	1016	300.46826501209955
1018	1021	8.83882624267613
1017	1021	352.91144416656743
1006	1021	86.01065414667617
1005	1016	1741.1921397013411
1016	1021	1457.376965547172
1015	1016	9.198590295942068
1004	1021	96.27066898996502
1014	1021	327.7741807829354
1003	1021	86.66556868889583
1013	1021	374.90398752890343
1002	1021	3689.7063619157907
1012	1016	9.558354349208006
1001	1021	93.57564481821862
1009	1009	1273.0264496059656
=========================

Tempo:660018.0346666666
Destinazione	 NEXTHOP	 Costo
1011	1016	287.2020371814789
1000	1021	87.03513958082927
1010	1016	340.61874364277224
1021	1021	80.4633412655906
1020	1020	1461.8695434416325
1008	1016	287.4794723692757
1007	1016	300.46826501209955
1018	1021	8.83882624267613
1017	1021	352.91144416656743
1006	1021	86.01065414667617
1005	1020	1496.5777771703974
1016	1021	1457.376965547172
1015	1016	9.198590295942068
1004	1021	96.27066898996502
1014	1021	327.7741807829354
1003	1021	86.66556868889583
1013	1021	374.90398752890343
1002	1020	1482.6706148769772
1012	1016	9.558354349208006
1001	1021	93.57564481821862
1009	1009	1273.0264496059656
=========================

Tempo:660018.0346666666
Destinazione	 NEXTHOP	 Costo
1011	1016	287.2020371814789
1000	1021	87.03513958082927
1010	1016	340.61874364277224
1021	1021	929.3959090734643
1020	1020	1461.8695434416325
1008	1016	287.4794723692757
1007	1016	300.46826501209955
1018	1021	8.83882624267613
1017	1021	352.91144416656743
1006	1021	86.01065414667617
1005	1020	1496.5777771703974
1016	1021	1457.376965547172
1015	1016	9.198590295942068
1004	1021	96.27066898996502
1014	1021	327.7741807829354
1003	1021	86.66556868889583
1013	1021	374.90398752890343
1002	1020	1482.6706148769772
1012	1016	9.558354349208006
1001	1021	93.57564481821862
1009	1021	959.0108912125804
=========================

Tempo:660018.0346666666
Destinazione	 NEXTHOP	 Costo
1011	1016	287.2020371814789
1000	1021	87.03513958082927
1022	1022	2637.748173626566
1010	1016	340.61874364277224
1021	1021	929.3959090734643
1020	1020	1461.8695434416325
1008	1016	287.4794723692757
1007	1016	300.46826501209955
1018	1021	8.83882624267613
1017	1021	352.91144416656743
1006	1021	86.01065414667617
1005	1020	1496.5777771703974
1016	1021	1457.376965547172
1015	1016	9.198590295942068
1004	1021	96.27066898996502
1014	1021	327.7741807829354
1003	1021	86.66556868889583
1013	1021	374.90398752890343
1002	1020	1482.6706148769772
1012	1016	9.558354349208006
1001	1021	93.57564481821862
1009	1021	959.0108912125804
=========================

Tempo:665018.0346666666
Destinazione	 NEXTHOP	 Costo
1011	1016	287.2020371814789
1000	1021	87.03513958082927
1022	1022	2637.748173626566
1010	1016	340.61874364277224
1021	1021	929.3959090734643
1020	1020	1461.8695434416325
1008	1016	287.4794723692757
1007	1016	300.46826501209955
1018	1021	8.83882624267613
1017	1021	352.91144416656743
1006	1021	86.01065414667617
1005	1020	1496.5777771703974
1016	1021	1457.376965547172
1015	1016	9.198590295942068
1004	1021	96.27066898996502
1014	1021	327.7741807829354
1003	1021	86.66556868889583
1013	1021	374.90398752890343
1002	1020	1482.6706148769772
1012	1016	9.558354349208006
1001	1021	93.57564481821862
1009	1009	911.4645374802682
=========================

Tempo:665018.0346666666
Destinazione	 NEXTHOP	 Costo
1011	1016	287.2020371814789
1000	1021	87.03513958082927
1022	1022	2637.748173626566
1010	1016	340.61874364277224
1021	1021	929.3959090734643
1020	1020	2126.0137780169057
1008	1016	287.4794723692757
1007	1016	300.46826501209955
1018	1021	8.83882624267613
1017	1021	352.91144416656743
1006	1021	86.01065414667617
1005	1020	1496.5777771703974
1016	1021	1457.376965547172
1015	1016	9.198590295942068
1004	1021	96.27066898996502
1014	1021	327.7741807829354
1003	1021	86.66556868889583
1013	1021	374.90398752890343
1002	1020	1482.6706148769772
1012	1016	9.558354349208006
1001	1021	93.57564481821862
1009	1009	911.4645374802682
=========================

Tempo:665018.0346666666
Destinazione	 NEXTHOP	 Costo
1011	1016	287.2020371814789
1000	1021	87.03513958082927
1022	1022	2637.748173626566
1010	1016	340.61874364277224
1021	1021	1676.9829247161108
1020	1020	2126.0137780169057
1008	1016	287.4794723692757
1007	1016	300.46826501209955
1018	1021	8.83882624267613
1017	1021	352.91144416656743
1006	1021	86.01065414667617
1005	1020	1496.5777771703974
1016	1021	1457.376965547172
1015	1016	9.198590295942068
1004	1021	96.27066898996502
1014	1021	327.7741807829354
1003	1021	86.66556868889583
1013	1021	374.90398752890343
1002	1020	1482.6706148769772
1012	1016	9.558354349208006
1001	1021	93.57564481821862
1009	1009	911.4645374802682
=========================

Tempo:665018.0346666666
Destinazione	 NEXTHOP	 Costo
1011	1022	106.04451330615028
1000	1021	87.03513958082927
1022	1022	67.72754569659709
1010	1022	104.42438203917527
1021	1022	74.80326360484423
1020	1022	77.43270890920574
1008	1022	104.9209767986238
1007	1022	107.90582437554922
1018	1021	8.83882624267613
1017	1022	90.09246044741793
1006	1021	86.01065414667617
1005	1022	106.2784862474935
1016	1022	102.82644311029335
1015	1016	9.198590295942068
1004	1021	96.27066898996502
1014	1022	104.05481644689765
1003	1021	86.66556868889583
1013	1022	108.61158938831619
1002	1022	92.37132395407309
1012	1016	9.558354349208006
1001	1021	93.57564481821862
1009	1022	68.50050004155473
=========================

Tempo:670018.0346666666
Destinazione	 NEXTHOP	 Costo
1011	1022	106.04451330615028
1000	1021	87.03513958082927
1022	1022	67.72754569659709
1010	1022	104.42438203917527
1021	1022	74.80326360484423
1020	1022	77.43270890920574
1008	1022	104.9209767986238
1007	1022	107.90582437554922
1018	1021	8.83882624267613
1017	1022	90.09246044741793
1006	1021	86.01065414667617
1005	1022	106.2784862474935
1016	1022	102.82644311029335
1015	1016	9.198590295942068
1004	1021	96.27066898996502
1014	1022	104.05481644689765
1003	1021	86.66556868889583
1013	1022	108.61158938831619
1002	1022	92.37132395407309
1012	1016	9.558354349208006
1001	1021	93.57564481821862
1009	1009	1987.8150144044064
=========================

Tempo:670018.0346666666
Destinazione	 NEXTHOP	 Costo
1011	1022	106.04451330615028
1022	1022	67.72754569659709
1010	1022	104.42438203917527
1021	1022	74.80326360484423
1020	1022	77.43270890920574
1008	1022	104.9209767986238
1007	1022	107.90582437554922
1017	1022	90.09246044741793
1005	1022	106.2784862474935
1016	1022	102.82644311029335
1015	1016	9.198590295942068
1014	1022	104.05481644689765
1013	1022	108.61158938831619
1002	1022	92.37132395407309
1012	1016	9.558354349208006
1009	1009	1987.8150144044064
=========================

Tempo:670018.0346666666
Destinazione	 NEXTHOP	 Costo
1011	1022	106.04451330615028
1022	1022	1027.923694984187
1000	1022	1053.1923513443646
1010	1022	104.42438203917527
1021	1022	74.80326360484423
1020	1022	77.43270890920574
1008	1022	104.9209767986238
1007	1022	107.90582437554922
1018	1022	1037.122285280129
1017	1022	90.09246044741793
1006	1022	1053.0454614783866
1005	1022	106.2784862474935
1016	1022	102.82644311029335
1015	1016	9.198590295942068
1004	1022	1063.8682050325995
1014	1022	104.05481644689765
1003	1022	1057.0892598395262
1013	1022	108.61158938831619
1002	1022	92.37132395407309
1012	1016	9.558354349208006
1001	1022	1059.7328565817538
1009	1022	1028.516519663345
=========================

Tempo:693008.0346666666
Destinazione	 NEXTHOP	 Costo
1011	1022	106.04451330615028
1022	1022	1027.923694984187
1000	1022	1053.1923513443646
1010	1022	104.42438203917527
1021	1022	74.80326360484423
1020	1022	77.43270890920574
1008	1022	104.9209767986238
1007	1022	107.90582437554922
1018	1022	1037.122285280129
1017	1022	90.09246044741793
1006	1022	1053.0454614783866
1005	1022	106.2784862474935
1016	1022	102.82644311029335
1015	1016	9.198590295942068
1004	1022	1063.8682050325995
1014	1022	104.05481644689765
1003	1022	1057.0892598395262
1013	1022	108.61158938831619
1002	1022	92.37132395407309
1012	1016	9.558354349208006
1001	1022	1059.7328565817538
=========================

Tempo:763008.0346666666
Destinazione	 NEXTHOP	 Costo
1011	1022	106.04451330615028
1000	1022	1053.1923513443646
1010	1022	104.42438203917527
1021	1022	74.80326360484423
1020	1022	77.43270890920574
1008	1022	104.9209767986238
1007	1022	107.90582437554922
1018	1022	1037.122285280129
1017	1022	90.09246044741793
1006	1022	1053.0454614783866
1005	1022	106.2784862474935
1016	1022	102.82644311029335
1015	1016	9.198590295942068
1004	1022	1063.8682050325995
1014	1022	104.05481644689765
1003	1022	1057.0892598395262
1013	1022	108.61158938831619
1002	1022	92.37132395407309
1012	1016	9.558354349208006
1001	1022	1059.7328565817538
=========================

Tempo:783008.0346666666
Destinazione	 NEXTHOP	 Costo
1011	1022	106.04451330615028
1000	1022	1053.1923513443646
1010	1022	104.42438203917527
1021	1022	74.80326360484423
1020	1022	77.43270890920574
1008	1022	104.9209767986238
1007	1022	107.90582437554922
1018	1022	1037.122285280129
1017	1022	90.09246044741793
1006	1022	1053.0454614783866
1005	1022	106.2784862474935
1016	1022	102.82644311029335
1015	1016	9.198590295942068
1004	1022	1063.8682050325995
1014	1022	104.05481644689765
1003	1022	1057.0892598395262
1013	1022	108.61158938831619
1002	1022	92.37132395407309
1001	1022	1059.7328565817538
=========================

Tempo:843008.0346666666
Destinazione	 NEXTHOP	 Costo
1011	1022	106.04451330615028
1000	1022	1053.1923513443646
1010	1022	104.42438203917527
1021	1022	74.80326360484423
1020	1022	77.43270890920574
1008	1022	104.9209767986238
1007	1022	107.90582437554922
1018	1022	1037.122285280129
1017	1022	90.09246044741793
1006	1022	1053.0454614783866
1005	1022	106.2784862474935
1016	1022	102.82644311029335
1015	1016	9.198590295942068
1004	1022	1063.8682050325995
1014	1022	104.05481644689765
1003	1022	1057.0892598395262
1013	1022	108.61158938831619
1001	1022	1059.7328565817538
=========================

Tempo:873008.0346666666
Destinazione	 NEXTHOP	 Costo
1011	1022	106.04451330615028
1000	1022	1053.1923513443646
1010	1022	104.42438203917527
1021	1022	74.80326360484423
1020	1022	77.43270890920574
1008	1022	104.9209767986238
1007	1022	107.90582437554922
1018	1022	1037.122285280129
1017	1022	90.09246044741793
1006	1022	1053.0454614783866
1005	1022	106.2784862474935
1016	1022	102.82644311029335
1004	1022	1063.8682050325995
1014	1022	104.05481644689765
1003	1022	1057.0892598395262
1013	1022	108.61158938831619
1001	1022	1059.7328565817538
=========================

Tempo:933008.0346666666
Destinazione	 NEXTHOP	 Costo
1011	1022	106.04451330615028
1000	1022	1053.1923513443646
1010	1022	104.42438203917527
1021	1022	74.80326360484423
1020	1022	77.43270890920574
1008	1022	104.9209767986238
1007	1022	107.90582437554922
1018	1022	1037.122285280129
1017	1022	90.09246044741793
1006	1022	1053.0454614783866
1016	1022	102.82644311029335
1004	1022	1063.8682050325995
1014	1022	104.05481644689765
1003	1022	1057.0892598395262
1013	1022	108.61158938831619
1001	1022	1059.7328565817538
=========================

Tempo:963008.0346666666
Destinazione	 NEXTHOP	 Costo
1011	1022	106.04451330615028
1000	1022	1053.1923513443646
1010	1022	104.42438203917527
1021	1022	74.80326360484423
1020	1022	77.43270890920574
1008	1022	104.9209767986238
1007	1022	107.90582437554922
1017	1022	90.09246044741793
1006	1022	1053.0454614783866
1016	1022	102.82644311029335
1004	1022	1063.8682050325995
1014	1022	104.05481644689765
1003	1022	1057.0892598395262
1013	1022	108.61158938831619
1001	1022	1059.7328565817538
=========================

Tempo:1023008.0346666666
Destinazione	 NEXTHOP	 Costo
1011	1022	106.04451330615028
1000	1022	1053.1923513443646
1010	1022	104.42438203917527
1021	1022	74.80326360484423
1020	1022	77.43270890920574
1007	1022	107.90582437554922
1017	1022	90.09246044741793
1006	1022	1053.0454614783866
1016	1022	102.82644311029335
1004	1022	1063.8682050325995
1014	1022	104.05481644689765
1003	1022	1057.0892598395262
1013	1022	108.61158938831619
1001	1022	1059.7328565817538
=========================

Tempo:1053008.0346666668
Destinazione	 NEXTHOP	 Costo
1011	1022	106.04451330615028
1000	1022	1053.1923513443646
1010	1022	104.42438203917527
1020	1022	77.43270890920574
1007	1022	107.90582437554922
1017	1022	90.09246044741793
1006	1022	1053.0454614783866
1016	1022	102.82644311029335
1004	1022	1063.8682050325995
1014	1022	104.05481644689765
1003	1022	1057.0892598395262
1013	1022	108.61158938831619
1001	1022	1059.7328565817538
=========================

Tempo:1113008.0346666668
Destinazione	 NEXTHOP	 Costo
1000	1022	1053.1923513443646
1010	1022	104.42438203917527
1020	1022	77.43270890920574
1007	1022	107.90582437554922
1017	1022	90.09246044741793
1006	1022	1053.0454614783866
1016	1022	102.82644311029335
1004	1022	1063.8682050325995
1014	1022	104.05481644689765
1003	1022	1057.0892598395262
1013	1022	108.61158938831619
1001	1022	1059.7328565817538
=========================

Tempo:1203008.0346666668
Destinazione	 NEXTHOP	 Costo
1000	1022	1053.1923513443646
1010	1022	104.42438203917527
1020	1022	77.43270890920574
1007	1022	107.90582437554922
1017	1022	90.09246044741793
1006	1022	1053.0454614783866
1016	1022	102.82644311029335
1004	1022	1063.8682050325995
1003	1022	1057.0892598395262
1013	1022	108.61158938831619
1001	1022	1059.7328565817538
=========================

Tempo:1293008.0346666668
Destinazione	 NEXTHOP	 Costo
1000	1022	1053.1923513443646
1010	1022	104.42438203917527
1020	1022	77.43270890920574
1007	1022	107.90582437554922
1006	1022	1053.0454614783866
1016	1022	102.82644311029335
1004	1022	1063.8682050325995
1003	1022	1057.0892598395262
1013	1022	108.61158938831619
1001	1022	1059.7328565817538
=========================

Tempo:1383008.0346666668
Destinazione	 NEXTHOP	 Costo
1000	1022	1053.1923513443646
1010	1022	104.42438203917527
1007	1022	107.90582437554922
1006	1022	1053.0454614783866
1016	1022	102.82644311029335
1004	1022	1063.8682050325995
1003	1022	1057.0892598395262
1013	1022	108.61158938831619
1001	1022	1059.7328565817538
=========================

Tempo:570018.0346666666
Destinazione	 NEXTHOP	 Costo
=========================

Tempo:570018.0346666666
Destinazione	 NEXTHOP	 Costo
=========================

Tempo:575018.0346666666
Destinazione	 NEXTHOP	 Costo
1000	1017	4.404966165019945
1011	1017	8.694751198216341
1010	1017	3.632649326359601
1008	1017	4.165582872830996
1007	1017	4.286172527895548
1018	1017	224.96901704855438
1017	1017	1.0
1006	1017	3.337633760571794
1005	1017	7.149271167647285
1016	1017	246.08724326035934
1004	1017	251.42143951797453
1003	1017	4.141781663048407
1014	1017	227.8242443880614
1002	1017	2.997396072598661
1013	1017	230.43394167521936
1001	1017	6.949491340191427
1012	1017	247.8806305773836
1009	1017	3.8698075239462146
=========================

Tempo:575018.0346666666
Destinazione	 NEXTHOP	 Costo
1000	1017	4.404966165019945
1011	1017	8.694751198216341
1010	1017	3.632649326359601
1008	1017	4.165582872830996
1007	1017	4.286172527895548
1018	1018	0.9941245664917202
1017	1017	1.0
1006	1017	3.337633760571794
1005	1017	7.149271167647285
1016	1018	22.112350778296687
1004	1018	27.446547035911887
1003	1017	4.141781663048407
1014	1018	3.8493519059987342
1002	1017	2.997396072598661
1013	1018	6.459049193156701
1001	1017	6.949491340191427
1012	1018	23.905738095320945
1009	1017	3.8698075239462146
=========================

Tempo:580018.0346666666
Destinazione	 NEXTHOP	 Costo
1000	1017	4.404966165019945
1011	1017	8.694751198216341
1010	1017	3.632649326359601
1008	1017	4.165582872830996
1007	1017	4.286172527895548
1018	1018	0.9941245664917202
1017	1017	1.0
1006	1017	3.337633760571794
1005	1017	7.149271167647285
1016	1018	22.112350778296687
1004	1018	27.446547035911887
1003	1017	4.141781663048407
1014	1018	3.8493519059987342
1002	1017	2.997396072598661
1013	1018	6.459049193156701
1001	1017	6.949491340191427
1012	1018	23.905738095320945
1009	1017	3.8698075239462146
=========================

Tempo:580018.0346666666
Destinazione	 NEXTHOP	 Costo
1000	1017	4.265853773108611
1011	1017	8.555638806305007
1010	1017	3.4935369344482665
1008	1017	4.026470480919662
1007	1017	4.147060135984214
1018	1018	0.9941245664917202
1017	1017	0.8608876080886657
1006	1017	3.1985213686604594
1005	1017	7.010158775735951
1016	1018	22.112350778296687
1004	1018	27.446547035911887
1003	1017	4.002669271137074
1014	1018	3.8493519059987342
1002	1017	2.8582836806873266
1013	1018	6.459049193156701
1001	1017	6.810378948280093
1012	1018	23.905738095320945
1009	1017	3.7306951320348802
=========================

Tempo:580018.0346666666
Destinazione	 NEXTHOP	 Costo
1000	1017	4.265853773108611
1011	1017	8.555638806305007
1010	1017	3.4935369344482665
1008	1017	4.026470480919662
1007	1017	4.147060135984214
1018	1018	0.8981894483516288
1017	1017	0.8608876080886657
1006	1017	3.1985213686604594
1005	1017	7.010158775735951
1016	1018	22.016415660156596
1004	1018	27.350611917771797
1003	1017	4.002669271137074
1014	1018	3.753416787858643
1002	1017	2.8582836806873266
1013	1018	6.363114075016609
1001	1017	6.810378948280093
1012	1018	23.809802977180855
1009	1017	3.7306951320348802
=========================

Tempo:585018.0346666666
Destinazione	 NEXTHOP	 Costo
1000	1017	4.265853773108611
1011	1017	8.555638806305007
1010	1017	3.4935369344482665
1008	1017	4.026470480919662
1007	1017	4.147060135984214
1018	1018	0.8981894483516288
1017	1017	0.8608876080886657
1006	1017	3.1985213686604594
1005	1017	7.010158775735951
1016	1018	22.016415660156596
1004	1018	27.350611917771797
1003	1017	4.002669271137074
1014	1014	1.242397053851358
1002	1017	2.8582836806873266
1013	1018	6.363114075016609
1001	1017	6.810378948280093
1012	1014	22.360623265656326
1009	1017	3.7306951320348802
=========================

Tempo:585018.0346666666
Destinazione	 NEXTHOP	 Costo
1000	1017	4.203395792425091
1011	1017	8.493180825621488
1010	1017	3.4310789537647475
1008	1017	4.026470480919662
1007	1017	4.084602155300694
1018	1018	0.8981894483516288
1017	1017	0.7984296274051464
1006	1017	3.1360633879769404
1005	1017	6.947700795052431
1016	1018	22.016415660156596
1004	1018	27.350611917771797
1015	1017	1769.617189435761
1003	1017	3.9402112904535542
1014	1014	1.242397053851358
1002	1017	2.7958257000038076
1013	1018	6.363114075016609
1001	1017	6.747920967596573
1012	1014	22.360623265656326
1009	1017	3.668237151351361
=========================

Tempo:585018.0346666666
Destinazione	 NEXTHOP	 Costo
1000	1017	4.203395792425091
1011	1017	8.493180825621488
1010	1017	3.4310789537647475
1008	1017	4.026470480919662
1007	1017	4.084602155300694
1018	1018	0.7516911084086597
1017	1017	0.7984296274051464
1006	1017	3.1360633879769404
1005	1017	6.947700795052431
1016	1018	21.869917320213627
1004	1018	27.204113577828828
1015	1018	28.772563691121125
1003	1017	3.9402112904535542
1014	1014	1.242397053851358
1002	1017	2.7958257000038076
1013	1018	6.21661573507364
1001	1017	6.747920967596573
1012	1014	22.360623265656326
1009	1017	3.668237151351361
=========================

Tempo:590018.0346666666
Destinazione	 NEXTHOP	 Costo
1000	1017	4.203395792425091
1011	1017	8.493180825621488
1010	1017	3.4310789537647475
1008	1017	4.026470480919662
1007	1017	4.084602155300694
1018	1018	0.7516911084086597
1017	1017	0.7984296274051464
1006	1017	3.1360633879769404
1005	1017	6.947700795052431
1016	1018	21.869917320213627
1004	1018	27.204113577828828
1015	1018	28.772563691121125
1003	1017	3.9402112904535542
1014	1014	1.2463541637891542
1002	1017	2.7958257000038076
1013	1018	6.21661573507364
1001	1017	6.747920967596573
1012	1014	22.360623265656326
1009	1017	3.668237151351361
=========================

Tempo:590018.0346666666
Destinazione	 NEXTHOP	 Costo
1000	1017	4.203395792425091
1011	1017	8.493180825621488
1010	1017	3.4310789537647475
1008	1017	4.026470480919662
1007	1017	4.084602155300694
1018	1018	0.7516911084086597
1017	1017	0.8587581905658692
1006	1017	3.1360633879769404
1005	1017	6.947700795052431
1016	1018	21.869917320213627
1004	1018	27.204113577828828
1015	1018	28.772563691121125
1003	1017	3.9402112904535542
1014	1014	1.2463541637891542
1002	1017	2.7958257000038076
1013	1018	6.21661573507364
1001	1017	6.747920967596573
1012	1014	22.360623265656326
1009	1017	3.668237151351361
=========================

Tempo:590018.0346666666
Destinazione	 NEXTHOP	 Costo
1000	1018	4.118179506964173
1011	1018	8.40796454016057
1010	1018	3.3458626683038295
1008	1017	4.026470480919662
1007	1018	3.9993858698397764
1018	1018	0.5848330216260553
1017	1017	0.8587581905658692
1006	1018	3.0508471025160224
1005	1018	6.862484509591514
1016	1018	21.70305923343102
1004	1018	27.037255491046224
1015	1018	27.867208680802314
1003	1018	3.8549950049926363
1014	1014	1.2463541637891542
1002	1018	2.7106094145428896
1013	1018	6.049757648291036
1001	1018	6.662704682135656
1012	1014	22.360623265656326
1009	1018	3.583020865890443
=========================

Tempo:595018.0346666666
Destinazione	 NEXTHOP	 Costo
1000	1018	4.118179506964173
1011	1018	8.40796454016057
1010	1018	3.3458626683038295
1008	1017	4.026470480919662
1007	1018	3.9993858698397764
1018	1018	0.5848330216260553
1017	1017	0.8587581905658692
1006	1018	3.0508471025160224
1005	1018	6.862484509591514
1016	1018	21.70305923343102
1004	1018	27.037255491046224
1015	1018	27.867208680802314
1003	1018	3.8549950049926363
1014	1014	1.4171927377311593
1002	1018	2.7106094145428896
1013	1018	6.049757648291036
1001	1018	6.662704682135656
1012	1014	22.360623265656326
1009	1018	3.583020865890443
=========================

Tempo:595018.0346666666
Destinazione	 NEXTHOP	 Costo
1000	1018	4.118179506964173
1011	1018	8.40796454016057
1010	1018	3.3458626683038295
1008	1017	4.026470480919662
1007	1018	3.9993858698397764
1018	1018	0.5848330216260553
1017	1017	0.8708655705492322
1006	1018	3.0508471025160224
1005	1018	6.862484509591514
1016	1018	21.70305923343102
1004	1018	27.037255491046224
1015	1018	27.867208680802314
1003	1018	3.8549950049926363
1014	1014	1.4171927377311593
1002	1018	2.7106094145428896
1013	1018	6.049757648291036
1001	1018	6.662704682135656
1012	1014	22.360623265656326
1009	1018	3.583020865890443
=========================

Tempo:595018.0346666666
Destinazione	 NEXTHOP	 Costo
1000	1018	3.9672839974428107
1011	1018	8.257069030639208
1010	1018	3.1949671587824664
1008	1017	4.026470480919662
1007	1018	3.8484903603184133
1018	1018	0.43393751210469234
1017	1017	0.8708655705492322
1006	1018	2.8999515929946593
1005	1018	6.711589000070151
1016	1018	21.552163723909658
1004	1018	26.88635998152486
1015	1018	27.867208680802314
1003	1018	3.704099495471273
1014	1014	1.4171927377311593
1002	1018	2.5597139050215265
1013	1018	5.8988621387696725
1001	1018	6.511809172614293
1012	1014	22.360623265656326
1009	1018	3.43212535636908
=========================

Tempo:600018.0346666666
Destinazione	 NEXTHOP	 Costo
1000	1018	3.9672839974428107
1011	1018	8.257069030639208
1010	1018	3.1949671587824664
1008	1017	4.026470480919662
1007	1018	3.8484903603184133
1018	1018	0.43393751210469234
1017	1017	0.8708655705492322
1006	1018	2.8999515929946593
1005	1018	6.711589000070151
1016	1018	21.552163723909658
1004	1018	26.88635998152486
1015	1018	27.867208680802314
1003	1018	3.704099495471273
1002	1018	2.5597139050215265
1013	1018	5.8988621387696725
1001	1018	6.511809172614293
1009	1018	3.43212535636908
=========================

Tempo:600018.0346666666
Destinazione	 NEXTHOP	 Costo
1000	1018	3.9672839974428107
1011	1018	8.257069030639208
1010	1018	3.1949671587824664
1008	1017	4.026470480919662
1007	1018	3.8484903603184133
1018	1018	0.43393751210469234
1017	1017	0.8653483704942319
1006	1018	2.8999515929946593
1005	1018	6.711589000070151
1016	1018	21.552163723909658
1004	1018	26.88635998152486
1015	1018	27.867208680802314
1003	1018	3.704099495471273
1014	1017	11.223443999991117
1002	1018	2.5597139050215265
1013	1018	5.8988621387696725
1001	1018	6.511809172614293
1012	1017	31.27983018931333
1009	1018	3.43212535636908
=========================

Tempo:600018.0346666666
Destinazione	 NEXTHOP	 Costo
1000	1018	3.8534174632323133
1011	1018	8.14320249642871
1010	1018	3.081100624571969
1008	1017	4.026470480919662
1007	1018	3.734623826107916
1018	1018	0.320070977894195
1017	1017	0.8653483704942319
1006	1018	2.786085058784162
1005	1018	6.597722465859654
1016	1018	21.43829718969916
1004	1018	26.77249344731436
1015	1018	27.867208680802314
1003	1018	3.5902329612607757
1014	1018	3.175298317401209
1002	1018	2.445847370811029
1013	1018	5.7849956045591755
1001	1018	6.397942638403796
1012	1018	23.23168450672342
1009	1018	3.3182588221585827
=========================

Tempo:600018.0346666666
Destinazione	 NEXTHOP	 Costo
1000	1018	3.8534174632323133
1011	1018	8.14320249642871
1010	1018	3.081100624571969
1020	1020	1.1963363604616535
1008	1017	4.026470480919662
1007	1018	3.734623826107916
1018	1018	0.320070977894195
1017	1017	0.8653483704942319
1006	1018	2.786085058784162
1005	1018	6.597722465859654
1016	1018	21.43829718969916
1004	1018	26.77249344731436
1015	1018	27.867208680802314
1003	1018	3.5902329612607757
1014	1018	3.175298317401209
1002	1018	2.445847370811029
1013	1018	5.7849956045591755
1001	1018	6.397942638403796
1012	1018	23.23168450672342
1009	1018	3.3182588221585827
=========================

Tempo:605018.0346666666
Destinazione	 NEXTHOP	 Costo
1000	1018	3.8534174632323133
1011	1018	8.14320249642871
1010	1018	3.081100624571969
1020	1020	1.1963363604616535
1008	1017	4.026470480919662
1007	1018	3.734623826107916
1018	1018	0.320070977894195
1017	1017	0.7767063499568615
1006	1018	2.786085058784162
1005	1018	6.597722465859654
1016	1018	21.43829718969916
1004	1018	26.77249344731436
1015	1018	27.867208680802314
1003	1018	3.5902329612607757
1014	1018	3.175298317401209
1002	1018	2.445847370811029
1013	1018	5.7849956045591755
1001	1018	6.397942638403796
1012	1018	23.23168450672342
1009	1018	3.3182588221585827
=========================

Tempo:605018.0346666666
Destinazione	 NEXTHOP	 Costo
1000	1018	3.8368885044616867
1011	1018	8.126673537658084
1010	1018	3.0645716658013424
1020	1020	1.1963363604616535
1008	1017	4.026470480919662
1007	1018	3.7180948673372893
1018	1018	0.30354201912356843
1017	1017	0.7767063499568615
1006	1018	2.7695561000135354
1005	1018	6.5811935070890275
1016	1018	21.421768230928535
1004	1018	26.755964488543736
1015	1018	27.867208680802314
1003	1018	3.573704002490149
1014	1018	3.1587693586305825
1002	1018	2.4293184120404026
1013	1018	5.768466645788549
1001	1018	6.3814136796331695
1012	1018	23.215155547952794
1009	1018	3.301729863387956
=========================
