
Tempo:330018.03466666664
Destinazione	 NEXTHOP	 Costo
=========================

Tempo:330018.03466666664
Destinazione	 NEXTHOP	 Costo
1008	1010	1.7309899638781538
1007	1010	2.5560067063015453
1006	1010	2.8667731710930546
1005	1010	3.6934708451473224
1004	1010	4.054744563547027
1003	1010	4.416018281946731
1002	1010	4.772438394515203
1001	1010	5.12041598000493
1000	1010	5.468393565494656
1010	1010	1.0
1009	1010	1.3830123783884272
=========================

Tempo:335018.03466666664
Destinazione	 NEXTHOP	 Costo
1008	1009	1.7074790209448545
1007	1009	2.235106691106342
1006	1010	2.8667731710930546
1005	1010	3.6934708451473224
1004	1009	3.976067820821223
1003	1009	4.32404540631095
1002	1009	4.672022991800676
1001	1009	5.0200005772904035
1000	1009	5.36797816278013
1010	1010	1.0
1009	1009	1.2825969756739009
=========================

Tempo:335018.03466666664
Destinazione	 NEXTHOP	 Costo
1008	1009	1.7074790209448545
1007	1009	2.235106691106342
1006	1010	2.8667731710930546
1005	1010	3.5731036640574843
1004	1010	3.934377382457188
1003	1010	4.295651100856893
1002	1010	4.652071213425365
1001	1010	5.000048798915092
1000	1010	5.348026384404818
1010	1010	0.8796328189101617
1009	1009	1.2825969756739009
=========================

Tempo:340018.03466666664
Destinazione	 NEXTHOP	 Costo
1008	1009	1.7074790209448545
1007	1009	2.235106691106342
1006	1010	2.8667731710930546
1005	1010	3.5731036640574843
1004	1009	3.89205160927147
1003	1009	4.240029194761197
1002	1009	4.5880067802509235
1001	1009	4.93598436574065
1000	1009	5.283961951230377
1010	1010	0.8796328189101617
1009	1009	1.1985807641241477
=========================

Tempo:340018.03466666664
Destinazione	 NEXTHOP	 Costo
1008	1009	1.7074790209448545
1007	1009	2.235106691106342
1006	1010	2.718253280195104
1005	1010	3.493703886843909
1004	1010	3.8549776052436133
1003	1010	4.216251323643317
1002	1010	4.572671436211789
1001	1010	4.920649021701516
1000	1010	5.268626607191242
1010	1010	0.8002330416965865
1009	1009	1.1985807641241477
=========================

Tempo:345018.03466666664
Destinazione	 NEXTHOP	 Costo
1008	1009	1.7074790209448545
1007	1009	2.235106691106342
1006	1010	2.718253280195104
1005	1010	3.493703886843909
1004	1009	3.751680319560021
1003	1009	4.099657905049748
1002	1009	4.447635490539474
1001	1009	4.795613076029201
1000	1009	5.143590661518928
1010	1010	0.8002330416965865
1009	1009	1.0582094744126986
=========================

Tempo:345018.03466666664
Destinazione	 NEXTHOP	 Costo
1008	1009	1.7074790209448545
1007	1010	2.166189520993192
1006	1010	2.6934708451473224
1005	1010	3.2973419932289225
1004	1010	3.658615711628627
1003	1010	4.019889430028331
1002	1010	4.376309542596803
1001	1010	4.72428712808653
1000	1010	5.072264713576256
1010	1010	0.6038711480816
1009	1009	1.0582094744126986
=========================

Tempo:350018.03466666664
Destinazione	 NEXTHOP	 Costo
1008	1009	1.7074790209448545
1007	1010	2.166189520993192
1006	1010	2.6934708451473224
1005	1010	3.2973419932289225
1004	1009	3.6568471824194413
1003	1009	4.004824767909168
1002	1009	4.352802353398895
1001	1009	4.700779938888621
1000	1009	5.048757524378348
1010	1010	0.6038711480816
1009	1009	0.9633763372721189
=========================

Tempo:350018.03466666664
Destinazione	 NEXTHOP	 Costo
1008	1009	1.7074790209448545
1007	1010	1.8667731710930544
1006	1010	2.6934708451473224
1005	1010	3.1426832476216977
1004	1010	3.503956966021402
1003	1010	3.8652306844211064
1002	1010	4.221650796989579
1001	1010	4.569628382479305
1000	1010	4.917605967969031
1010	1010	0.4492124024743753
1009	1009	0.9633763372721189
=========================

Tempo:355018.03466666664
Destinazione	 NEXTHOP	 Costo
1008	1009	1.7074790209448545
1007	1010	1.8667731710930544
1006	1010	2.6934708451473224
1005	1010	3.1426832476216977
1004	1010	3.503956966021402
1003	1010	3.8652306844211064
1002	1010	4.221650796989579
1001	1010	4.569628382479305
1000	1010	4.917605967969031
1010	1010	0.4492124024743753
1009	1009	1.081860867232073
=========================

Tempo:355018.03466666664
Destinazione	 NEXTHOP	 Costo
1008	1009	1.7074790209448545
1007	1010	1.8667731710930544
1006	1010	2.6934708451473224
1005	1010	3.0547445635470267
1004	1010	3.416018281946731
1003	1010	3.7772920003464354
1002	1010	4.133712112914907
1001	1010	4.481689698404634
1000	1010	4.82966728389436
1010	1010	0.36127371839970424
1009	1010	0.7974911017521089
=========================

Tempo:360018.03466666664
Destinazione	 NEXTHOP	 Costo
1008	1009	1.7074790209448545
1007	1010	1.8667731710930544
1006	1010	2.6934708451473224
1005	1010	3.0547445635470267
1004	1010	3.416018281946731
1003	1010	3.7772920003464354
1002	1010	4.133712112914907
1001	1010	4.481689698404634
1000	1010	4.82966728389436
1010	1010	0.36127371839970424
1009	1010	0.7974911017521089
=========================

Tempo:360018.03466666664
Destinazione	 NEXTHOP	 Costo
1008	1009	1.7074790209448545
1007	1010	1.8667731710930544
1006	1010	2.6934708451473224
1005	1010	3.0547445635470267
1004	1010	3.416018281946731
1003	1010	3.7772920003464354
1002	1010	4.133712112914907
1001	1010	4.481689698404634
1000	1010	4.82966728389436
1010	1010	0.36127371839970424
1009	1009	1.288027101658079
=========================

Tempo:360018.03466666664
Destinazione	 NEXTHOP	 Costo
1008	1010	1.556006706301545
1007	1010	1.8667731710930544
1006	1010	2.6934708451473224
1005	1010	3.0547445635470267
1004	1010	3.416018281946731
1003	1010	3.772438394515203
1002	1010	4.12041598000493
1001	1010	4.468393565494656
1000	1010	4.8163711509843825
1010	1010	0.3830123783884272
1009	1010	0.7309899638781537
=========================

Tempo:360018.03466666664
Destinazione	 NEXTHOP	 Costo
1008	1010	1.556006706301545
1007	1010	1.8667731710930544
1006	1010	2.6934708451473224
1005	1010	3.0547445635470267
1004	1010	3.416018281946731
1003	1010	3.772438394515203
1002	1010	4.12041598000493
1001	1010	4.468393565494656
1012	1012	1.556087338635723
1000	1010	4.8163711509843825
1010	1010	0.3830123783884272
1009	1010	0.7309899638781537
=========================

Tempo:365018.03466666664
Destinazione	 NEXTHOP	 Costo
1008	1010	1.556006706301545
1007	1007	2.0822093316722596
1006	1010	2.6934708451473224
1005	1010	3.0547445635470267
1004	1010	3.416018281946731
1003	1010	3.772438394515203
1002	1010	4.12041598000493
1001	1010	4.468393565494656
1012	1012	1.556087338635723
1000	1010	4.8163711509843825
1010	1010	0.3830123783884272
1009	1010	0.7309899638781537
=========================

Tempo:365018.03466666664
Destinazione	 NEXTHOP	 Costo
1008	1010	1.556006706301545
1007	1007	2.0822093316722596
1006	1010	2.6934708451473224
1005	1010	3.0547445635470267
1004	1010	3.416018281946731
1003	1010	3.772438394515203
1002	1010	4.12041598000493
1001	1010	4.468393565494656
1012	1012	1.556087338635723
1000	1010	4.8163711509843825
1010	1010	0.3830123783884272
1009	1010	0.7309899638781537
=========================

Tempo:365018.03466666664
Destinazione	 NEXTHOP	 Costo
1008	1010	1.556006706301545
1007	1007	2.0822093316722596
1006	1010	2.6934708451473224
1005	1010	3.0547445635470267
1004	1010	3.416018281946731
1003	1010	3.772438394515203
1002	1010	4.12041598000493
1001	1010	4.468393565494656
1012	1012	1.556087338635723
1000	1010	4.8163711509843825
1010	1010	0.3830123783884272
1009	1009	1.3713522949670665
=========================

Tempo:365018.03466666664
Destinazione	 NEXTHOP	 Costo
1008	1010	1.4752096124698455
1007	1007	2.0822093316722596
1006	1010	2.6934708451473224
1005	1010	3.0547445635470267
1004	1010	3.416018281946731
1003	1010	3.772438394515203
1002	1010	4.12041598000493
1001	1010	4.468393565494656
1012	1012	1.556087338635723
1000	1010	4.8163711509843825
1010	1010	0.5226998970374043
1009	1010	0.9475819423083578
=========================

Tempo:365018.03466666664
Destinazione	 NEXTHOP	 Costo
1008	1010	1.4752096124698455
1007	1007	2.0822093316722596
1006	1010	2.6934708451473224
1005	1010	3.0547445635470267
1004	1010	3.416018281946731
1003	1010	3.772438394515203
1002	1010	4.12041598000493
1001	1010	4.468393565494656
1012	1012	1.5317054436816724
1000	1010	4.8163711509843825
1010	1010	0.5226998970374043
1009	1010	0.9475819423083578
=========================

Tempo:370018.03466666664
Destinazione	 NEXTHOP	 Costo
1008	1010	1.4752096124698455
1007	1007	1.9180202384985172
1006	1010	2.6934708451473224
1005	1010	3.0547445635470267
1004	1010	3.416018281946731
1003	1010	3.772438394515203
1002	1010	4.12041598000493
1001	1010	4.468393565494656
1012	1012	1.5317054436816724
1000	1010	4.8163711509843825
1010	1010	0.5226998970374043
1009	1010	0.9475819423083578
=========================

Tempo:370018.03466666664
Destinazione	 NEXTHOP	 Costo
1008	1008	1.8373882009739497
1007	1007	1.9180202384985172
1006	1010	2.6934708451473224
1005	1010	3.0547445635470267
1004	1010	3.416018281946731
1003	1010	3.772438394515203
1002	1010	4.12041598000493
1001	1010	4.468393565494656
1012	1012	1.5317054436816724
1000	1010	4.8163711509843825
1010	1010	0.5226998970374043
1009	1010	0.9475819423083578
=========================

Tempo:370018.03466666664
Destinazione	 NEXTHOP	 Costo
1008	1009	1.8262531558556856
1007	1007	1.9180202384985172
1006	1010	2.6934708451473224
1005	1010	3.0547445635470267
1004	1010	3.416018281946731
1003	1010	3.772438394515203
1002	1010	4.12041598000493
1001	1010	4.468393565494656
1012	1012	1.5317054436816724
1000	1010	4.8163711509843825
1010	1010	0.5226998970374043
1009	1009	1.4253612873132613
=========================

Tempo:370018.03466666664
Destinazione	 NEXTHOP	 Costo
1008	1009	1.8262531558556856
1007	1007	1.9180202384985172
1006	1010	2.6934708451473224
1005	1010	3.0547445635470267
1004	1010	3.416018281946731
1003	1010	3.772438394515203
1002	1010	4.12041598000493
1001	1010	4.468393565494656
1012	1012	1.5317054436816724
1000	1010	4.8163711509843825
1010	1010	0.7824262397962366
1009	1009	1.4253612873132613
=========================

Tempo:370018.03466666664
Destinazione	 NEXTHOP	 Costo
1008	1009	1.8262531558556856
1007	1007	1.9180202384985172
1006	1010	2.6934708451473224
1005	1010	3.0547445635470267
1004	1010	3.416018281946731
1003	1010	3.772438394515203
1002	1010	4.12041598000493
1001	1010	4.468393565494656
1012	1012	1.2960702601691556
1000	1010	4.8163711509843825
1010	1010	0.7824262397962366
1009	1009	1.4253612873132613
=========================

Tempo:375018.03466666664
Destinazione	 NEXTHOP	 Costo
1008	1009	1.8262531558556856
1007	1007	2.0895996970657222
1006	1010	2.6934708451473224
1005	1010	3.0547445635470267
1004	1010	3.416018281946731
1003	1010	3.772438394515203
1002	1010	4.12041598000493
1001	1010	4.468393565494656
1012	1012	1.2960702601691556
1000	1010	4.8163711509843825
1010	1010	0.7824262397962366
1009	1009	1.4253612873132613
=========================

Tempo:375018.03466666664
Destinazione	 NEXTHOP	 Costo
1008	1008	1.5623183729115917
1007	1007	2.0895996970657222
1006	1010	2.6934708451473224
1005	1010	3.0547445635470267
1004	1010	3.416018281946731
1003	1010	3.772438394515203
1002	1010	4.12041598000493
1001	1010	4.468393565494656
1012	1012	1.2960702601691556
1000	1010	4.8163711509843825
1010	1010	0.7824262397962366
1009	1009	1.4253612873132613
=========================

Tempo:375018.03466666664
Destinazione	 NEXTHOP	 Costo
1008	1008	1.5623183729115917
1007	1007	2.0895996970657222
1006	1010	2.6934708451473224
1005	1010	3.0547445635470267
1004	1010	3.416018281946731
1003	1010	3.772438394515203
1002	1010	4.12041598000493
1001	1010	4.468393565494656
1012	1012	1.2960702601691556
1000	1010	4.8163711509843825
1010	1010	0.7824262397962366
1009	1009	1.6814358422243425
=========================

Tempo:375018.03466666664
Destinazione	 NEXTHOP	 Costo
1008	1008	1.5623183729115917
1007	1007	2.0895996970657222
1006	1010	2.6934708451473224
1005	1010	3.0547445635470267
1004	1010	3.416018281946731
1003	1010	3.772438394515203
1002	1010	4.12041598000493
1001	1010	4.468393565494656
1012	1012	1.2960702601691556
1000	1010	4.8163711509843825
1010	1010	0.8148812149100593
1009	1009	1.6814358422243425
=========================

Tempo:375018.03466666664
Destinazione	 NEXTHOP	 Costo
1008	1008	1.5623183729115917
1007	1007	2.0895996970657222
1006	1010	2.6934708451473224
1005	1010	3.0547445635470267
1004	1010	3.416018281946731
1003	1010	3.772438394515203
1002	1010	4.12041598000493
1001	1010	4.468393565494656
1012	1012	0.847903482325085
1000	1010	4.8163711509843825
1010	1010	0.8148812149100593
1009	1009	1.6814358422243425
=========================

Tempo:380018.03466666664
Destinazione	 NEXTHOP	 Costo
1008	1008	1.5623183729115917
1006	1010	2.6934708451473224
1005	1010	3.0547445635470267
1004	1010	3.416018281946731
1003	1010	3.772438394515203
1002	1010	4.12041598000493
1001	1010	4.468393565494656
1012	1012	0.847903482325085
1000	1010	4.8163711509843825
1010	1010	0.8148812149100593
1009	1009	1.6814358422243425
=========================

Tempo:380018.03466666664
Destinazione	 NEXTHOP	 Costo
1008	1008	1.417560768618679
1007	1008	3.0600607702078335
1006	1010	2.6934708451473224
1005	1010	3.0547445635470267
1004	1010	3.416018281946731
1003	1010	3.772438394515203
1002	1010	4.12041598000493
1001	1010	4.468393565494656
1012	1012	0.847903482325085
1000	1010	4.8163711509843825
1010	1010	0.8148812149100593
1009	1009	1.6814358422243425
=========================

Tempo:380018.03466666664
Destinazione	 NEXTHOP	 Costo
1008	1008	1.417560768618679
1007	1008	3.0600607702078335
1006	1010	2.6934708451473224
1005	1010	3.0547445635470267
1004	1010	3.416018281946731
1003	1010	3.772438394515203
1002	1010	4.12041598000493
1001	1010	4.468393565494656
1012	1012	0.847903482325085
1000	1010	4.8163711509843825
1010	1010	0.8148812149100593
1009	1009	1.927195395331645
=========================

Tempo:380018.03466666664
Destinazione	 NEXTHOP	 Costo
1008	1008	1.417560768618679
1007	1008	3.0600607702078335
1006	1010	2.6934708451473224
1005	1010	3.0547445635470267
1004	1010	3.416018281946731
1003	1010	3.772438394515203
1002	1010	4.12041598000493
1001	1010	4.468393565494656
1012	1012	0.847903482325085
1000	1010	4.8163711509843825
1010	1010	0.6768971255781955
1009	1009	1.927195395331645
=========================

Tempo:380018.03466666664
Destinazione	 NEXTHOP	 Costo
1008	1008	1.417560768618679
1007	1008	3.0600607702078335
1006	1010	2.6934708451473224
1005	1010	3.0547445635470267
1004	1010	3.416018281946731
1003	1010	3.772438394515203
1002	1010	4.12041598000493
1001	1010	4.468393565494656
1012	1012	0.5402561086415951
1000	1010	4.8163711509843825
1010	1010	0.6768971255781955
1009	1009	1.927195395331645
=========================

Tempo:385018.03466666664
Destinazione	 NEXTHOP	 Costo
1008	1008	1.5234330629436263
1007	1008	3.0600607702078335
1006	1010	2.6934708451473224
1005	1010	3.0547445635470267
1004	1010	3.416018281946731
1003	1010	3.772438394515203
1002	1010	4.12041598000493
1001	1010	4.468393565494656
1012	1012	0.5402561086415951
1000	1010	4.8163711509843825
1010	1010	0.6768971255781955
1009	1009	1.927195395331645
=========================

Tempo:385018.03466666664
Destinazione	 NEXTHOP	 Costo
1008	1008	1.5234330629436263
1007	1008	3.0600607702078335
1006	1010	2.6934708451473224
1005	1010	3.0547445635470267
1004	1010	3.416018281946731
1003	1010	3.772438394515203
1002	1010	4.12041598000493
1001	1010	4.468393565494656
1012	1012	0.5402561086415951
1000	1010	4.8163711509843825
1010	1010	0.6768971255781955
1009	1009	1.8426600574799419
=========================

Tempo:385018.03466666664
Destinazione	 NEXTHOP	 Costo
1008	1008	1.5234330629436263
1007	1010	3.028070062285659
1006	1010	2.6934708451473224
1005	1010	3.0547445635470267
1004	1010	3.416018281946731
1003	1010	3.772438394515203
1002	1010	4.12041598000493
1001	1010	4.468393565494656
1012	1012	0.5402561086415951
1000	1010	4.8163711509843825
1010	1010	0.4362173833524047
1009	1010	1.674374071875544
=========================

Tempo:385018.03466666664
Destinazione	 NEXTHOP	 Costo
1008	1008	1.5234330629436263
1007	1010	3.028070062285659
1006	1010	2.6934708451473224
1005	1010	3.0547445635470267
1004	1010	3.416018281946731
1003	1010	3.772438394515203
1002	1010	4.12041598000493
1001	1010	4.468393565494656
1012	1012	0.3834971632860247
1000	1010	4.8163711509843825
1010	1010	0.4362173833524047
1009	1010	1.674374071875544
=========================

Tempo:390018.03466666664
Destinazione	 NEXTHOP	 Costo
1008	1008	2.029779150696812
1007	1010	3.028070062285659
1006	1010	2.6934708451473224
1005	1010	3.0547445635470267
1004	1010	3.416018281946731
1003	1010	3.772438394515203
1002	1010	4.12041598000493
1001	1010	4.468393565494656
1012	1012	0.3834971632860247
1000	1010	4.8163711509843825
1010	1010	0.4362173833524047
1009	1010	1.674374071875544
=========================

Tempo:390018.03466666664
Destinazione	 NEXTHOP	 Costo
1008	1008	2.029779150696812
1007	1010	3.028070062285659
1006	1010	2.6934708451473224
1005	1010	3.0547445635470267
1004	1010	3.416018281946731
1003	1010	3.772438394515203
1002	1010	4.12041598000493
1001	1010	4.468393565494656
1012	1012	0.3834971632860247
1000	1010	4.8163711509843825
1010	1010	0.4362173833524047
1009	1009	1.736845926500608
=========================

Tempo:390018.03466666664
Destinazione	 NEXTHOP	 Costo
1008	1008	2.029779150696812
1007	1010	2.939830264422981
1006	1010	2.6934708451473224
1005	1010	3.041448430637049
1004	1010	3.3894260161267757
1003	1010	3.7374036016165024
1002	1010	4.085381187106229
1001	1010	4.433358772595955
1012	1012	0.3834971632860247
1000	1010	4.781336358085682
1010	1010	0.3479775854897265
1009	1010	1.1729943279131179
=========================

Tempo:390018.03466666664
Destinazione	 NEXTHOP	 Costo
1008	1008	2.029779150696812
1007	1010	2.939830264422981
1006	1010	2.6934708451473224
1005	1010	3.041448430637049
1004	1010	3.3894260161267757
1003	1010	3.7374036016165024
1002	1010	4.085381187106229
1001	1010	4.433358772595955
1012	1012	0.38409770580337144
1000	1010	4.781336358085682
1010	1010	0.3479775854897265
1009	1010	1.1729943279131179
=========================

Tempo:390018.03466666664
Destinazione	 NEXTHOP	 Costo
1008	1008	2.029779150696812
1007	1010	2.939830264422981
1006	1010	2.6934708451473224
1005	1010	3.041448430637049
1004	1010	3.3894260161267757
1003	1010	3.7374036016165024
1002	1010	4.085381187106229
1001	1010	4.433358772595955
1012	1012	0.38409770580337144
1000	1010	4.781336358085682
1010	1010	0.3479775854897265
1009	1010	1.1729943279131179
=========================

Tempo:395018.03466666664
Destinazione	 NEXTHOP	 Costo
1007	1010	2.939830264422981
1006	1010	2.6934708451473224
1005	1010	3.041448430637049
1004	1010	3.3894260161267757
1003	1010	3.7374036016165024
1002	1010	4.085381187106229
1001	1010	4.433358772595955
1012	1012	0.38409770580337144
1000	1010	4.781336358085682
1010	1010	0.3479775854897265
1009	1010	1.1729943279131179
=========================

Tempo:395018.03466666664
Destinazione	 NEXTHOP	 Costo
1008	1009	3.3090020813354593
1007	1010	2.939830264422981
1006	1010	2.6934708451473224
1005	1010	3.041448430637049
1004	1010	3.3894260161267757
1003	1010	3.7374036016165024
1002	1010	4.085381187106229
1001	1010	4.433358772595955
1012	1012	0.38409770580337144
1000	1010	4.781336358085682
1010	1010	0.3479775854897265
1009	1009	1.669659117834646
=========================

Tempo:395018.03466666664
Destinazione	 NEXTHOP	 Costo
1008	1010	2.5918526789332543
1007	1010	2.939830264422981
1006	1010	2.6934708451473224
1005	1010	3.041448430637049
1004	1010	3.3894260161267757
1003	1010	3.7374036016165024
1002	1010	4.085381187106229
1001	1010	4.433358772595955
1012	1012	0.38409770580337144
1000	1010	4.781336358085682
1010	1010	0.4248820452709536
1009	1010	0.9525097154324411
=========================

Tempo:395018.03466666664
Destinazione	 NEXTHOP	 Costo
1000	1010	4.781336358085682
1010	1010	0.4248820452709536
1008	1010	2.5918526789332543
1007	1010	2.939830264422981
1006	1010	2.6934708451473224
1005	1010	3.041448430637049
1004	1010	3.3894260161267757
1003	1010	3.7374036016165024
1002	1010	4.085381187106229
1013	1012	2.1155922138906242
1001	1010	4.433358772595955
1012	1012	0.5595048752549013
1009	1010	0.9525097154324411
=========================

Tempo:395018.03466666664
Destinazione	 NEXTHOP	 Costo
1000	1010	4.781336358085682
1010	1010	0.4248820452709536
1008	1010	2.5918526789332543
1007	1010	2.939830264422981
1006	1010	2.6934708451473224
1005	1010	3.041448430637049
1004	1010	3.3894260161267757
1003	1010	3.7374036016165024
1002	1010	4.085381187106229
1013	1013	2.5818401504999966
1001	1010	4.433358772595955
1012	1012	0.5595048752549013
1009	1010	0.9525097154324411
=========================

Tempo:400018.03466666664
Destinazione	 NEXTHOP	 Costo
1000	1010	4.781336358085682
1010	1010	0.4248820452709536
1008	1010	2.5918526789332543
1007	1010	2.939830264422981
1006	1010	2.6934708451473224
1005	1010	3.041448430637049
1004	1010	3.3894260161267757
1003	1010	3.7374036016165024
1002	1010	4.085381187106229
1013	1013	2.5818401504999966
1001	1010	4.433358772595955
1012	1012	0.5595048752549013
1009	1009	1.813332677060013
=========================

Tempo:400018.03466666664
Destinazione	 NEXTHOP	 Costo
1000	1010	4.781336358085682
1010	1010	0.6645287301434523
1008	1010	2.5918526789332543
1007	1010	2.939830264422981
1006	1010	2.6934708451473224
1005	1010	3.041448430637049
1004	1010	3.3894260161267757
1003	1010	3.7374036016165024
1002	1010	4.085381187106229
1013	1013	2.5818401504999966
1001	1010	4.433358772595955
1012	1012	0.5595048752549013
1009	1010	1.0654205986858765
=========================

Tempo:400018.03466666664
Destinazione	 NEXTHOP	 Costo
1000	1010	4.781336358085682
1010	1010	0.6645287301434523
1008	1010	2.5918526789332543
1007	1010	2.939830264422981
1006	1010	2.6934708451473224
1005	1010	3.041448430637049
1004	1010	3.3894260161267757
1003	1010	3.7374036016165024
1002	1010	4.085381187106229
1013	1012	2.4221804022695457
1001	1010	4.433358772595955
1012	1012	0.8904749585878734
1009	1010	1.0654205986858765
=========================

Tempo:400018.03466666664
Destinazione	 NEXTHOP	 Costo
1000	1010	4.781336358085682
1010	1010	0.6645287301434523
1008	1010	2.5918526789332543
1007	1010	2.939830264422981
1006	1010	2.6934708451473224
1005	1010	3.041448430637049
1004	1010	3.3894260161267757
1003	1010	3.7374036016165024
1002	1010	4.085381187106229
1013	1013	2.352073971255906
1001	1010	4.433358772595955
1012	1012	0.8904749585878734
1009	1010	1.0654205986858765
=========================

Tempo:405018.03466666664
Destinazione	 NEXTHOP	 Costo
1000	1010	4.781336358085682
1010	1010	0.6645287301434523
1008	1010	2.5918526789332543
1007	1010	2.939830264422981
1006	1010	2.6934708451473224
1005	1010	3.041448430637049
1004	1010	3.3894260161267757
1003	1010	3.7374036016165024
1002	1010	4.085381187106229
1013	1013	2.352073971255906
1001	1010	4.433358772595955
1012	1012	0.8904749585878734
1009	1009	2.027180988673108
=========================

Tempo:405018.03466666664
Destinazione	 NEXTHOP	 Costo
1000	1010	4.781336358085682
1010	1010	1.0352777542246665
1008	1010	2.5918526789332543
1007	1010	2.939830264422981
1006	1010	2.6934708451473224
1005	1010	3.041448430637049
1004	1010	3.3894260161267757
1003	1010	3.7374036016165024
1002	1010	4.085381187106229
1013	1013	2.352073971255906
1001	1010	4.433358772595955
1012	1012	0.8904749585878734
1009	1010	1.4866635426967885
=========================

Tempo:405018.03466666664
Destinazione	 NEXTHOP	 Costo
1000	1010	4.781336358085682
1010	1010	1.0352777542246665
1008	1010	2.5918526789332543
1007	1010	2.939830264422981
1006	1010	2.6934708451473224
1005	1010	3.041448430637049
1004	1010	3.3894260161267757
1003	1010	3.7374036016165024
1002	1010	4.085381187106229
1013	1012	2.254082495333356
1001	1010	4.433358772595955
1012	1012	0.9580122351642002
1009	1010	1.4866635426967885
=========================

Tempo:405018.03466666664
Destinazione	 NEXTHOP	 Costo
1000	1010	4.781336358085682
1010	1010	1.0352777542246665
1008	1010	2.5918526789332543
1007	1010	2.939830264422981
1006	1010	2.6934708451473224
1005	1010	3.041448430637049
1004	1010	3.3894260161267757
1003	1010	3.7374036016165024
1002	1010	4.085381187106229
1013	1013	1.9299892428178058
1001	1010	4.433358772595955
1012	1012	0.9580122351642002
1009	1010	1.4866635426967885
=========================

Tempo:410018.03466666664
Destinazione	 NEXTHOP	 Costo
1000	1010	4.781336358085682
1010	1010	1.0352777542246665
1008	1010	2.5918526789332543
1007	1010	2.939830264422981
1006	1010	2.6934708451473224
1005	1010	3.041448430637049
1004	1010	3.3894260161267757
1003	1010	3.7374036016165024
1002	1010	4.085381187106229
1013	1013	1.9299892428178058
1001	1010	4.433358772595955
1012	1012	0.9580122351642002
1009	1009	2.2682600940291002
=========================

Tempo:410018.03466666664
Destinazione	 NEXTHOP	 Costo
1000	1010	4.781336358085682
1010	1010	1.4738583987361746
1008	1010	2.5918526789332543
1007	1010	2.939830264422981
1006	1010	2.6934708451473224
1005	1010	3.041448430637049
1004	1010	3.3894260161267757
1003	1010	3.7374036016165024
1002	1010	4.085381187106229
1013	1013	1.9299892428178058
1001	1010	4.433358772595955
1012	1012	0.9580122351642002
1009	1010	2.159664963205673
=========================

Tempo:410018.03466666664
Destinazione	 NEXTHOP	 Costo
1000	1010	4.781336358085682
1010	1010	1.4738583987361746
1008	1010	2.5918526789332543
1007	1010	2.939830264422981
1006	1010	2.6934708451473224
1005	1010	3.041448430637049
1004	1010	3.3894260161267757
1003	1010	3.7374036016165024
1002	1010	4.085381187106229
1013	1012	1.630458156375986
1001	1010	4.433358772595955
1012	1012	0.7825546740509008
1009	1010	2.159664963205673
=========================

Tempo:410018.03466666664
Destinazione	 NEXTHOP	 Costo
1000	1010	4.781336358085682
1010	1010	1.4738583987361746
1008	1010	2.5918526789332543
1007	1010	2.939830264422981
1006	1010	2.6934708451473224
1005	1010	3.041448430637049
1004	1010	3.3894260161267757
1003	1010	3.7374036016165024
1002	1010	4.085381187106229
1013	1013	1.5288923519274802
1001	1010	4.433358772595955
1012	1012	0.7825546740509008
1009	1010	2.159664963205673
=========================

Tempo:415018.03466666664
Destinazione	 NEXTHOP	 Costo
1000	1010	4.781336358085682
1010	1010	1.4738583987361746
1008	1010	2.5918526789332543
1007	1010	2.939830264422981
1006	1010	2.6934708451473224
1005	1010	3.041448430637049
1004	1010	3.3894260161267757
1003	1010	3.7374036016165024
1002	1010	4.085381187106229
1013	1013	1.5288923519274802
1001	1010	4.433358772595955
1012	1012	0.7825546740509008
1009	1009	2.200434093013356
=========================

Tempo:415018.03466666664
Destinazione	 NEXTHOP	 Costo
1000	1010	4.781336358085682
1010	1010	1.2381566885231394
1008	1010	2.5918526789332543
1007	1010	2.939830264422981
1006	1010	2.6934708451473224
1005	1010	3.041448430637049
1004	1010	3.3894260161267757
1003	1010	3.7374036016165024
1002	1010	4.085381187106229
1013	1013	1.5288923519274802
1001	1010	4.433358772595955
1012	1012	0.7825546740509008
1009	1009	2.200434093013356
=========================

Tempo:415018.03466666664
Destinazione	 NEXTHOP	 Costo
1000	1010	4.781336358085682
1010	1010	1.2381566885231394
1008	1010	2.5918526789332543
1007	1010	2.939830264422981
1006	1010	2.6934708451473224
1005	1010	3.041448430637049
1004	1010	3.3894260161267757
1003	1010	3.7374036016165024
1002	1010	4.085381187106229
1013	1012	1.0234035370228696
1001	1010	4.433358772595955
1012	1012	0.4831474283812745
1009	1012	2.006580491324901
=========================

Tempo:415018.03466666664
Destinazione	 NEXTHOP	 Costo
1000	1010	4.781336358085682
1010	1010	1.2381566885231394
1008	1010	2.5918526789332543
1007	1010	2.939830264422981
1006	1010	2.6934708451473224
1005	1010	3.041448430637049
1004	1010	3.3894260161267757
1003	1010	3.7374036016165024
1002	1010	4.085381187106229
1013	1013	1.4662671018256728
1001	1010	4.433358772595955
1012	1012	0.4831474283812745
1009	1012	2.006580491324901
=========================

Tempo:420018.03466666664
Destinazione	 NEXTHOP	 Costo
1000	1010	4.781336358085682
1010	1010	1.2381566885231394
1008	1010	2.5918526789332543
1007	1010	2.939830264422981
1006	1010	2.6934708451473224
1005	1010	3.041448430637049
1004	1010	3.3894260161267757
1003	1010	3.7374036016165024
1002	1010	4.085381187106229
1013	1013	1.4662671018256728
1001	1010	4.433358772595955
1012	1012	0.4831474283812745
1009	1009	2.2413437810294967
=========================

Tempo:420018.03466666664
Destinazione	 NEXTHOP	 Costo
1000	1010	4.781336358085682
1010	1010	0.8250167424233913
1008	1010	2.5918526789332543
1007	1010	2.939830264422981
1006	1010	2.6934708451473224
1005	1010	3.041448430637049
1004	1010	3.3894260161267757
1003	1010	3.7374036016165024
1002	1010	4.085381187106229
1013	1013	1.4662671018256728
1001	1010	4.433358772595955
1012	1012	0.4831474283812745
1009	1009	2.2413437810294967
=========================

Tempo:420018.03466666664
Destinazione	 NEXTHOP	 Costo
1000	1010	4.781336358085682
1010	1010	0.8250167424233913
1008	1010	2.5918526789332543
1007	1010	2.939830264422981
1006	1010	2.6934708451473224
1005	1010	3.041448430637049
1004	1010	3.3894260161267757
1003	1010	3.7374036016165024
1002	1010	4.085381187106229
1013	1012	0.7483617839731613
1001	1010	4.433358772595955
1012	1012	0.3648646206871366
1009	1009	2.2413437810294967
=========================

Tempo:420018.03466666664
Destinazione	 NEXTHOP	 Costo
1000	1010	4.781336358085682
1010	1010	0.8250167424233913
1008	1010	2.5918526789332543
1007	1010	2.939830264422981
1006	1010	2.6934708451473224
1005	1010	3.041448430637049
1004	1010	3.3894260161267757
1003	1010	3.7374036016165024
1002	1010	4.085381187106229
1013	1013	1.4922282447247068
1001	1010	4.433358772595955
1012	1012	0.3648646206871366
1009	1009	2.2413437810294967
=========================

Tempo:425018.03466666664
Destinazione	 NEXTHOP	 Costo
1000	1010	4.781336358085682
1010	1010	0.8250167424233913
1008	1010	2.5918526789332543
1007	1010	2.939830264422981
1006	1010	2.6934708451473224
1005	1010	3.041448430637049
1004	1010	3.3894260161267757
1003	1010	3.7374036016165024
1002	1010	4.085381187106229
1013	1013	1.4922282447247068
1001	1010	4.433358772595955
1012	1012	0.3648646206871366
1009	1009	2.5005361141553313
=========================

Tempo:425018.03466666664
Destinazione	 NEXTHOP	 Costo
1000	1010	4.781336358085682
1010	1010	0.5276276701614876
1008	1010	2.5688509505877515
1007	1010	2.939830264422981
1006	1010	2.6934708451473224
1005	1010	3.041448430637049
1004	1010	3.3894260161267757
1003	1010	3.7374036016165024
1002	1010	4.085381187106229
1013	1013	1.4922282447247068
1001	1010	4.433358772595955
1012	1012	0.3648646206871366
1009	1010	2.166970633662301
=========================

Tempo:425018.03466666664
Destinazione	 NEXTHOP	 Costo
1000	1010	4.781336358085682
1010	1010	0.5276276701614876
1008	1010	2.5688509505877515
1007	1010	2.939830264422981
1006	1010	2.6934708451473224
1005	1010	3.041448430637049
1004	1010	3.3894260161267757
1003	1010	3.7374036016165024
1002	1010	4.085381187106229
1013	1012	0.809736984615421
1001	1010	4.433358772595955
1012	1012	0.4256392788120495
1009	1010	2.166970633662301
=========================

Tempo:425018.03466666664
Destinazione	 NEXTHOP	 Costo
1000	1010	4.781336358085682
1010	1010	0.5276276701614876
1008	1010	2.5688509505877515
1007	1010	2.939830264422981
1006	1010	2.6934708451473224
1005	1010	3.041448430637049
1004	1010	3.3894260161267757
1003	1010	3.7374036016165024
1014	1013	3.0785898602458284
1002	1010	4.085381187106229
1013	1013	1.5225025216101051
1001	1010	4.433358772595955
1012	1012	0.4256392788120495
1009	1010	2.166970633662301
=========================

Tempo:430018.03466666664
Destinazione	 NEXTHOP	 Costo
1000	1010	4.781336358085682
1010	1010	0.5276276701614876
1008	1010	2.5688509505877515
1007	1010	2.939830264422981
1006	1010	2.6934708451473224
1005	1010	3.041448430637049
1004	1010	3.3894260161267757
1003	1010	3.7374036016165024
1014	1013	3.0785898602458284
1002	1010	4.085381187106229
1013	1013	1.5225025216101051
1001	1010	4.433358772595955
1012	1012	0.4256392788120495
1009	1010	2.166970633662301
=========================

Tempo:430018.03466666664
Destinazione	 NEXTHOP	 Costo
1000	1010	4.781336358085682
1010	1010	0.4008918685424242
1008	1010	2.4421151489686883
1007	1010	2.8430070175111126
1006	1010	2.6934708451473224
1005	1010	3.041448430637049
1004	1010	3.3894260161267757
1003	1010	3.7374036016165024
1014	1013	3.0785898602458284
1002	1010	4.085381187106229
1013	1013	1.5225025216101051
1001	1010	4.433358772595955
1012	1012	0.4256392788120495
1009	1010	2.041223280426264
=========================

Tempo:430018.03466666664
Destinazione	 NEXTHOP	 Costo
1000	1010	4.781336358085682
1010	1010	0.4008918685424242
1008	1010	2.4421151489686883
1007	1010	2.8430070175111126
1006	1010	2.6934708451473224
1005	1010	3.041448430637049
1004	1010	3.3894260161267757
1003	1010	3.7374036016165024
1014	1013	3.0785898602458284
1002	1010	4.085381187106229
1013	1012	1.237383109318412
1001	1010	4.433358772595955
1012	1012	0.6778782340635107
1009	1010	2.041223280426264
=========================

Tempo:430018.03466666664
Destinazione	 NEXTHOP	 Costo
1000	1010	4.781336358085682
1010	1010	0.4008918685424242
1008	1010	2.4421151489686883
1007	1010	2.8430070175111126
1006	1010	2.6934708451473224
1005	1010	3.041448430637049
1004	1010	3.3894260161267757
1003	1010	3.7374036016165024
1014	1013	3.0785898602458284
1002	1010	4.085381187106229
1013	1013	1.6630338351116867
1001	1010	4.433358772595955
1012	1012	0.6778782340635107
1009	1010	2.041223280426264
=========================

Tempo:435018.03466666664
Destinazione	 NEXTHOP	 Costo
1000	1010	4.781336358085682
1010	1010	0.4513857884721221
1008	1010	2.4421151489686883
1007	1010	2.8430070175111126
1006	1010	2.6934708451473224
1005	1010	3.041448430637049
1004	1010	3.3894260161267757
1003	1010	3.7374036016165024
1014	1013	3.0785898602458284
1002	1010	4.085381187106229
1013	1013	1.6630338351116867
1001	1010	4.433358772595955
1012	1012	0.6778782340635107
1009	1010	2.041223280426264
=========================

Tempo:435018.03466666664
Destinazione	 NEXTHOP	 Costo
1000	1010	4.781336358085682
1010	1010	0.4513857884721221
1008	1010	2.4421151489686883
1007	1010	2.8430070175111126
1006	1010	2.6934708451473224
1005	1010	3.041448430637049
1004	1010	3.3894260161267757
1003	1010	3.7374036016165024
1014	1013	3.0785898602458284
1002	1010	4.085381187106229
1013	1013	1.6630338351116867
1001	1010	4.433358772595955
1012	1012	1.0894597206323018
1009	1010	2.041223280426264
=========================

Tempo:435018.03466666664
Destinazione	 NEXTHOP	 Costo
1000	1010	4.781336358085682
1010	1010	0.4513857884721221
1008	1010	2.4421151489686883
1007	1010	2.8430070175111126
1006	1010	2.6934708451473224
1005	1010	3.041448430637049
1004	1010	3.3894260161267757
1003	1010	3.7374036016165024
1014	1013	3.0785898602458284
1002	1010	4.085381187106229
1013	1013	2.0819058461460846
1001	1010	4.433358772595955
1012	1012	1.0894597206323018
1009	1010	2.041223280426264
=========================

Tempo:440018.03466666664
Destinazione	 NEXTHOP	 Costo
1000	1010	4.781336358085682
1010	1010	0.685806564469498
1008	1010	2.4421151489686883
1007	1010	2.8430070175111126
1006	1010	2.6934708451473224
1005	1010	3.041448430637049
1004	1010	3.3894260161267757
1003	1010	3.7374036016165024
1014	1013	3.0785898602458284
1002	1010	4.085381187106229
1013	1013	2.0819058461460846
1001	1010	4.433358772595955
1012	1012	1.0894597206323018
1009	1010	2.041223280426264
=========================

Tempo:440018.03466666664
Destinazione	 NEXTHOP	 Costo
1000	1010	4.781336358085682
1010	1010	0.685806564469498
1008	1010	2.4421151489686883
1007	1010	2.8430070175111126
1006	1010	2.6934708451473224
1005	1010	3.041448430637049
1004	1010	3.3894260161267757
1003	1010	3.7374036016165024
1014	1013	3.0785898602458284
1002	1010	4.085381187106229
1013	1013	2.0819058461460846
1001	1010	4.433358772595955
1012	1012	1.5815287399519495
1009	1010	2.041223280426264
=========================

Tempo:440018.03466666664
Destinazione	 NEXTHOP	 Costo
1000	1010	4.781336358085682
1010	1010	0.685806564469498
1008	1010	2.4421151489686883
1007	1010	2.8430070175111126
1006	1010	2.6934708451473224
1005	1010	3.041448430637049
1004	1010	3.3894260161267757
1003	1010	3.7374036016165024
1014	1013	3.0785898602458284
1002	1010	4.085381187106229
1013	1013	2.398529047743253
1001	1010	4.433358772595955
1012	1012	1.5815287399519495
1009	1010	2.041223280426264
=========================

Tempo:445018.03466666664
Destinazione	 NEXTHOP	 Costo
1000	1010	4.781336358085682
1010	1010	1.0739795440211573
1008	1010	2.4421151489686883
1007	1010	2.8430070175111126
1006	1010	2.6934708451473224
1005	1010	3.041448430637049
1004	1010	3.3894260161267757
1003	1010	3.7374036016165024
1014	1013	3.0785898602458284
1002	1010	4.085381187106229
1013	1013	2.398529047743253
1001	1010	4.433358772595955
1012	1012	1.5815287399519495
1009	1010	2.041223280426264
=========================

Tempo:445018.03466666664
Destinazione	 NEXTHOP	 Costo
1000	1010	4.781336358085682
1010	1010	1.0739795440211573
1008	1010	2.4421151489686883
1007	1010	2.8430070175111126
1006	1010	2.6934708451473224
1005	1010	3.041448430637049
1004	1010	3.3894260161267757
1003	1010	3.7374036016165024
1014	1012	2.860757195922311
1002	1010	4.085381187106229
1013	1012	2.1144195180457315
1001	1010	4.433358772595955
1012	1012	1.3318648439948306
1009	1010	2.041223280426264
=========================

Tempo:445018.03466666664
Destinazione	 NEXTHOP	 Costo
1000	1010	4.781336358085682
1010	1010	1.0739795440211573
1008	1010	2.4421151489686883
1007	1010	2.8430070175111126
1006	1010	2.6934708451473224
1005	1010	3.041448430637049
1004	1010	3.3894260161267757
1003	1010	3.7374036016165024
1014	1013	2.764777336252496
1002	1010	4.085381187106229
1013	1013	2.224521227610901
1001	1010	4.433358772595955
1012	1012	1.3318648439948306
1009	1010	2.041223280426264
=========================

Tempo:450018.03466666664
Destinazione	 NEXTHOP	 Costo
1000	1010	4.781336358085682
1010	1010	1.545457048499447
1008	1010	2.4421151489686883
1007	1010	2.8430070175111126
1006	1010	2.6934708451473224
1005	1010	3.041448430637049
1004	1010	3.3894260161267757
1003	1010	3.7374036016165024
1014	1013	2.764777336252496
1002	1010	4.085381187106229
1013	1013	2.224521227610901
1001	1010	4.433358772595955
1012	1012	1.3318648439948306
1009	1010	2.041223280426264
=========================

Tempo:450018.03466666664
Destinazione	 NEXTHOP	 Costo
1000	1010	4.781336358085682
1010	1010	1.545457048499447
1008	1010	2.4421151489686883
1007	1010	2.8430070175111126
1006	1010	2.6934708451473224
1005	1010	3.041448430637049
1004	1010	3.3894260161267757
1003	1010	3.7374036016165024
1014	1012	2.33869953774391
1002	1010	4.085381187106229
1013	1012	1.3555798642995118
1001	1010	4.433358772595955
1012	1012	0.8724324359182374
1009	1010	2.041223280426264
=========================

Tempo:450018.03466666664
Destinazione	 NEXTHOP	 Costo
1000	1010	4.781336358085682
1010	1010	1.545457048499447
1008	1010	2.4421151489686883
1007	1010	2.8430070175111126
1006	1010	2.6934708451473224
1005	1010	3.041448430637049
1004	1010	3.3894260161267757
1003	1010	3.7374036016165024
1014	1012	2.33869953774391
1002	1010	4.085381187106229
1013	1013	1.9571366608451795
1001	1010	4.433358772595955
1012	1012	0.8724324359182374
1009	1010	2.041223280426264
=========================

Tempo:455018.03466666664
Destinazione	 NEXTHOP	 Costo
1000	1010	4.781336358085682
1010	1010	1.6393429635008132
1008	1010	2.4421151489686883
1007	1010	2.8430070175111126
1006	1010	2.6934708451473224
1005	1010	3.041448430637049
1004	1010	3.3894260161267757
1003	1010	3.7374036016165024
1014	1012	2.33869953774391
1002	1010	4.085381187106229
1013	1013	1.9571366608451795
1001	1010	4.433358772595955
1012	1012	0.8724324359182374
1009	1010	2.041223280426264
=========================

Tempo:455018.03466666664
Destinazione	 NEXTHOP	 Costo
1000	1010	4.781336358085682
1010	1010	1.6393429635008132
1008	1010	2.4421151489686883
1007	1010	2.8430070175111126
1006	1010	2.6934708451473224
1005	1010	3.041448430637049
1004	1010	3.3894260161267757
1003	1010	3.7374036016165024
1014	1012	2.03459449737568
1002	1010	4.085381187106229
1013	1012	0.9072308733381098
1001	1010	4.433358772595955
1012	1012	0.5423662526509733
1009	1010	2.041223280426264
=========================

Tempo:455018.03466666664
Destinazione	 NEXTHOP	 Costo
1000	1010	4.781336358085682
1010	1010	1.6393429635008132
1008	1010	2.4421151489686883
1007	1010	2.8430070175111126
1006	1010	2.6934708451473224
1005	1010	3.041448430637049
1004	1010	3.3894260161267757
1003	1010	3.7374036016165024
1014	1012	2.03459449737568
1002	1010	4.085381187106229
1013	1013	1.733081486442804
1001	1010	4.433358772595955
1012	1012	0.5423662526509733
1009	1010	2.041223280426264
=========================

Tempo:455018.03466666664
Destinazione	 NEXTHOP	 Costo
1000	1010	4.781336358085682
1010	1010	1.6393429635008132
1008	1010	2.4421151489686883
1007	1010	2.8430070175111126
1006	1010	2.6934708451473224
1005	1010	3.041448430637049
1004	1010	3.3894260161267757
1003	1010	3.7374036016165024
1014	1012	2.03459449737568
1002	1010	4.085381187106229
1013	1013	1.733081486442804
1001	1010	4.433358772595955
1012	1012	0.5423662526509733
1009	1010	2.041223280426264
=========================

Tempo:460018.03466666664
Destinazione	 NEXTHOP	 Costo
1000	1010	4.781336358085682
1010	1010	1.6403314118838397
1008	1010	2.4421151489686883
1007	1010	2.8430070175111126
1006	1010	2.6934708451473224
1005	1010	3.041448430637049
1004	1010	3.3894260161267757
1015	1010	5.35660600985375
1003	1010	3.7374036016165024
1014	1012	2.03459449737568
1002	1010	4.085381187106229
1013	1013	1.733081486442804
1001	1010	4.433358772595955
1012	1012	0.5423662526509733
1009	1010	2.041223280426264
=========================

Tempo:460018.03466666664
Destinazione	 NEXTHOP	 Costo
1000	1010	4.781336358085682
1010	1010	1.6403314118838397
1008	1010	2.4421151489686883
1007	1010	2.8430070175111126
1006	1010	2.6934708451473224
1005	1010	3.041448430637049
1004	1010	3.3894260161267757
1015	1012	3.4785533983834744
1003	1010	3.7374036016165024
1014	1012	1.922466059747751
1002	1010	4.085381187106229
1013	1012	0.8256028169496954
1001	1010	4.433358772595955
1012	1012	0.3999635381376459
1009	1010	2.041223280426264
=========================

Tempo:460018.03466666664
Destinazione	 NEXTHOP	 Costo
1000	1010	4.781336358085682
1010	1010	1.6403314118838397
1008	1010	2.4421151489686883
1007	1010	2.8430070175111126
1006	1010	2.6934708451473224
1005	1010	3.041448430637049
1004	1010	3.3894260161267757
1015	1012	3.4785533983834744
1003	1010	3.7374036016165024
1014	1012	1.922466059747751
1002	1010	4.085381187106229
1013	1013	1.843970557286094
1001	1010	4.433358772595955
1012	1012	0.3999635381376459
1009	1010	2.041223280426264
=========================

Tempo:460018.03466666664
Destinazione	 NEXTHOP	 Costo
1000	1010	4.781336358085682
1010	1010	1.6403314118838397
1008	1010	2.4421151489686883
1007	1010	2.8430070175111126
1006	1010	2.6934708451473224
1005	1010	3.041448430637049
1004	1010	3.3894260161267757
1015	1012	3.4785533983834744
1003	1010	3.7374036016165024
1014	1014	2.081718364178026
1002	1010	4.085381187106229
1013	1013	1.843970557286094
1001	1010	4.433358772595955
1012	1012	0.3999635381376459
1009	1010	2.041223280426264
=========================

Tempo:465018.03466666664
Destinazione	 NEXTHOP	 Costo
1000	1010	4.781336358085682
1010	1010	1.643686866618403
1008	1010	2.4421151489686883
1007	1010	2.8430070175111126
1006	1010	2.6934708451473224
1005	1010	3.041448430637049
1004	1010	3.3894260161267757
1015	1012	3.4785533983834744
1003	1010	3.7374036016165024
1014	1014	2.081718364178026
1002	1010	4.085381187106229
1013	1013	1.843970557286094
1001	1010	4.433358772595955
1012	1012	0.3999635381376459
1009	1010	2.041223280426264
=========================

Tempo:465018.03466666664
Destinazione	 NEXTHOP	 Costo
1000	1010	4.781336358085682
1010	1010	1.643686866618403
1008	1010	2.4421151489686883
1007	1010	2.8430070175111126
1006	1010	2.6934708451473224
1005	1010	3.041448430637049
1004	1010	3.3894260161267757
1015	1012	3.4785533983834744
1003	1010	3.7374036016165024
1014	1014	2.081718364178026
1002	1010	4.085381187106229
1013	1012	1.1193679114722737
1001	1010	4.433358772595955
1012	1012	0.44148967740876294
1009	1010	2.041223280426264
=========================

Tempo:465018.03466666664
Destinazione	 NEXTHOP	 Costo
1000	1010	4.781336358085682
1010	1010	1.643686866618403
1008	1010	2.4421151489686883
1007	1010	2.8430070175111126
1006	1010	2.6934708451473224
1005	1010	3.041448430637049
1004	1010	3.3894260161267757
1015	1012	3.4785533983834744
1003	1010	3.7374036016165024
1014	1014	2.081718364178026
1002	1010	4.085381187106229
1013	1013	2.0757404237344987
1001	1010	4.433358772595955
1012	1012	0.44148967740876294
1009	1010	2.041223280426264
=========================

Tempo:465018.03466666664
Destinazione	 NEXTHOP	 Costo
1000	1010	4.781336358085682
1010	1010	1.643686866618403
1008	1010	2.4421151489686883
1007	1010	2.8430070175111126
1006	1010	2.6934708451473224
1005	1010	3.041448430637049
1004	1010	3.3894260161267757
1015	1014	3.153553517396439
1003	1010	3.7374036016165024
1014	1014	1.8574832572272835
1002	1010	4.085381187106229
1013	1013	2.0757404237344987
1001	1010	4.433358772595955
1012	1012	0.44148967740876294
1009	1010	2.041223280426264
=========================

Tempo:470018.03466666664
Destinazione	 NEXTHOP	 Costo
1000	1010	4.781336358085682
1010	1010	1.6425000015891547
1008	1010	2.4421151489686883
1007	1010	2.8430070175111126
1006	1010	2.6934708451473224
1005	1010	3.041448430637049
1004	1010	3.3894260161267757
1015	1014	3.153553517396439
1003	1010	3.7374036016165024
1014	1014	1.8574832572272835
1002	1010	4.085381187106229
1013	1013	2.0757404237344987
1001	1010	4.433358772595955
1012	1012	0.44148967740876294
1009	1010	2.041223280426264
=========================

Tempo:470018.03466666664
Destinazione	 NEXTHOP	 Costo
1000	1010	4.781336358085682
1010	1010	1.6425000015891547
1008	1010	2.4421151489686883
1007	1010	2.8430070175111126
1006	1010	2.6934708451473224
1005	1010	3.041448430637049
1004	1010	3.3894260161267757
1015	1014	3.153553517396439
1003	1010	3.7374036016165024
1014	1014	1.8574832572272835
1002	1010	4.085381187106229
1013	1012	1.7552844590515349
1001	1010	4.433358772595955
1012	1012	0.6658247384192331
1009	1010	2.041223280426264
=========================

Tempo:470018.03466666664
Destinazione	 NEXTHOP	 Costo
1000	1010	4.781336358085682
1010	1010	1.6425000015891547
1008	1010	2.4421151489686883
1007	1010	2.8430070175111126
1006	1010	2.6934708451473224
1005	1010	3.041448430637049
1004	1010	3.3894260161267757
1015	1014	3.153553517396439
1003	1010	3.7374036016165024
1014	1014	1.8574832572272835
1002	1010	4.085381187106229
1013	1013	2.346290832763184
1001	1010	4.433358772595955
1012	1012	0.6658247384192331
1009	1010	2.041223280426264
=========================

Tempo:470018.03466666664
Destinazione	 NEXTHOP	 Costo
1000	1010	4.781336358085682
1010	1010	1.6425000015891547
1008	1010	2.4421151489686883
1007	1010	2.8430070175111126
1006	1010	2.6934708451473224
1005	1010	3.041448430637049
1004	1010	3.3894260161267757
1015	1014	2.5368117485323096
1003	1010	3.7374036016165024
1014	1014	1.6889082662072248
1002	1010	4.085381187106229
1013	1013	2.346290832763184
1001	1010	4.433358772595955
1012	1012	0.6658247384192331
1009	1010	2.041223280426264
=========================

Tempo:475018.03466666664
Destinazione	 NEXTHOP	 Costo
1000	1010	4.781336358085682
1010	1010	1.628129833165582
1008	1010	2.4421151489686883
1007	1010	2.8430070175111126
1006	1010	2.6934708451473224
1005	1010	3.041448430637049
1004	1010	3.3894260161267757
1015	1014	2.5368117485323096
1003	1010	3.7374036016165024
1014	1014	1.6889082662072248
1002	1010	4.085381187106229
1013	1013	2.346290832763184
1001	1010	4.433358772595955
1012	1012	0.6658247384192331
1009	1010	2.041223280426264
=========================

Tempo:475018.03466666664
Destinazione	 NEXTHOP	 Costo
1000	1010	4.781336358085682
1010	1010	1.628129833165582
1008	1010	2.4421151489686883
1007	1010	2.8430070175111126
1006	1010	2.6934708451473224
1005	1010	3.041448430637049
1004	1010	3.3894260161267757
1015	1014	2.5368117485323096
1003	1010	3.7374036016165024
1014	1014	1.6889082662072248
1002	1010	4.085381187106229
1013	1013	2.346290832763184
1001	1010	4.433358772595955
1012	1012	1.041583062293714
1009	1010	2.041223280426264
=========================

Tempo:475018.03466666664
Destinazione	 NEXTHOP	 Costo
1000	1010	4.781336358085682
1010	1010	1.628129833165582
1008	1010	2.4421151489686883
1007	1010	2.8430070175111126
1006	1010	2.6934708451473224
1005	1010	3.041448430637049
1004	1010	3.3894260161267757
1015	1014	2.5368117485323096
1003	1010	3.7374036016165024
1014	1014	1.6889082662072248
1002	1010	4.085381187106229
1013	1013	2.282336268866487
1001	1010	4.433358772595955
1012	1012	1.041583062293714
1009	1010	2.041223280426264
=========================

Tempo:475018.03466666664
Destinazione	 NEXTHOP	 Costo
1000	1010	4.781336358085682
1010	1010	1.628129833165582
1008	1010	2.4421151489686883
1007	1010	2.8430070175111126
1006	1010	2.6934708451473224
1005	1010	3.041448430637049
1004	1010	3.3894260161267757
1015	1014	2.300004626288157
1003	1010	3.7374036016165024
1014	1014	1.7597485176465615
1002	1010	4.085381187106229
1013	1014	2.1959659009989663
1001	1010	4.433358772595955
1012	1012	1.041583062293714
1009	1010	2.041223280426264
=========================

Tempo:480018.03466666664
Destinazione	 NEXTHOP	 Costo
1000	1010	4.781336358085682
1010	1010	1.6055552846462637
1008	1010	2.4421151489686883
1007	1010	2.8430070175111126
1006	1010	2.6934708451473224
1005	1010	3.041448430637049
1004	1010	3.3894260161267757
1015	1014	2.300004626288157
1003	1010	3.7374036016165024
1014	1014	1.7597485176465615
1002	1010	4.085381187106229
1013	1014	2.1959659009989663
1001	1010	4.433358772595955
1012	1012	1.041583062293714
1009	1010	2.041223280426264
=========================

Tempo:480018.03466666664
Destinazione	 NEXTHOP	 Costo
1000	1010	4.781336358085682
1010	1010	1.6055552846462637
1008	1010	2.4421151489686883
1007	1010	2.8430070175111126
1006	1010	2.6934708451473224
1005	1010	3.041448430637049
1004	1010	3.3894260161267757
1015	1014	2.300004626288157
1003	1010	3.7374036016165024
1014	1014	1.7597485176465615
1002	1010	4.085381187106229
1013	1014	2.1959659009989663
1001	1010	4.433358772595955
1012	1012	1.495491617755486
1009	1010	2.041223280426264
=========================

Tempo:480018.03466666664
Destinazione	 NEXTHOP	 Costo
1000	1010	4.781336358085682
1010	1010	1.6055552846462637
1008	1010	2.4421151489686883
1007	1010	2.8430070175111126
1006	1010	2.6934708451473224
1005	1010	3.041448430637049
1004	1010	3.3894260161267757
1015	1014	2.300004626288157
1003	1010	3.7374036016165024
1014	1014	1.7597485176465615
1002	1010	4.085381187106229
1013	1013	2.285022432179787
1001	1010	4.433358772595955
1012	1012	1.495491617755486
1009	1010	2.041223280426264
=========================

Tempo:480018.03466666664
Destinazione	 NEXTHOP	 Costo
1000	1010	4.781336358085682
1010	1010	1.6055552846462637
1008	1010	2.4421151489686883
1007	1010	2.8430070175111126
1006	1010	2.6934708451473224
1005	1010	3.041448430637049
1004	1010	3.3894260161267757
1015	1014	2.300004626288157
1003	1010	3.7374036016165024
1014	1014	2.174262471138134
1002	1010	4.085381187106229
1013	1013	2.285022432179787
1001	1010	4.433358772595955
1012	1012	1.495491617755486
1009	1010	2.041223280426264
=========================

Tempo:480018.03466666664
Destinazione	 NEXTHOP	 Costo
1000	1010	4.781336358085682
1010	1010	1.6055552846462637
1008	1010	2.4421151489686883
1007	1010	2.8430070175111126
1006	1010	2.6934708451473224
1005	1010	3.041448430637049
1004	1010	3.3894260161267757
1015	1014	2.300004626288157
1003	1010	3.7374036016165024
1014	1014	2.174262471138134
1002	1010	4.085381187106229
1013	1013	2.285022432179787
1001	1010	4.433358772595955
1012	1012	1.495491617755486
1009	1010	2.041223280426264
=========================

Tempo:485018.03466666664
Destinazione	 NEXTHOP	 Costo
1000	1010	4.781336358085682
1010	1010	1.5781994014530396
1008	1010	2.4421151489686883
1007	1010	2.8430070175111126
1006	1010	2.6934708451473224
1005	1010	3.041448430637049
1004	1010	3.3894260161267757
1015	1014	2.300004626288157
1003	1010	3.7374036016165024
1014	1014	2.174262471138134
1002	1010	4.085381187106229
1013	1013	2.285022432179787
1001	1010	4.433358772595955
1012	1012	1.495491617755486
1009	1010	2.041223280426264
=========================

Tempo:485018.03466666664
Destinazione	 NEXTHOP	 Costo
1000	1010	4.781336358085682
1010	1010	1.5781994014530396
1008	1010	2.4421151489686883
1007	1010	2.8430070175111126
1006	1010	2.6934708451473224
1005	1010	3.041448430637049
1004	1010	3.3894260161267757
1015	1014	2.300004626288157
1003	1010	3.7374036016165024
1014	1014	2.174262471138134
1002	1010	4.085381187106229
1013	1013	2.285022432179787
1001	1010	4.433358772595955
1012	1012	1.5728457032914374
1009	1010	2.041223280426264
=========================

Tempo:485018.03466666664
Destinazione	 NEXTHOP	 Costo
1000	1010	4.781336358085682
1010	1010	1.5781994014530396
1008	1010	2.4421151489686883
1007	1010	2.8430070175111126
1006	1010	2.6934708451473224
1005	1010	3.041448430637049
1004	1010	3.3894260161267757
1015	1014	2.300004626288157
1003	1010	3.7374036016165024
1014	1014	2.174262471138134
1002	1010	4.085381187106229
1013	1013	2.4619091382746525
1001	1010	4.433358772595955
1012	1012	1.5728457032914374
1009	1010	2.041223280426264
=========================

Tempo:485018.03466666664
Destinazione	 NEXTHOP	 Costo
1000	1010	4.781336358085682
1010	1010	1.5781994014530396
1008	1010	2.4421151489686883
1007	1010	2.8430070175111126
1006	1010	2.6934708451473224
1005	1010	3.041448430637049
1004	1010	3.3894260161267757
1003	1010	3.7374036016165024
1002	1010	4.085381187106229
1013	1013	2.4619091382746525
1001	1010	4.433358772595955
1012	1012	1.5728457032914374
1009	1010	2.041223280426264
=========================

Tempo:485018.03466666664
Destinazione	 NEXTHOP	 Costo
1000	1010	4.781336358085682
1010	1010	1.5781994014530396
1008	1010	2.4421151489686883
1007	1010	2.8430070175111126
1006	1010	2.6934708451473224
1005	1010	3.041448430637049
1016	1015	3.7162745979699103
1004	1010	3.3894260161267757
1015	1015	2.1601872593341875
1003	1010	3.7374036016165024
1014	1015	2.6828871563715917
1002	1010	4.085381187106229
1013	1013	2.4619091382746525
1001	1010	4.433358772595955
1012	1012	1.5728457032914374
1009	1010	2.041223280426264
=========================

Tempo:490018.03466666664
Destinazione	 NEXTHOP	 Costo
1000	1010	4.781336358085682
1010	1010	1.5515611631753783
1008	1010	2.4421151489686883
1007	1010	2.8430070175111126
1006	1010	2.6934708451473224
1005	1010	3.041448430637049
1016	1015	3.7162745979699103
1004	1010	3.3894260161267757
1015	1015	2.1601872593341875
1003	1010	3.7374036016165024
1014	1015	2.6828871563715917
1002	1010	4.085381187106229
1013	1013	2.4619091382746525
1001	1010	4.433358772595955
1012	1012	1.5728457032914374
1009	1010	2.041223280426264
=========================

Tempo:490018.03466666664
Destinazione	 NEXTHOP	 Costo
1000	1010	4.781336358085682
1010	1010	1.5515611631753783
1008	1010	2.4421151489686883
1007	1010	2.8430070175111126
1006	1010	2.6934708451473224
1005	1010	3.041448430637049
1016	1015	3.7162745979699103
1004	1010	3.3894260161267757
1015	1015	2.1601872593341875
1003	1010	3.7374036016165024
1014	1015	2.6828871563715917
1002	1010	4.085381187106229
1013	1012	2.089002762583714
1001	1010	4.433358772595955
1012	1012	1.546636509932741
1009	1010	2.041223280426264
=========================

Tempo:490018.03466666664
Destinazione	 NEXTHOP	 Costo
1000	1010	4.781336358085682
1010	1010	1.5515611631753783
1008	1010	2.4421151489686883
1007	1010	2.8430070175111126
1006	1010	2.6934708451473224
1005	1010	3.041448430637049
1016	1015	3.7162745979699103
1004	1010	3.3894260161267757
1015	1015	2.1601872593341875
1003	1010	3.7374036016165024
1014	1015	2.6828871563715917
1002	1010	4.085381187106229
1013	1012	2.089002762583714
1001	1010	4.433358772595955
1012	1012	1.546636509932741
1009	1010	2.041223280426264
=========================

Tempo:490018.03466666664
Destinazione	 NEXTHOP	 Costo
1000	1010	4.781336358085682
1010	1010	1.5515611631753783
1008	1010	2.4421151489686883
1007	1010	2.8430070175111126
1006	1010	2.6934708451473224
1005	1010	3.041448430637049
1016	1015	3.5111755599301957
1004	1010	3.3894260161267757
1015	1015	1.9794701162485233
1003	1010	3.7374036016165024
1014	1015	2.6828871563715917
1002	1010	4.085381187106229
1013	1012	2.089002762583714
1001	1010	4.433358772595955
1012	1012	1.546636509932741
1009	1010	2.041223280426264
=========================

Tempo:495018.03466666664
Destinazione	 NEXTHOP	 Costo
1000	1010	4.781336358085682
1010	1010	1.5350981667064068
1008	1010	2.4421151489686883
1007	1010	2.8430070175111126
1006	1010	2.6934708451473224
1005	1010	3.041448430637049
1016	1015	3.5111755599301957
1004	1010	3.3894260161267757
1015	1015	1.9794701162485233
1003	1010	3.7374036016165024
1014	1015	2.6828871563715917
1002	1010	4.085381187106229
1013	1012	2.089002762583714
1001	1010	4.433358772595955
1012	1012	1.546636509932741
1009	1010	2.041223280426264
=========================

Tempo:495018.03466666664
Destinazione	 NEXTHOP	 Costo
1000	1010	4.781336358085682
1010	1010	1.5350981667064068
1008	1010	2.4421151489686883
1007	1010	2.8430070175111126
1006	1010	2.6934708451473224
1005	1010	3.041448430637049
1016	1015	3.5111755599301957
1004	1010	3.3894260161267757
1015	1015	1.9794701162485233
1003	1010	3.7374036016165024
1014	1015	2.6828871563715917
1002	1010	4.085381187106229
1013	1012	1.9304086773074751
1001	1010	4.433358772595955
1012	1012	1.5304451391698293
1009	1010	2.041223280426264
=========================

Tempo:495018.03466666664
Destinazione	 NEXTHOP	 Costo
1000	1010	4.781336358085682
1010	1010	1.5350981667064068
1008	1010	2.4421151489686883
1007	1010	2.8430070175111126
1006	1010	2.6934708451473224
1005	1010	3.041448430637049
1016	1015	3.5111755599301957
1004	1010	3.3894260161267757
1015	1015	2.2602788737962003
1003	1010	3.7374036016165024
1014	1015	2.6828871563715917
1002	1010	4.085381187106229
1013	1012	1.9304086773074751
1001	1010	4.433358772595955
1012	1012	1.5304451391698293
1009	1010	2.041223280426264
=========================

Tempo:500018.03466666664
Destinazione	 NEXTHOP	 Costo
1000	1010	4.781336358085682
1010	1010	1.5185899869332697
1008	1010	2.4421151489686883
1007	1010	2.8430070175111126
1006	1010	2.6934708451473224
1005	1010	3.041448430637049
1016	1015	3.5111755599301957
1004	1010	3.3894260161267757
1015	1015	2.2602788737962003
1003	1010	3.7374036016165024
1014	1015	2.6828871563715917
1002	1010	4.085381187106229
1013	1012	1.9304086773074751
1001	1010	4.433358772595955
1012	1012	1.5304451391698293
1009	1010	2.041223280426264
=========================

Tempo:500018.03466666664
Destinazione	 NEXTHOP	 Costo
1000	1010	4.781336358085682
1010	1010	1.5185899869332697
1008	1010	2.4421151489686883
1007	1010	2.8430070175111126
1006	1010	2.6934708451473224
1005	1010	3.041448430637049
1016	1015	3.5111755599301957
1004	1010	3.3894260161267757
1015	1015	2.2602788737962003
1003	1010	3.7374036016165024
1014	1015	2.6828871563715917
1002	1010	4.085381187106229
1013	1012	1.9304086773074751
1001	1010	4.433358772595955
1012	1012	1.51419515653553
1009	1010	2.041223280426264
=========================

Tempo:500018.03466666664
Destinazione	 NEXTHOP	 Costo
1000	1010	4.781336358085682
1010	1010	1.5185899869332697
1008	1010	2.4421151489686883
1007	1010	2.8430070175111126
1006	1010	2.6934708451473224
1005	1010	3.041448430637049
1004	1010	3.3894260161267757
1003	1010	3.7374036016165024
1002	1010	4.085381187106229
1013	1012	1.9304086773074751
1001	1010	4.433358772595955
1012	1012	1.51419515653553
1009	1010	2.041223280426264
=========================

Tempo:505018.03466666664
Destinazione	 NEXTHOP	 Costo
1000	1010	4.781336358085682
1010	1010	1.5098741888335507
1008	1010	2.4421151489686883
1007	1010	2.8430070175111126
1006	1010	2.6934708451473224
1005	1010	3.041448430637049
1016	1010	6.531437001242349
1004	1010	3.3894260161267757
1015	1010	4.999731557560676
1003	1010	3.7374036016165024
1014	1010	4.704407692300713
1002	1010	4.085381187106229
1013	1012	1.9304086773074751
1001	1010	4.433358772595955
1012	1012	1.51419515653553
1009	1010	2.041223280426264
=========================

Tempo:505018.03466666664
Destinazione	 NEXTHOP	 Costo
1000	1010	4.781336358085682
1010	1010	1.5098741888335507
1008	1010	2.4421151489686883
1007	1010	2.8430070175111126
1006	1010	2.6934708451473224
1005	1010	3.041448430637049
1016	1012	4.042436985792247
1004	1010	3.3894260161267757
1015	1012	3.1945335034671625
1003	1010	3.7374036016165024
1014	1012	3.8519160700231216
1002	1010	4.085381187106229
1013	1012	1.9304086773074751
1001	1010	4.433358772595955
1012	1012	1.5056252372599377
1009	1010	2.041223280426264
=========================

Tempo:510018.03466666664
Destinazione	 NEXTHOP	 Costo
1000	1010	4.781336358085682
1010	1010	1.0980626870926657
1008	1010	2.4421151489686883
1007	1010	2.8430070175111126
1006	1010	2.6934708451473224
1005	1010	3.041448430637049
1016	1012	4.042436985792247
1004	1010	3.3894260161267757
1015	1012	3.1945335034671625
1003	1010	3.7374036016165024
1014	1012	3.8519160700231216
1002	1010	4.085381187106229
1013	1012	1.9304086773074751
1001	1010	4.433358772595955
1012	1012	1.5056252372599377
1009	1010	2.041223280426264
=========================

Tempo:510018.03466666664
Destinazione	 NEXTHOP	 Costo
1000	1010	4.781336358085682
1010	1010	1.0980626870926657
1008	1010	2.4421151489686883
1007	1010	2.8430070175111126
1006	1010	2.6934708451473224
1005	1010	3.041448430637049
1016	1012	3.8003749041431503
1004	1010	3.3894260161267757
1015	1012	3.1945335034671625
1003	1010	3.7374036016165024
1014	1012	3.6963361788539597
1002	1010	4.085381187106229
1013	1012	1.9304086773074751
1001	1010	4.433358772595955
1012	1012	1.5003702778549937
1009	1010	2.041223280426264
=========================

Tempo:515018.03466666664
Destinazione	 NEXTHOP	 Costo
1000	1010	4.781336358085682
1010	1010	0.7118220111048512
1008	1010	2.4421151489686883
1007	1010	2.8430070175111126
1006	1010	2.6934708451473224
1005	1010	3.041448430637049
1016	1012	3.8003749041431503
1004	1010	3.3894260161267757
1015	1012	3.1945335034671625
1003	1010	3.7374036016165024
1014	1012	3.6963361788539597
1002	1010	4.085381187106229
1013	1012	1.9304086773074751
1001	1010	4.433358772595955
1012	1012	1.5003702778549937
1009	1010	2.041223280426264
=========================

Tempo:515018.03466666664
Destinazione	 NEXTHOP	 Costo
1000	1010	4.781336358085682
1010	1010	0.7118220111048512
1008	1010	2.4421151489686883
1007	1010	2.8430070175111126
1006	1010	2.6934708451473224
1005	1010	3.041448430637049
1016	1012	3.8003749041431503
1004	1010	3.3894260161267757
1015	1012	3.1945335034671625
1003	1010	3.7374036016165024
1014	1012	3.6963361788539597
1002	1010	4.085381187106229
1013	1012	1.9304086773074751
1001	1010	4.433358772595955
1012	1012	1.501290163108551
1009	1010	2.041223280426264
=========================

Tempo:520018.03466666664
Destinazione	 NEXTHOP	 Costo
1000	1010	4.781336358085682
1010	1010	0.6042655327521798
1008	1010	2.4421151489686883
1007	1010	2.8430070175111126
1006	1010	2.6934708451473224
1005	1010	3.041448430637049
1016	1012	3.8003749041431503
1004	1010	3.3894260161267757
1015	1012	3.1945335034671625
1003	1010	3.7374036016165024
1014	1012	3.6963361788539597
1002	1010	4.085381187106229
1013	1012	1.9304086773074751
1001	1010	4.433358772595955
1012	1012	1.501290163108551
1009	1010	2.041223280426264
=========================

Tempo:520018.03466666664
Destinazione	 NEXTHOP	 Costo
1000	1010	4.781336358085682
1010	1010	0.6042655327521798
1008	1010	2.4421151489686883
1007	1010	2.8430070175111126
1006	1010	2.6934708451473224
1017	1012	5.221494114863284
1005	1010	3.041448430637049
1016	1012	3.6654067762275613
1004	1010	3.3894260161267757
1015	1012	3.1945335034671625
1003	1010	3.7374036016165024
1014	1012	3.6963361788539597
1002	1010	4.085381187106229
1013	1012	1.9304086773074751
1001	1010	4.433358772595955
1012	1012	1.5052195168933737
1009	1010	2.041223280426264
=========================

Tempo:525018.0346666666
Destinazione	 NEXTHOP	 Costo
1000	1010	4.781336358085682
1010	1010	0.5667879941987448
1008	1010	2.4421151489686883
1007	1010	2.8430070175111126
1006	1010	2.6934708451473224
1017	1012	5.221494114863284
1005	1010	3.041448430637049
1016	1012	3.6654067762275613
1004	1010	3.3894260161267757
1015	1012	3.1945335034671625
1003	1010	3.7374036016165024
1014	1012	3.6963361788539597
1002	1010	4.085381187106229
1013	1012	1.9304086773074751
1001	1010	4.433358772595955
1012	1012	1.5052195168933737
1009	1010	2.041223280426264
=========================

Tempo:525018.0346666666
Destinazione	 NEXTHOP	 Costo
1000	1010	4.781336358085682
1010	1010	0.5667879941987448
1008	1010	2.4421151489686883
1007	1010	2.8430070175111126
1006	1010	2.6934708451473224
1017	1012	5.021562812408798
1005	1010	3.041448430637049
1016	1012	3.489857368727126
1004	1010	3.3894260161267757
1015	1012	3.1945335034671625
1003	1010	3.7374036016165024
1014	1012	3.599390015062317
1002	1010	4.085381187106229
1013	1012	1.9304086773074751
1001	1010	4.433358772595955
1012	1012	1.5103872524786026
1009	1010	2.041223280426264
=========================

Tempo:530018.0346666666
Destinazione	 NEXTHOP	 Costo
1000	1010	4.781336358085682
1010	1010	0.5990317303166448
1008	1010	2.4421151489686883
1007	1010	2.8430070175111126
1006	1010	2.6934708451473224
1017	1012	5.021562812408798
1005	1010	3.041448430637049
1016	1012	3.489857368727126
1004	1010	3.3894260161267757
1015	1012	3.1945335034671625
1003	1010	3.7374036016165024
1014	1012	3.599390015062317
1002	1010	4.085381187106229
1013	1012	1.9304086773074751
1001	1010	4.433358772595955
1012	1012	1.5103872524786026
1009	1010	2.041223280426264
=========================

Tempo:530018.0346666666
Destinazione	 NEXTHOP	 Costo
1000	1010	4.781336358085682
1010	1010	0.5990317303166448
1008	1010	2.4421151489686883
1007	1010	2.8430070175111126
1006	1010	2.6934708451473224
1017	1012	5.021562812408798
1005	1010	3.041448430637049
1016	1012	3.489857368727126
1004	1010	3.3894260161267757
1015	1012	3.1945335034671625
1003	1010	3.7374036016165024
1014	1012	3.444748707608846
1002	1010	4.085381187106229
1013	1012	1.9304086773074751
1001	1010	4.433358772595955
1012	1012	1.5143400303013708
1009	1010	2.041223280426264
=========================

Tempo:535018.0346666666
Destinazione	 NEXTHOP	 Costo
1000	1010	4.781336358085682
1010	1010	0.7006874842453902
1008	1010	2.4421151489686883
1007	1010	2.8430070175111126
1006	1010	2.6934708451473224
1017	1012	5.021562812408798
1005	1010	3.041448430637049
1016	1012	3.489857368727126
1004	1010	3.3894260161267757
1015	1012	3.1945335034671625
1003	1010	3.7374036016165024
1014	1012	3.444748707608846
1002	1010	4.085381187106229
1013	1012	1.9304086773074751
1001	1010	4.433358772595955
1012	1012	1.5143400303013708
1009	1010	2.041223280426264
=========================

Tempo:535018.0346666666
Destinazione	 NEXTHOP	 Costo
1000	1010	4.781336358085682
1010	1010	0.7006874842453902
1008	1010	2.4421151489686883
1007	1010	2.8430070175111126
1006	1010	2.6934708451473224
1017	1012	5.021562812408798
1005	1010	3.041448430637049
1016	1012	3.489857368727126
1004	1010	3.3894260161267757
1015	1012	3.1945335034671625
1003	1010	3.7374036016165024
1014	1012	3.444748707608846
1002	1010	4.085381187106229
1013	1012	1.9304086773074751
1001	1010	4.433358772595955
1012	1012	1.5153981005559558
1009	1010	2.041223280426264
=========================
